-4.733333333333575865e+00,3.933333333334303461e+00,-8.000000000047293724e-01,-2.466666666665332741e+00,-7.999999999992724042e-01,-3.333333333339396631e-01,-3.533333333334667259e+00,-3.066666666665696539e+00,1.533333333334667259e+00,-2.666666666667879326e+00,2.000000000025465852e-01,3.799999999999272404e+00,-5.799999999999272404e+00,6.399999999999636202e+00,1.073333333333175688e+01,1.860000000000036380e+01,2.520000000000072760e+01,3.706666666666569654e+01,4.180000000000109139e+01,4.160000000000036380e+01,4.726666666666824312e+01,5.426666666666642413e+01,5.286666666666496894e+01,5.040000000000145519e+01,4.733333333333393966e+01,4.719999999999890861e+01,4.826666666666460515e+01,5.293333333333430346e+01,4.213333333333321207e+01,3.620000000000072760e+01,3.260000000000036380e+01,2.173333333333357587e+01,1.179999999999927240e+01,4.666666666671517305e-01,8.999999999998181011e+00,-2.999999999998181011e+00,-6.066666666667515528e+00,-6.199999999998908606e+00,-5.333333333333939663e+00,-2.333333333333939663e+00,-7.799999999999272404e+00,-4.666666666667879326e+00,-6.800000000001091394e+00,-5.733333333333575865e+00,-7.333333333332120674e+00,-1.280000000000109139e+01,-6.933333333334303461e+00,-1.140000000000145519e+01,2.133333333335031057e+00,-8.333333333330301684e+00,-8.666666666667879326e-01,-5.199999999998908606e+00,-8.466666666667151731e+00,-6.600000000002182787e+00,-8.866666666666787933e+00,-1.200000000002546585e+00,-1.159999999999672582e+01,-6.666666666667879326e+00,-6.466666666665332741e+00,-6.733333333333575865e+00,-1.066666666667515528e+00,-5.399999999999636202e+00,-3.799999999999272404e+00,-8.133333333331393078e+00,-5.266666666666424135e+00,-9.399999999999636202e+00,-8.800000000001091394e+00,-2.666666666667879326e+00,-5.466666666665332741e+00,-1.466666666667151731e+00,-5.866666666664968943e+00,-7.333333333353948547e-01,-6.266666666664605145e+00,-2.866666666666787933e+00,-9.333333333343034610e-01,-2.533333333336486248e+00,-7.400000000001455192e+00,-3.666666666666060337e+00,-3.733333333333575865e+00,-4.133333333329574089e+00,-2.000000000001818989e+00,-2.933333333332484472e+00,-5.266666666666424135e+00,-1.999999999998181011e+00,-7.600000000000363798e+00,-3.933333333334303461e+00,-1.933333333332484472e+00,-3.200000000000727596e+00,-4.533333333334667259e+00,-6.333333333333939663e+00,-6.733333333331756876e+00,2.133333333333212067e+00,1.133333333333212067e+00,-5.133333333333212067e+00,-9.999999999981810106e-01,-4.866666666668606922e+00,-6.666666666569653898e-02,2.866666666663149954e+00,-4.066666666665696539e+00,3.866666666666787933e+00,2.466666666667151731e+00,-3.466666666665332741e+00,1.933333333334303461e+00,-3.466666666665332741e+00,-8.666666666686069220e-01,3.266666666668243124e+00,-7.800000000001091394e+00,-7.866666666664968943e+00,-2.000000000007275958e-01,-3.600000000000363798e+00,2.000000000001818989e+00,-3.200000000004365575e+00,-3.333333333330301684e+00,-3.466666666670789709e+00,-5.000000000000000000e+00,-2.333333333332120674e+00,-3.533333333332848269e+00,-6.333333333332120674e+00,-8.000000000010913936e-01,-1.133333333333212067e+00,-5.733333333333575865e+00,1.733333333331756876e+00,5.333333333364862483e-01,2.666666666646051453e-01,-4.200000000000727596e+00,-1.666666666666060337e+00,-4.000000000000000000e+00,-2.399999999999636202e+00,-8.666666666667879326e-01,-7.800000000001091394e+00,-3.333333333333939663e+00,-3.800000000001091394e+00,-1.133333333331393078e+00,-3.933333333332484472e+00,-4.733333333331756876e+00,-2.333333333335758653e+00,-6.000000000003637979e-01,-3.999999999998181011e+00,-5.933333333334303461e+00,-3.199999999998908606e+00,-6.133333333331393078e+00,-1.666666666669698316e+00,-6.333333333330301684e+00,-5.066666666667515528e+00,3.333333333333939663e+00,-2.600000000000363798e+00,-2.733333333335394855e+00,3.999999999996362021e-01,-1.333333333332120674e+00,-8.666666666667879326e-01,-2.199999999998908606e+00,-5.600000000000363798e+00,-4.333333333333939663e+00,-2.600000000000363798e+00,-2.733333333331756876e+00,-2.733333333335394855e+00,-2.133333333333212067e+00,-2.466666666667151731e+00,-1.733333333333575865e+00,-1.466666666667151731e+00,-8.466666666667151731e+00,5.333333333346672589e-01,-6.333333333333939663e+00,-2.000000000000000000e+00,-3.533333333331029280e+00,-3.133333333335031057e+00,-9.333333333343034610e-01,4.399999999999636202e+00,-1.133333333331393078e+00,-6.000000000003637979e-01,-7.333333333335758653e-01,-1.066666666665696539e+00,-2.866666666666787933e+00,6.666666666751552839e-02,-9.866666666666787933e+00,-1.133333333333212067e+00,-4.533333333334667259e+00,-3.399999999999636202e+00,-7.333333333353948547e-01,-1.266666666666424135e+00,-5.066666666665696539e+00,-2.533333333332848269e+00,-8.000000000001818989e+00,-9.333333333332120674e+00,-2.933333333334303461e+00,-4.333333333332120674e+00,-7.533333333334667259e+00,-3.333333333339396631e-01,-5.666666666666060337e+00,-2.066666666667515528e+00,-8.666666666667879326e-01,-2.199999999997089617e+00,3.333333333339396631e-01,-5.933333333332484472e+00,-5.199999999998908606e+00,-1.333333333350310568e-01,-8.333333333332120674e+00,-4.733333333337213844e+00,1.733333333335394855e+00,-5.666666666666060337e+00,-7.333333333335758653e-01,-2.266666666668243124e+00,-2.666666666664241347e-01,-2.399999999999636202e+00,-3.133333333333212067e+00,1.799999999999272404e+00,-4.933333333334303461e+00,-5.066666666665696539e+00,-1.800000000001091394e+00,7.333333333335758653e-01,-1.733333333333575865e+00,3.266666666668243124e+00,4.200000000000727596e+00,-1.933333333332484472e+00,1.533333333334667259e+00,-2.266666666668243124e+00,1.199999999998908606e+00,-9.399999999999636202e+00,1.866666666666787933e+00,-2.600000000000363798e+00,-1.133333333333393966e+01,6.666666666696983157e-01,-4.200000000000727596e+00,-2.733333333333575865e+00,-3.333333333333939663e+00,-5.000000000000000000e+00,-5.066666666669334518e+00,-3.733333333333575865e+00,-4.799999999999272404e+00,-5.400000000001455192e+00,-6.066666666665696539e+00,-3.733333333333575865e+00,-1.600000000000363798e+00,-3.666666666666060337e+00,3.600000000002182787e+00,2.399999999999636202e+00,-5.933333333334303461e+00,6.000000000021827873e-01,-3.333333333335758653e+00,-4.799999999997453415e+00,7.333333333335758653e-01,-6.666666666751552839e-02,-1.600000000000363798e+00,-2.733333333335394855e+00,-1.066666666665696539e+00,1.466666666667151731e+00,-5.333333333328482695e-01,-4.599999999998544808e+00,-6.466666666665332741e+00,-7.266666666670062114e+00,-1.133333333331393078e+00,3.133333333333212067e+00,-3.266666666668243124e+00,1.866666666666787933e+00,-1.066666666665696539e+00,-3.533333333332848269e+00,-5.333333333332120674e+00,-6.666666666751552839e-02,1.333333333332120674e+00,-1.133333333333212067e+00,-4.666666666664241347e+00,-3.866666666668606922e+00,3.133333333335031057e+00,1.199999999997089617e+00,3.533333333336486248e+00,-4.400000000003274181e+00,-3.866666666664968943e+00,-1.733333333335394855e+00,-4.199999999998908606e+00,9.333333333343034610e-01,-2.466666666667151731e+00,-1.600000000002182787e+00,-4.599999999998544808e+00,1.333333333332120674e-01,-1.066666666667515528e+00,1.200000000000727596e+00,-3.399999999999636202e+00,-3.333333333339396631e-01,4.200000000000727596e+00,-5.200000000000727596e+00,1.866666666664968943e+00,-3.399999999999636202e+00,2.666666666682431241e-01,-1.399999999999636202e+00,-1.733333333333575865e+00,2.466666666667151731e+00,4.000000000000000000e+00,-4.666666666689707199e-01,-2.733333333331756876e+00,-7.999999999992724042e-01,-4.266666666668243124e+00,-5.999999999985448085e-01,-3.466666666665332741e+00,-7.333333333335758653e+00,4.600000000000363798e+00,-3.000000000000000000e+00,2.933333333332484472e+00,-3.666666666666060337e+00,-2.399999999999636202e+00,-5.733333333333575865e+00,-4.066666666667515528e+00,-5.466666666667151731e+00,-7.999999999992724042e-01,-4.666666666666060337e+00,-2.199999999998908606e+00,-1.866666666666787933e+00,2.866666666666787933e+00,-1.000000000001818989e+00,-7.999999999974534148e-01,-5.333333333333939663e+00,-1.733333333333575865e+00,-3.866666666664968943e+00,-3.133333333335031057e+00,-2.333333333333939663e+00
-3.533333333332848269e+00,-1.999999999989086064e-01,-8.666666666667879326e-01,-7.000000000000000000e+00,1.200000000000727596e+00,-6.666666666933451779e-02,1.000000000000000000e+00,2.666666666664241347e-01,3.933333333334303461e+00,4.666666666653327411e-01,-6.066666666665696539e+00,1.200000000000727596e+00,3.333333333339396631e-01,7.266666666666424135e+00,1.720000000000072760e+01,2.119999999999890861e+01,2.553333333333648625e+01,2.299999999999818101e+01,2.826666666666642413e+01,2.900000000000000000e+01,2.779999999999927240e+01,2.713333333333139308e+01,2.906666666666933452e+01,2.666666666666606034e+01,3.153333333333284827e+01,3.306666666666569654e+01,2.273333333333357587e+01,2.833333333333212067e+01,1.973333333333539485e+01,1.493333333333248447e+01,9.666666666666060337e+00,4.866666666668606922e+00,3.933333333332484472e+00,5.333333333328482695e-01,-1.333333333350310568e-01,1.333333333350310568e-01,-1.600000000002182787e+00,-2.733333333329937886e+00,-8.666666666686069220e-01,-1.733333333329937886e+00,-2.066666666669334518e+00,4.666666666671517305e-01,-4.199999999998908606e+00,-2.733333333335394855e+00,-5.533333333332848269e+00,-5.666666666666060337e+00,-3.666666666667879326e+00,-4.333333333333939663e+00,-6.000000000000000000e+00,-6.333333333333939663e+00,-8.266666666666424135e+00,-4.133333333333212067e+00,-2.133333333333212067e+00,-4.533333333331029280e+00,-4.733333333333575865e+00,-3.733333333331756876e+00,-4.266666666668243124e+00,-4.466666666665332741e+00,-7.733333333333575865e+00,-7.066666666667515528e+00,-4.733333333333575865e+00,-6.866666666668606922e+00,-3.999999999998181011e+00,-4.400000000001455192e+00,-8.000000000000000000e+00,-3.000000000000000000e+00,-2.533333333332848269e+00,-4.266666666664605145e+00,-2.666666666667879326e+00,-5.266666666666424135e+00,-5.800000000001091394e+00,-6.533333333331029280e+00,-3.866666666670425911e+00,-2.799999999999272404e+00,-1.533333333332848269e+00,-2.466666666665332741e+00,-3.733333333333575865e+00,-4.066666666665696539e+00,-7.333333333335758653e-01,6.666666666569653898e-02,-3.066666666667515528e+00,-6.133333333333212067e+00,-3.466666666667151731e+00,-3.399999999999636202e+00,-4.599999999998544808e+00,1.733333333331756876e+00,1.800000000001091394e+00,-1.600000000000363798e+00,-4.666666666653327411e-01,-2.399999999999636202e+00,-7.999999999992724042e-01,4.600000000000363798e+00,2.066666666663877550e+00,1.200000000000727596e+00,-7.333333333353948547e-01,2.400000000001455192e+00,3.333333333339396631e-01,-2.066666666665696539e+00,3.333333333321206737e-01,3.866666666666787933e+00,-8.666666666667879326e-01,3.000000000000000000e+00,-2.000000000000000000e+00,4.466666666667151731e+00,3.666666666666060337e+00,1.933333333334303461e+00,-1.666666666667879326e+00,-2.866666666666787933e+00,-2.000000000000000000e+00,6.666666666933451779e-02,-3.400000000001455192e+00,-2.399999999999636202e+00,4.333333333333939663e+00,4.666666666653327411e-01,-4.066666666667515528e+00,-1.533333333332848269e+00,-1.266666666666424135e+00,1.466666666667151731e+00,-5.333333333333939663e+00,-2.000000000001818989e+00,-3.000000000000000000e+00,-8.466666666667151731e+00,-1.066666666665696539e+00,6.666666666660603369e-01,-8.666666666649689432e-01,1.333333333350310568e-01,-2.000000000000000000e+00,-4.133333333335031057e+00,-5.066666666667515528e+00,-3.333333333321206737e-01,-3.733333333333575865e+00,-5.400000000001455192e+00,-4.266666666666424135e+00,-2.399999999997817213e+00,-4.066666666667515528e+00,3.399999999999636202e+00,4.266666666666424135e+00,-3.533333333332848269e+00,-3.600000000002182787e+00,-4.199999999997089617e+00,-5.666666666666060337e+00,-2.600000000000363798e+00,-3.399999999999636202e+00,-2.466666666667151731e+00,-4.533333333336486248e+00,-4.733333333333575865e+00,-3.066666666667515528e+00,1.333333333350310568e-01,7.333333333335758653e-01,-1.266666666662786156e+00,-9.866666666668606922e+00,-5.200000000000727596e+00,-3.133333333333212067e+00,-2.533333333332848269e+00,-3.999999999996362021e-01,7.333333333317568759e-01,-1.399999999997817213e+00,1.333333333313930780e-01,-1.399999999999636202e+00,-2.000000000000000000e+00,-6.400000000001455192e+00,-1.399999999999636202e+00,-3.066666666663877550e+00,-4.466666666670789709e+00,-2.599999999996725819e+00,3.533333333332848269e+00,-2.133333333333212067e+00,-1.133333333333212067e+00,-4.266666666666424135e+00,-1.199999999998908606e+00,-1.666666666667879326e+00,-8.000000000010913936e-01,-6.599999999998544808e+00,-2.000000000000000000e+00,-4.466666666668970720e+00,5.333333333335758653e+00,-4.666666666667879326e+00,-3.666666666669698316e+00,-1.600000000000363798e+00,-3.399999999995998223e+00,-7.933333333334303461e+00,-3.333333333339396631e-01,-3.999999999996362021e-01,-8.000000000010913936e-01,-3.733333333333575865e+00,-2.466666666667151731e+00,-2.199999999998908606e+00,-1.800000000001091394e+00,8.000000000047293724e-01,3.666666666667879326e+00,-4.133333333335031057e+00,-1.600000000000363798e+00,-7.999999999992724042e-01,-3.133333333335031057e+00,-7.999999999992724042e-01,-2.000000000007275958e-01,-1.199999999998908606e+00,-2.600000000000363798e+00,-2.666666666666060337e+00,-8.000000000010913936e-01,-6.000000000003637979e-01,-3.133333333333212067e+00,3.733333333329937886e+00,-9.999999999998181011e+00,-6.266666666666424135e+00,1.818989403545856476e-12,9.333333333324844716e-01,-9.333333333343034610e-01,-8.666666666667879326e-01,-4.466666666667151731e+00,-1.066666666667515528e+00,-2.999999999996362021e+00,-1.866666666666787933e+00,-3.999999999998181011e+00,-2.800000000001091394e+00,-7.000000000000000000e+00,-6.000000000003637979e-01,-8.266666666668243124e+00,3.199999999998908606e+00,-4.800000000001091394e+00,-6.666666666751552839e-02,-3.266666666666424135e+00,-3.799999999999272404e+00,-4.733333333331756876e+00,8.666666666649689432e-01,-3.399999999999636202e+00,-3.799999999999272404e+00,-3.999999999978172127e-01,-2.800000000001091394e+00,-2.200000000000727596e+00,-1.399999999999636202e+00,1.199999999998908606e+00,2.066666666667515528e+00,-3.933333333332484472e+00,4.133333333333212067e+00,-6.199999999998908606e+00,8.666666666667879326e-01,-1.533333333332848269e+00,3.466666666667151731e+00,-7.000000000001818989e+00,3.666666666666060337e+00,-1.066666666667515528e+00,-6.199999999998908606e+00,9.333333333324844716e-01,-4.666666666671517305e-01,3.133333333331393078e+00,-2.266666666664605145e+00,-3.266666666664605145e+00,-2.266666666666424135e+00,-1.999999999989086064e-01,-2.000000000007275958e-01,-2.133333333335031057e+00,-1.666666666667879326e+00,-2.733333333333575865e+00,3.800000000001091394e+00,-5.866666666666787933e+00,-3.333333333332120674e+00,3.133333333333212067e+00,1.600000000002182787e+00,-5.333333333346672589e-01,-3.333333333333939663e+00,-3.533333333332848269e+00,-3.533333333332848269e+00,-5.333333333364862483e-01,-6.733333333333575865e+00,-1.866666666664968943e+00,-1.533333333332848269e+00,-3.133333333333212067e+00,-2.933333333332484472e+00,-1.200000000000727596e+00,3.999999999978172127e-01,6.000000000003637979e-01,-4.266666666664605145e+00,-3.000000000000000000e+00,-3.400000000001455192e+00,-2.266666666666424135e+00,-4.933333333332484472e+00,3.933333333334303461e+00,7.999999999992724042e-01,-2.666666666646051453e-01,-2.466666666668970720e+00,-2.800000000001091394e+00,6.000000000003637979e-01,1.999999999989086064e-01,-8.666666666649689432e-01,3.066666666665696539e+00,-3.600000000000363798e+00,-7.333333333299378864e-01,1.466666666665332741e+00,-9.333333333343034610e-01,-3.133333333333212067e+00,3.133333333333212067e+00,-3.800000000001091394e+00,-1.933333333332484472e+00,2.399999999997817213e+00,3.333333333357586525e-01,-2.666666666667879326e+00,-1.399999999997817213e+00,-3.199999999998908606e+00,-2.800000000001091394e+00,-6.666666666666060337e+00,2.733333333333575865e+00,-6.666666666751552839e-02,-2.333333333333939663e+00,-3.333333333321206737e-01,4.399999999999636202e+00,-3.599999999998544808e+00,-2.200000000000727596e+00,-1.999999999989086064e-01,-4.200000000002546585e+00,1.333333333333939663e+00,-7.333333333335758653e-01,-6.666666666660603369e-01,-2.666666666664241347e-01
6.666666666678793263e-01,-1.133333333333212067e+00,3.533333333331029280e+00,1.399999999999636202e+00,-3.599999999998544808e+00,2.666666666666060337e+00,-2.266666666664605145e+00,-2.733333333333575865e+00,-4.133333333331393078e+00,-4.533333333332848269e+00,-8.666666666667879326e-01,1.733333333331756876e+00,-2.666666666664241347e-01,3.866666666664968943e+00,7.400000000001455192e+00,7.733333333331756876e+00,9.266666666666424135e+00,2.800000000001091394e+00,7.733333333333575865e+00,1.419999999999890861e+01,1.226666666666642413e+01,1.920000000000072760e+01,1.379999999999927240e+01,1.500000000000000000e+01,1.626666666666642413e+01,1.046666666666715173e+01,1.393333333333612245e+01,8.866666666666787933e+00,1.139999999999963620e+01,3.999999999998181011e+00,0.000000000000000000e+00,5.533333333334667259e+00,9.133333333333212067e+00,4.866666666666787933e+00,-1.199999999998908606e+00,1.066666666667515528e+00,-5.000000000000000000e+00,-2.133333333335031057e+00,-6.666666666660603369e-01,-6.066666666665696539e+00,1.000000000000000000e+00,-4.399999999999636202e+00,9.999999999981810106e-01,-3.600000000000363798e+00,-2.000000000007275958e-01,3.000000000000000000e+00,-2.133333333335031057e+00,-7.199999999997089617e+00,-6.733333333333575865e+00,-6.000000000003637979e-01,-5.199999999998908606e+00,-4.199999999998908606e+00,-4.600000000002182787e+00,-3.999999999996362021e-01,-2.266666666668243124e+00,-3.999999999996362021e-01,2.666666666664241347e-01,-6.733333333331756876e+00,-5.199999999998908606e+00,1.466666666667151731e+00,-1.266666666666424135e+00,-4.066666666669334518e+00,-3.999999999978172127e-01,-1.266666666666424135e+00,-6.600000000002182787e+00,-6.200000000000727596e+00,-2.933333333334303461e+00,-1.333333333332120674e-01,-4.999999999998181011e+00,-2.200000000000727596e+00,-5.466666666667151731e+00,-5.199999999998908606e+00,4.066666666667515528e+00,5.600000000000363798e+00,-6.133333333333212067e+00,-6.866666666666787933e+00,-3.333333333339396631e-01,-4.933333333334303461e+00,-4.666666666653327411e-01,1.333333333332120674e+00,3.800000000001091394e+00,-1.399999999999636202e+00,-8.000000000029103830e-01,4.200000000002546585e+00,1.133333333333212067e+00,5.333333333328482695e-01,3.933333333330665482e+00,-2.599999999998544808e+00,-6.266666666668243124e+00,-1.199999999998908606e+00,7.999999999992724042e-01,-2.466666666665332741e+00,3.333333333333939663e+00,-3.333333333339396631e-01,-2.000000000007275958e-01,5.333333333346672589e-01,4.933333333334303461e+00,3.933333333332484472e+00,-1.333333333350310568e-01,-6.000000000021827873e-01,1.818989403545856476e-12,4.199999999998908606e+00,-1.000000000000000000e+00,8.800000000002910383e+00,3.600000000000363798e+00,2.866666666666787933e+00,3.266666666666424135e+00,2.533333333332848269e+00,1.333333333332120674e-01,1.600000000002182787e+00,-1.733333333335394855e+00,-2.000000000000000000e+00,2.066666666665696539e+00,-4.733333333331756876e+00,1.266666666666424135e+00,8.666666666649689432e-01,-7.066666666667515528e+00,8.666666666667879326e-01,-4.999999999998181011e+00,-1.333333333332120674e-01,-3.533333333332848269e+00,-3.466666666667151731e+00,2.266666666668243124e+00,4.066666666665696539e+00,-2.133333333333212067e+00,5.333333333328482695e-01,2.133333333333212067e+00,-4.600000000000363798e+00,-7.333333333353948547e-01,-6.666666666660603369e-01,3.400000000001455192e+00,8.666666666649689432e-01,2.666666666666060337e+00,-1.599999999996725819e+00,-5.066666666669334518e+00,1.933333333334303461e+00,2.399999999999636202e+00,-6.066666666665696539e+00,-9.999999999981810106e-01,-1.399999999999636202e+00,2.266666666666424135e+00,1.999999999989086064e-01,4.666666666671517305e-01,-1.333333333332120674e+00,1.466666666667151731e+00,-5.000000000001818989e+00,-2.333333333332120674e+00,-6.466666666667151731e+00,-1.666666666667879326e+00,2.133333333333212067e+00,-5.399999999999636202e+00,1.399999999997817213e+00,-1.266666666664605145e+00,-1.466666666667151731e+00,1.066666666663877550e+00,-1.666666666664241347e+00,-4.200000000002546585e+00,-2.399999999997817213e+00,1.066666666665696539e+00,-1.666666666666060337e+00,-1.399999999999636202e+00,-3.133333333331393078e+00,-3.666666666667879326e+00,1.199999999998908606e+00,-2.799999999999272404e+00,2.666666666669698316e+00,-3.200000000000727596e+00,7.333333333335758653e-01,-3.200000000000727596e+00,-1.133333333333212067e+00,-5.199999999998908606e+00,8.666666666667879326e-01,5.999999999985448085e-01,-2.799999999999272404e+00,-4.666666666671517305e-01,-5.733333333331756876e+00,1.533333333331029280e+00,7.533333333332848269e+00,1.133333333331393078e+00,-9.333333333324844716e-01,-2.000000000007275958e-01,-2.933333333334303461e+00,-2.000000000000000000e+00,-2.533333333331029280e+00,-4.333333333332120674e+00,-2.666666666664241347e-01,-5.000000000000000000e+00,-3.200000000002546585e+00,-3.333333333333939663e+00,-4.199999999997089617e+00,2.333333333332120674e+00,-7.999999999992724042e-01,-7.199999999998908606e+00,-6.333333333335758653e+00,-2.933333333330665482e+00,-1.199999999998908606e+00,-1.666666666667879326e+00,-1.799999999999272404e+00,5.999999999967258191e-01,-1.333333333332120674e-01,-3.533333333332848269e+00,-1.733333333333575865e+00,-1.066666666669334518e+00,-9.333333333306654822e-01,-4.600000000000363798e+00,-4.666666666671517305e-01,-5.933333333332484472e+00,2.000000000001818989e+00,-3.600000000000363798e+00,6.666666666660603369e-01,-2.666666666666060337e+00,-3.999999999996362021e-01,-6.000000000001818989e+00,-2.399999999999636202e+00,3.999999999996362021e-01,4.266666666666424135e+00,9.333333333343034610e-01,-3.333333333333939663e+00,-1.599999999998544808e+00,2.466666666665332741e+00,-3.466666666667151731e+00,1.933333333334303461e+00,6.666666666642413475e-01,6.333333333335758653e+00,3.866666666664968943e+00,-1.399999999997817213e+00,-6.133333333333212067e+00,-6.666666666569653898e-02,-2.933333333332484472e+00,-3.200000000000727596e+00,-6.866666666668606922e+00,-1.666666666666060337e+00,-8.000000000010913936e-01,-2.666666666664241347e-01,-5.333333333333939663e+00,-1.999999999989086064e-01,-2.066666666665696539e+00,-7.266666666668243124e+00,-4.999999999998181011e+00,-5.333333333333939663e+00,-4.399999999999636202e+00,3.466666666667151731e+00,-2.133333333331393078e+00,3.199999999998908606e+00,4.666666666671517305e-01,2.199999999998908606e+00,8.666666666667879326e-01,-2.133333333335031057e+00,-1.666666666664241347e+00,1.066666666667515528e+00,-1.333333333332120674e-01,6.666666666751552839e-02,2.666666666662422358e+00,1.600000000002182787e+00,-5.400000000005093170e+00,6.666666666751552839e-02,-1.999999999998181011e+00,3.333333333332120674e+00,-4.533333333331029280e+00,-7.266666666666424135e+00,-2.666666666666060337e+00,-3.866666666666787933e+00,2.466666666667151731e+00,1.666666666667879326e+00,-2.533333333336486248e+00,-3.200000000000727596e+00,9.333333333343034610e-01,-7.333333333330301684e+00,-6.666666666669698316e+00,5.333333333328482695e-01,3.466666666668970720e+00,-2.400000000001455192e+00,-5.333333333333939663e+00,-1.799999999999272404e+00,3.133333333333212067e+00,-3.066666666665696539e+00,-2.333333333333939663e+00,-1.533333333332848269e+00,-3.600000000000363798e+00,2.799999999999272404e+00,-3.199999999997089617e+00,-4.333333333335758653e+00,1.599999999998544808e+00,-8.666666666667879326e-01,-2.000000000007275958e-01,-1.066666666665696539e+00,2.666666666667879326e+00,1.399999999997817213e+00,5.533333333336486248e+00,-6.000000000021827873e-01,1.333333333335758653e+00,-7.999999999992724042e-01,-1.533333333334667259e+00,-1.399999999999636202e+00,-2.733333333333575865e+00,4.866666666666787933e+00,-1.066666666665696539e+00,-5.333333333346672589e-01,9.333333333343034610e-01,-2.200000000000727596e+00,-4.000000000000000000e+00,-2.333333333333939663e+00,-2.866666666666787933e+00,-7.666666666667879326e+00,-2.866666666666787933e+00,-1.066666666667515528e+00,-3.199999999997089617e+00,-1.066666666667515528e+00,1.199999999998908606e+00,-1.199999999998908606e+00,-2.000000000000000000e+00,5.333333333346672589e-01,-3.533333333334667259e+00,-2.000000000000000000e+00
2.266666666664605145e+00,-1.800000000001091394e+00,1.333333333332120674e-01,-1.333333333332120674e+00,-2.866666666666787933e+00,-1.733333333333575865e+00,-6.666666666751552839e-02,-2.866666666664968943e+00,-1.066666666665696539e+00,2.666666666666060337e+00,-1.399999999999636202e+00,2.533333333332848269e+00,-2.133333333333212067e+00,6.000000000000000000e+00,9.333333333333939663e+00,8.466666666667151731e+00,8.533333333334667259e+00,6.399999999997817213e+00,7.600000000000363798e+00,8.199999999998908606e+00,1.279999999999745341e+01,7.066666666667515528e+00,1.353333333333284827e+01,1.540000000000145519e+01,1.146666666666715173e+01,1.279999999999927240e+01,1.800000000000000000e+01,1.186666666666678793e+01,5.199999999998908606e+00,3.933333333334303461e+00,5.333333333346672589e-01,9.000000000000000000e+00,6.933333333332484472e+00,2.200000000002546585e+00,4.133333333331393078e+00,3.333333333332120674e+00,2.799999999999272404e+00,4.666666666666060337e+00,-3.066666666665696539e+00,-1.933333333334303461e+00,-2.066666666663877550e+00,-7.466666666665332741e+00,-2.200000000000727596e+00,2.466666666667151731e+00,-1.933333333332484472e+00,-2.266666666668243124e+00,-5.133333333333212067e+00,-4.133333333335031057e+00,-2.666666666666060337e+00,-3.933333333334303461e+00,-5.133333333331393078e+00,-1.000000000001818989e+00,-5.866666666666787933e+00,-2.733333333333575865e+00,-3.133333333331393078e+00,-5.733333333331756876e+00,-1.333333333333939663e+00,-7.333333333353948547e-01,-3.399999999999636202e+00,-2.333333333333939663e+00,5.333333333346672589e-01,-4.200000000000727596e+00,-1.266666666664605145e+00,-2.400000000001455192e+00,1.000000000000000000e+00,-1.133333333333212067e+00,-7.866666666666787933e+00,-4.533333333334667259e+00,0.000000000000000000e+00,8.000000000010913936e-01,2.666666666682431241e-01,-1.666666666667879326e+00,-2.133333333333212067e+00,-3.266666666666424135e+00,-2.333333333335758653e+00,-7.333333333332120674e+00,4.399999999999636202e+00,-2.333333333333939663e+00,2.266666666666424135e+00,-5.000000000000000000e+00,-1.333333333333939663e+00,3.733333333335394855e+00,1.933333333334303461e+00,2.666666666664241347e-01,-1.066666666665696539e+00,1.199999999998908606e+00,-2.666666666646051453e-01,6.666666666660603369e-01,4.733333333331756876e+00,3.399999999999636202e+00,-8.666666666704259114e-01,-5.133333333329574089e+00,1.066666666665696539e+00,-1.666666666666060337e+00,2.866666666666787933e+00,3.200000000000727596e+00,5.866666666666787933e+00,1.226666666666642413e+01,1.679999999999927240e+01,1.613333333333503106e+01,2.206666666666569654e+01,1.926666666666642413e+01,2.153333333333466726e+01,1.666666666666606034e+01,1.573333333333175688e+01,2.179999999999927240e+01,1.886666666666678793e+01,1.719999999999890861e+01,1.406666666666933452e+01,1.246666666666715173e+01,1.580000000000109139e+01,1.193333333333430346e+01,-2.933333333334303461e+00,-5.333333333335758653e+00,-6.000000000000000000e+00,-6.466666666668970720e+00,-3.933333333332484472e+00,-4.866666666664968943e+00,-6.000000000000000000e+00,-3.666666666666060337e+00,4.666666666671517305e-01,3.933333333330665482e+00,6.666666666678793263e-01,4.866666666666787933e+00,9.066666666667515528e+00,5.333333333333939663e+00,8.133333333333212067e+00,1.693333333333430346e+01,1.059999999999854481e+01,1.526666666666642413e+01,1.126666666666824312e+01,8.866666666666787933e+00,6.066666666667515528e+00,8.466666666667151731e+00,9.133333333333212067e+00,2.799999999999272404e+00,4.666666666653327411e-01,2.266666666666424135e+00,-2.066666666667515528e+00,3.266666666666424135e+00,3.799999999999272404e+00,4.066666666665696539e+00,6.666666666666060337e+00,3.600000000000363798e+00,4.866666666668606922e+00,-3.999999999996362021e-01,6.799999999999272404e+00,8.066666666667515528e+00,2.666666666666060337e+00,6.533333333331029280e+00,4.333333333335758653e+00,5.866666666666787933e+00,8.533333333331029280e+00,1.280000000000109139e+01,6.266666666666424135e+00,5.733333333333575865e+00,8.000000000010913936e-01,2.666666666646051453e-01,7.600000000002182787e+00,5.333333333346672589e-01,5.733333333331756876e+00,1.533333333332848269e+00,-2.200000000000727596e+00,4.666666666666060337e+00,8.600000000000363798e+00,1.866666666666787933e+00,-1.333333333333939663e+00,-1.866666666664968943e+00,-2.199999999998908606e+00,-7.866666666666787933e+00,-7.266666666668243124e+00,-6.999999999998181011e+00,-8.199999999998908606e+00,-9.000000000000000000e+00,-4.466666666667151731e+00,-5.333333333333939663e+00,-7.333333333332120674e+00,-5.733333333335394855e+00,-7.333333333332120674e+00,-1.426666666666642413e+01,-4.266666666666424135e+00,-4.000000000014551915e-01,-5.333333333333939663e+00,-7.133333333333212067e+00,-5.266666666666424135e+00,0.000000000000000000e+00,3.333333333339396631e-01,-1.066666666669334518e+00,-7.333333333333939663e+00,-1.066666666666606034e+01,-7.599999999996725819e+00,-2.266666666666424135e+00,-4.333333333333939663e+00,-1.266666666668243124e+00,-7.799999999999272404e+00,6.000000000003637979e-01,-2.266666666666424135e+00,4.666666666667879326e+00,5.733333333333575865e+00,7.866666666664968943e+00,-7.999999999992724042e-01,2.199999999998908606e+00,2.399999999999636202e+00,6.333333333335758653e+00,8.000000000000000000e+00,5.599999999998544808e+00,-2.666666666646051453e-01,3.933333333332484472e+00,1.933333333332484472e+00,4.000000000000000000e+00,-2.399999999999636202e+00,-2.666666666666060337e+00,-1.133333333333212067e+00,-5.799999999999272404e+00,-5.066666666667515528e+00,-3.266666666668243124e+00,-2.399999999999636202e+00,-8.799999999999272404e+00,-6.266666666666424135e+00,-4.399999999999636202e+00,-1.466666666665332741e+00,-1.733333333333575865e+00,-2.400000000001455192e+00,-7.000000000000000000e+00,4.666666666653327411e-01,-5.466666666667151731e+00,-6.866666666666787933e+00,-1.013333333333321207e+01,-4.733333333331756876e+00,-6.466666666667151731e+00,-6.800000000001091394e+00,-8.599999999998544808e+00,-1.333333333333939663e+00,-9.266666666664605145e+00,-7.066666666667515528e+00,-1.133333333333393966e+01,-2.733333333333575865e+00,-1.086666666666860692e+01,-1.200000000000727596e+00,-8.199999999998908606e+00,-5.133333333333212067e+00,-4.000000000000000000e+00,-5.333333333328482695e-01,-2.266666666668243124e+00,-5.599999999998544808e+00,-3.866666666666787933e+00,-2.866666666664968943e+00,-4.533333333334667259e+00,2.333333333333939663e+00,-2.800000000001091394e+00,-3.799999999999272404e+00,-7.000000000000000000e+00,-2.399999999999636202e+00,-4.333333333332120674e+00,-3.733333333333575865e+00,-4.666666666671517305e-01,-2.200000000000727596e+00,-6.666666666667879326e+00,-6.600000000000363798e+00,-1.266666666666424135e+00,-2.266666666666424135e+00,-6.600000000000363798e+00,-3.133333333331393078e+00,-6.333333333335758653e+00,-4.066666666663877550e+00,-2.800000000002910383e+00,-2.333333333333939663e+00,-1.200000000000727596e+00,-4.399999999999636202e+00,3.666666666666060337e+00,-1.466666666665332741e+00,7.933333333334303461e+00,7.866666666668606922e+00,8.266666666664605145e+00,6.399999999999636202e+00,4.200000000002546585e+00,1.033333333333212067e+01,2.800000000001091394e+00,6.066666666665696539e+00,7.933333333332484472e+00,7.400000000003274181e+00,4.266666666668243124e+00,7.866666666664968943e+00,7.533333333332848269e+00,-3.200000000000727596e+00,-1.466666666667151731e+00,-8.333333333332120674e+00,-6.466666666668970720e+00,-5.000000000001818989e+00,-8.333333333330301684e+00,-3.333333333332120674e+00,-4.733333333333575865e+00,-1.600000000000363798e+00,-1.799999999999272404e+00,-7.533333333336486248e+00,-6.333333333330301684e+00,-4.000000000001818989e+00,-6.133333333333212067e+00,-3.733333333333575865e+00,5.999999999985448085e-01,-2.999999999998181011e+00,-2.000000000000000000e+00,3.800000000001091394e+00,-4.333333333333939663e+00,-2.533333333332848269e+00,-7.466666666668970720e+00,-5.933333333332484472e+00,-3.066666666665696539e+00,-7.200000000000727596e+00,-2.933333333332484472e+00,-4.333333333332120674e+00,-5.200000000002546585e+00,-2.133333333335031057e+00,-3.266666666664605145e+00
4.666666666653327411e-01,-3.666666666666060337e+00,-5.333333333328482695e-01,-3.800000000001091394e+00,-2.399999999997817213e+00,-8.000000000010913936e-01,-1.733333333333575865e+00,-2.066666666667515528e+00,-1.799999999999272404e+00,1.066666666665696539e+00,-4.733333333333575865e+00,1.600000000000363798e+00,3.266666666666424135e+00,1.106666666666569654e+01,1.666666666667879326e+00,3.666666666666060337e+00,6.466666666665332741e+00,7.666666666666060337e+00,8.866666666668606922e+00,8.933333333332484472e+00,6.666666666667879326e+00,9.933333333332484472e+00,9.000000000000000000e+00,1.233333333333575865e+01,1.113333333333321207e+01,1.139999999999963620e+01,1.126666666666642413e+01,8.266666666666424135e+00,4.533333333334667259e+00,3.733333333331756876e+00,7.600000000000363798e+00,2.466666666665332741e+00,1.733333333333575865e+00,4.333333333333939663e+00,-1.066666666667515528e+00,4.466666666667151731e+00,-2.133333333333212067e+00,5.133333333333212067e+00,1.666666666666060337e+00,-1.533333333332848269e+00,-2.733333333333575865e+00,1.933333333334303461e+00,-2.466666666667151731e+00,-3.600000000000363798e+00,2.266666666668243124e+00,-1.666666666667879326e+00,-2.666666666666060337e+00,6.666666666642413475e-01,-5.266666666666424135e+00,-1.666666666664241347e+00,-4.266666666668243124e+00,-8.666666666667879326e-01,-6.333333333333939663e+00,-4.000000000000000000e+00,-3.333333333332120674e+00,-4.666666666671517305e-01,-8.600000000000363798e+00,-6.666666666569653898e-02,-1.333333333333939663e+00,-5.733333333333575865e+00,-1.266666666664605145e+00,3.666666666664241347e+00,-9.066666666665696539e+00,2.600000000000363798e+00,4.666666666653327411e-01,4.400000000001455192e+00,-2.000000000000000000e+00,6.000000000003637979e-01,-3.933333333332484472e+00,1.333333333313930780e-01,4.800000000001091394e+00,2.866666666666787933e+00,1.266666666668243124e+00,-8.000000000010913936e-01,3.333333333321206737e-01,-4.600000000000363798e+00,2.000000000007275958e-01,4.733333333331756876e+00,-4.000000000000000000e+00,-1.333333333332120674e-01,-4.199999999998908606e+00,-1.533333333332848269e+00,-1.933333333334303461e+00,-9.333333333324844716e-01,6.666666666660603369e-01,-4.533333333331029280e+00,3.333333333333939663e+00,-1.066666666667515528e+00,2.399999999997817213e+00,3.333333333339396631e-01,2.199999999998908606e+00,-2.000000000000000000e+00,7.066666666667515528e+00,3.933333333332484472e+00,2.199999999998908606e+00,3.333333333339396631e-01,4.600000000000363798e+00,-4.666666666671517305e-01,2.333333333335758653e+00,-2.533333333334667259e+00,6.000000000021827873e-01,-1.600000000002182787e+00,-2.333333333332120674e+00,-2.933333333332484472e+00,4.399999999999636202e+00,1.866666666666787933e+00,-1.066666666667515528e+00,-8.066666666665696539e+00,-1.533333333334667259e+00,-5.466666666667151731e+00,-4.399999999999636202e+00,-1.066666666667515528e+00,1.399999999999636202e+00,7.999999999992724042e-01,-3.999999999978172127e-01,-2.066666666667515528e+00,-1.066666666665696539e+00,2.133333333335031057e+00,3.333333333332120674e+00,-3.333333333333939663e+00,1.533333333332848269e+00,0.000000000000000000e+00,2.666666666664241347e-01,-2.800000000001091394e+00,1.333333333333939663e+00,2.000000000007275958e-01,3.333333333339396631e-01,-1.933333333332484472e+00,-4.000000000014551915e-01,2.600000000000363798e+00,-8.000000000010913936e-01,-2.466666666665332741e+00,-6.000000000021827873e-01,-4.533333333332848269e+00,-1.466666666665332741e+00,-5.600000000000363798e+00,-6.666666666569653898e-02,-1.333333333333939663e+00,8.666666666649689432e-01,-3.533333333331029280e+00,8.666666666649689432e-01,-2.866666666664968943e+00,-2.000000000007275958e-01,-3.266666666666424135e+00,-2.333333333333939663e+00,1.600000000000363798e+00,-1.933333333332484472e+00,-6.666666666751552839e-02,-2.466666666667151731e+00,-1.000000000000000000e+00,3.333333333332120674e+00,-2.866666666664968943e+00,0.000000000000000000e+00,2.000000000000000000e+00,2.266666666666424135e+00,4.199999999998908606e+00,9.333333333343034610e-01,2.266666666668243124e+00,2.533333333332848269e+00,-1.733333333333575865e+00,-2.600000000000363798e+00,4.600000000000363798e+00,-4.933333333334303461e+00,8.666666666686069220e-01,-6.666666666678793263e-01,-1.533333333334667259e+00,-7.333333333335758653e-01,2.466666666667151731e+00,-3.533333333332848269e+00,7.333333333335758653e-01,-4.866666666666787933e+00,-3.666666666666060337e+00,-3.800000000001091394e+00,-3.133333333333212067e+00,4.000000000001818989e+00,-6.000000000003637979e-01,-5.666666666666060337e+00,1.333333333332120674e+00,1.533333333334667259e+00,1.333333333332120674e-01,-2.333333333333939663e+00,7.999999999992724042e-01,-6.533333333332848269e+00,-7.333333333335758653e-01,4.666666666653327411e-01,-2.399999999999636202e+00,-2.133333333333212067e+00,1.400000000001455192e+00,-8.666666666667879326e-01,-5.200000000000727596e+00,-9.333333333324844716e-01,2.333333333332120674e+00,-2.000000000007275958e-01,-2.199999999998908606e+00,-9.333333333324844716e-01,-2.600000000000363798e+00,-9.333333333324844716e-01,7.333333333317568759e-01,-3.799999999999272404e+00,-7.466666666667151731e+00,-3.999999999996362021e-01,8.666666666649689432e-01,-2.866666666664968943e+00,-1.333333333333939663e+00,3.666666666666060337e+00,-1.133333333333212067e+00,-4.533333333332848269e+00,-2.399999999999636202e+00,-2.733333333333575865e+00,-2.066666666665696539e+00,7.333333333335758653e-01,-3.400000000001455192e+00,-2.666666666666060337e+00,1.999999999989086064e-01,2.933333333334303461e+00,-1.800000000001091394e+00,-4.933333333332484472e+00,2.000000000007275958e-01,7.333333333317568759e-01,-3.333333333333939663e+00,5.333333333328482695e-01,4.000000000014551915e-01,-1.066666666667515528e+00,3.733333333333575865e+00,-3.666666666666060337e+00,-4.466666666667151731e+00,-1.333333333332120674e+00,1.066666666667515528e+00,-1.666666666666060337e+00,1.333333333332120674e+00,-1.600000000000363798e+00,3.466666666665332741e+00,-2.333333333332120674e+00,-1.400000000001455192e+00,-4.999999999998181011e+00,-1.133333333333212067e+00,-3.000000000000000000e+00,8.666666666649689432e-01,-7.933333333332484472e+00,3.333333333339396631e-01,-7.999999999992724042e-01,-3.999999999996362021e-01,-3.666666666667879326e+00,-8.666666666649689432e-01,-3.000000000001818989e+00,-6.666666666678793263e-01,-1.266666666664605145e+00,-4.000000000014551915e-01,-2.733333333331756876e+00,1.333333333313930780e-01,-2.066666666667515528e+00,4.666666666671517305e-01,-2.199999999997089617e+00,2.466666666665332741e+00,-2.200000000000727596e+00,2.533333333334667259e+00,-7.333333333335758653e-01,7.333333333317568759e-01,1.066666666667515528e+00,-2.400000000001455192e+00,1.333333333333939663e+00,-2.799999999999272404e+00,-1.333333333333939663e+00,6.000000000003637979e-01,-2.666666666666060337e+00,-1.333333333332120674e-01,-3.999999999996362021e-01,-3.999999999996362021e-01,-3.333333333333939663e+00,5.266666666666424135e+00,-2.199999999998908606e+00,-2.000000000001818989e+00,2.866666666666787933e+00,-4.000000000000000000e+00,-2.933333333332484472e+00,-3.466666666667151731e+00,2.000000000000000000e+00,7.999999999992724042e-01,-3.066666666665696539e+00,3.333333333339396631e-01,-2.199999999998908606e+00,-2.866666666666787933e+00,1.333333333332120674e-01,7.333333333335758653e-01,-7.800000000000181899e+00,-1.333333333341215621e-01,-6.000000000003637979e-01,-4.200000000001637090e+00,2.000000000007275958e-01,-1.999999999999090505e+00,7.333333333326663706e-01,-5.799999999999272404e+00,-3.866666666665878438e+00,-2.866666666666787933e+00,-2.400000000000545697e+00,-1.999999999998181011e-01,1.333333333332120674e-01,-4.733333333332666371e+00,-6.666666666678793263e-01,-2.133333333333212067e+00,-3.399999999999636202e+00,1.333333333332120674e-01,-3.599999999999454303e+00,1.599999999999454303e+00,-2.666666666673336294e-01,-6.666666666660603369e-01,2.466666666665332741e+00,2.666666666673336294e-01,2.199999999999818101e+00,-1.133333333332302573e+00,-1.333333333332120674e-01,6.666666666660603369e-02,1.000000000000000000e+00,-5.333333333328482695e-01
-1.533333333332848269e+00,2.533333333332848269e+00,9.999999999981810106e-01,-7.999999999974534148e-01,-5.733333333335394855e+00,1.066666666669334518e+00,3.400000000001455192e+00,-3.733333333335394855e+00,-4.266666666666424135e+00,3.333333333339396631e-01,-3.666666666667879326e+00,4.666666666671517305e-01,-7.999999999992724042e-01,3.933333333334303461e+00,1.379999999999745341e+01,2.746666666666715173e+01,2.206666666666751553e+01,2.493333333333248447e+01,2.520000000000254659e+01,3.099999999999818101e+01,2.426666666666642413e+01,2.506666666666569654e+01,2.900000000000000000e+01,3.406666666666569654e+01,3.019999999999890861e+01,3.893333333333430346e+01,3.240000000000327418e+01,3.706666666666387755e+01,2.766666666666787933e+01,1.946666666666533274e+01,1.146666666666533274e+01,1.673333333333539485e+01,1.313333333333321207e+01,6.200000000000727596e+00,5.200000000000727596e+00,1.093333333333066548e+01,5.933333333334303461e+00,2.466666666667151731e+00,-1.333333333332120674e+00,3.000000000000000000e+00,2.399999999999636202e+00,1.818989403545856476e-12,-2.533333333334667259e+00,-1.733333333333575865e+00,-2.666666666666060337e+00,-2.866666666668606922e+00,-5.399999999997817213e+00,-6.400000000003274181e+00,-6.666666666387754958e-02,-3.133333333335031057e+00,-9.399999999999636202e+00,-3.333333333332120674e+00,2.933333333332484472e+00,-4.666666666671517305e-01,-3.266666666668243124e+00,-3.933333333332484472e+00,-5.799999999999272404e+00,-3.799999999999272404e+00,-2.000000000000000000e+00,-3.866666666664968943e+00,-6.800000000001091394e+00,-7.333333333335758653e+00,-9.266666666664605145e+00,-4.333333333333939663e+00,-2.466666666667151731e+00,-2.733333333333575865e+00,-8.666666666667879326e-01,-8.800000000001091394e+00,-4.733333333331756876e+00,-3.399999999999636202e+00,-4.266666666668243124e+00,-1.733333333333575865e+00,-2.000000000000000000e+00,-8.799999999999272404e+00,-2.133333333333212067e+00,-4.666666666653327411e-01,-2.266666666666424135e+00,1.799999999999272404e+00,-4.266666666666424135e+00,-2.799999999999272404e+00,-5.000000000000000000e+00,-4.133333333331393078e+00,-5.333333333346672589e-01,-1.466666666667151731e+00,-3.333333333333939663e+00,-1.533333333334667259e+00,-1.133333333331393078e+00,-2.533333333332848269e+00,8.666666666667879326e-01,-3.466666666667151731e+00,-4.000000000000000000e+00,3.333333333321206737e-01,2.733333333333575865e+00,1.066666666667515528e+00,1.733333333333575865e+00,9.533333333334667259e+00,3.133333333333212067e+00,3.333333333332120674e+00,4.999999999998181011e+00,2.866666666666787933e+00,3.999999999998181011e+00,1.066666666665696539e+00,-1.399999999999636202e+00,5.200000000000727596e+00,3.799999999999272404e+00,6.133333333333212067e+00,-2.266666666666424135e+00,2.000000000001818989e+00,-1.818989403545856476e-12,-6.533333333332848269e+00,-4.999999999998181011e+00,8.666666666686069220e-01,-1.666666666667879326e+00,-2.666666666666060337e+00,4.666666666671517305e-01,-3.133333333333212067e+00,1.999999999989086064e-01,-2.399999999999636202e+00,-4.400000000001455192e+00,-2.666666666664241347e-01,-3.600000000000363798e+00,5.266666666666424135e+00,-6.666666666678793263e-01,2.266666666668243124e+00,4.799999999999272404e+00,6.000000000003637979e-01,-9.333333333343034610e-01,-6.000000000003637979e-01,-3.799999999999272404e+00,-4.600000000000363798e+00,-3.999999999996362021e-01,-5.333333333333939663e+00,7.466666666668970720e+00,4.666666666671517305e-01,1.066666666667515528e+00,-3.200000000000727596e+00,-3.333333333332120674e+00,-4.666666666666060337e+00,-4.200000000000727596e+00,1.600000000000363798e+00,3.333333333321206737e-01,1.933333333332484472e+00,-8.666666666649689432e-01,6.266666666664605145e+00,3.600000000000363798e+00,0.000000000000000000e+00,2.800000000001091394e+00,-4.866666666666787933e+00,3.533333333332848269e+00,-8.066666666665696539e+00,-2.000000000025465852e-01,-3.666666666664241347e+00,3.733333333331756876e+00,1.933333333332484472e+00,-8.199999999998908606e+00,-6.933333333332484472e+00,-9.066666666667515528e+00,-6.533333333332848269e+00,-8.733333333331756876e+00,-3.733333333335394855e+00,-5.200000000000727596e+00,-1.866666666666787933e+00,-2.666666666666060337e+00,-8.600000000002182787e+00,-6.666666666569653898e-02,-8.666666666667879326e-01,-3.999999999996362021e-01,-7.866666666664968943e+00,-1.399999999999636202e+00,-6.666666666660603369e-01,2.399999999999636202e+00,1.066666666667515528e+00,-7.999999999992724042e-01,-3.800000000001091394e+00,-5.999999999998181011e+00,1.799999999995634425e+00,-6.399999999997817213e+00,-1.266666666668243124e+00,1.133333333333212067e+00,-1.933333333332484472e+00,-3.466666666665332741e+00,-5.066666666667515528e+00,-2.000000000000000000e+00,-5.399999999999636202e+00,1.999999999989086064e-01,-8.333333333333939663e+00,-4.799999999997453415e+00,-2.666666666664241347e-01,9.333333333306654822e-01,3.000000000001818989e+00,-8.066666666667515528e+00,-2.666666666667879326e+00,-1.666666666667879326e+00,-4.333333333333939663e+00,4.000000000032741809e-01,-2.133333333333212067e+00,3.266666666668243124e+00,-3.133333333333212067e+00,-6.666666666678793263e-01,-4.533333333331029280e+00,6.866666666664968943e+00,-1.133333333335031057e+00,-3.733333333333575865e+00,-3.466666666667151731e+00,-5.733333333333575865e+00,-1.199999999998908606e+00,3.999999999996362021e-01,-7.000000000000000000e+00,-3.733333333333575865e+00,-7.800000000001091394e+00,-4.799999999999272404e+00,-5.266666666666424135e+00,-3.266666666666424135e+00,-5.733333333331756876e+00,-1.666666666666060337e+00,-5.266666666666424135e+00,-1.333333333332120674e+00,1.000000000000000000e+00,-8.000000000010913936e-01,-5.600000000000363798e+00,-3.066666666665696539e+00,-5.933333333336122450e+00,-3.999999999996362021e-01,-2.599999999998544808e+00,-7.333333333335758653e-01,1.466666666667151731e+00,-5.666666666669698316e+00,6.666666666660603369e-01,-3.333333333339396631e-01,-1.999999999998181011e+00,-7.066666666667515528e+00,-5.399999999999636202e+00,-6.999999999998181011e+00,-4.666666666664241347e+00,-4.666666666689707199e-01,-1.333333333350310568e-01,-3.533333333332848269e+00,-1.999999999989086064e-01,-2.466666666667151731e+00,-2.333333333333939663e+00,-2.266666666666424135e+00,2.199999999998908606e+00,-3.000000000000000000e+00,-3.600000000000363798e+00,-4.799999999999272404e+00,1.066666666667515528e+00,1.399999999999636202e+00,-2.999999999998181011e+00,-1.733333333333575865e+00,6.666666666660603369e-01,-1.666666666666060337e+00,4.066666666665696539e+00,-2.666666666666060337e+00,-1.866666666666787933e+00,-4.466666666667151731e+00,-2.933333333334303461e+00,-3.133333333333212067e+00,-1.266666666666424135e+00,-3.999999999996362021e-01,-3.466666666667151731e+00,-2.066666666667515528e+00,-3.866666666666787933e+00,-1.066666666665696539e+00,-2.333333333333939663e+00,-5.466666666665332741e+00,-5.333333333332120674e+00,-5.199999999998908606e+00,-6.133333333336850046e+00,-1.199999999997089617e+00,2.666666666666060337e+00,-1.133333333335031057e+00,-2.533333333332848269e+00,-1.066666666669334518e+00,-3.399999999997817213e+00,2.399999999999636202e+00,-1.866666666664968943e+00,2.933333333332484472e+00,-2.466666666668970720e+00,6.666666666660603369e-01,-1.999999999989086064e-01,-3.333333333333939663e+00,-4.999999999998181011e+00,2.933333333332484472e+00,8.000000000010913936e-01,-3.866666666666787933e+00,-4.666666666666060337e+00,-1.133333333333212067e+00,-6.466666666667151731e+00,-3.200000000000727596e+00,-3.999999999998181011e+00,-1.533333333334667259e+00,-8.466666666667151731e+00,-1.999999999989086064e-01,-5.066666666665696539e+00,-2.666666666666060337e+00,-3.333333333321206737e-01,8.666666666649689432e-01,-1.533333333332848269e+00,-6.133333333333212067e+00,-3.733333333333575865e+00,-1.866666666668606922e+00,5.333333333328482695e-01,-1.466666666665332741e+00,-2.666666666667879326e+00,8.666666666686069220e-01,-4.933333333332484472e+00,-3.200000000000727596e+00,-1.399999999999636202e+00,-3.800000000001091394e+00,8.666666666649689432e-01,-6.666666666660603369e-01,-6.666666666667879326e+00,-8.133333333333212067e+00,2.733333333335394855e+00
1.818989403545856476e-12,2.666666666666060337e+00,-2.466666666665332741e+00,-4.666666666689707199e-01,-1.333333333332120674e+00,-6.666666666678793263e-01,-4.866666666666787933e+00,2.666666666664241347e-01,3.666666666667879326e+00,2.000000000007275958e-01,-4.799999999999272404e+00,-6.666666666751552839e-02,4.933333333332484472e+00,3.400000000001455192e+00,6.133333333331393078e+00,2.799999999999272404e+00,7.533333333332848269e+00,1.273333333333539485e+01,1.046666666666897072e+01,1.453333333333102928e+01,1.359999999999854481e+01,1.500000000000000000e+01,1.906666666666569654e+01,1.593333333333430346e+01,2.013333333333139308e+01,2.613333333333503106e+01,2.166666666666787933e+01,2.126666666666824312e+01,1.926666666666460515e+01,1.893333333333430346e+01,1.420000000000072760e+01,9.666666666666060337e+00,1.193333333333248447e+01,7.866666666666787933e+00,2.733333333331756876e+00,1.466666666668970720e+00,4.666666666666060337e+00,-2.066666666665696539e+00,2.000000000000000000e+00,-1.999999999989086064e-01,-2.400000000003274181e+00,-4.533333333331029280e+00,-5.133333333336850046e+00,-1.466666666663513752e+00,-1.013333333333321207e+01,-3.266666666666424135e+00,-3.200000000000727596e+00,-2.733333333333575865e+00,-4.866666666666787933e+00,-4.933333333334303461e+00,-2.733333333333575865e+00,-1.466666666665332741e+00,1.266666666666424135e+00,-5.399999999999636202e+00,-5.866666666666787933e+00,-7.666666666666060337e+00,-1.333333333333939663e+00,-4.399999999999636202e+00,-3.999999999996362021e-01,-6.666666666678793263e-01,4.000000000014551915e-01,-7.133333333335031057e+00,-6.199999999998908606e+00,-1.199999999998908606e+00,3.333333333321206737e-01,-4.733333333333575865e+00,1.333333333313930780e-01,-7.000000000000000000e+00,-5.466666666665332741e+00,6.666666666569653898e-02,-1.999999999989086064e-01,-3.733333333333575865e+00,-2.199999999998908606e+00,-3.666666666666060337e+00,1.733333333333575865e+00,-3.866666666666787933e+00,2.066666666665696539e+00,7.999999999992724042e-01,7.333333333353948547e-01,1.199999999998908606e+00,4.666666666666060337e+00,-1.533333333332848269e+00,3.066666666665696539e+00,5.466666666667151731e+00,-1.933333333332484472e+00,-2.666666666682431241e-01,-5.333333333328482695e-01,1.066666666665696539e+00,-1.199999999998908606e+00,5.333333333328482695e-01,2.200000000000727596e+00,1.733333333333575865e+00,2.200000000000727596e+00,1.400000000001455192e+00,-8.666666666667879326e-01,2.066666666665696539e+00,1.999999999970896170e-01,4.000000000014551915e-01,-9.333333333343034610e-01,2.466666666667151731e+00,7.666666666667879326e+00,3.600000000000363798e+00,4.666666666671517305e-01,2.799999999999272404e+00,-1.999999999989086064e-01,2.333333333332120674e+00,1.333333333332120674e+00,-1.333333333332120674e-01,-8.000000000010913936e-01,4.066666666667515528e+00,-2.666666666666060337e+00,5.333333333292102907e-01,3.733333333337213844e+00,2.133333333333212067e+00,4.000000000014551915e-01,-4.200000000002546585e+00,-1.666666666666060337e+00,1.333333333333939663e+00,-2.199999999998908606e+00,-1.133333333333212067e+00,1.133333333333212067e+00,-4.000000000014551915e-01,-1.199999999998908606e+00,-6.000000000003637979e-01,-1.133333333333212067e+00,-4.666666666671517305e-01,9.333333333324844716e-01,-1.666666666666060337e+00,-5.000000000001818989e+00,-1.399999999997817213e+00,-1.000000000000000000e+00,-1.799999999999272404e+00,-4.133333333333212067e+00,-9.333333333343034610e-01,-2.933333333332484472e+00,-2.733333333335394855e+00,-1.666666666666060337e+00,1.133333333333212067e+00,-2.333333333332120674e+00,-5.133333333333212067e+00,-8.666666666667879326e-01,-2.266666666666424135e+00,-2.866666666668606922e+00,2.466666666667151731e+00,-1.066666666667515528e+00,-5.333333333310292801e-01,-1.066666666665696539e+00,1.533333333334667259e+00,6.666666666387754958e-02,1.800000000001091394e+00,3.399999999999636202e+00,-1.800000000001091394e+00,-5.466666666665332741e+00,-8.000000000029103830e-01,1.800000000002910383e+00,-2.000000000007275958e-01,-2.000000000000000000e+00,1.399999999997817213e+00,-3.999999999978172127e-01,-1.266666666666424135e+00,-2.866666666666787933e+00,-2.666666666664241347e-01,-3.466666666668970720e+00,-3.866666666666787933e+00,-3.266666666666424135e+00,-7.799999999999272404e+00,-1.200000000000727596e+00,3.333333333335758653e+00,-1.733333333331756876e+00,-2.666666666682431241e-01,-3.933333333332484472e+00,1.000000000000000000e+00,-4.466666666667151731e+00,-1.799999999999272404e+00,-7.333333333335758653e-01,3.999999999996362021e-01,-4.600000000000363798e+00,2.000000000007275958e-01,1.533333333332848269e+00,1.066666666667515528e+00,5.333333333330301684e+00,-2.999999999998181011e+00,-3.133333333333212067e+00,2.599999999998544808e+00,6.799999999999272404e+00,5.733333333335394855e+00,3.600000000000363798e+00,5.133333333335031057e+00,3.599999999998544808e+00,6.866666666664968943e+00,4.133333333331393078e+00,1.240000000000145519e+01,9.733333333333575865e+00,5.533333333332848269e+00,6.399999999999636202e+00,3.666666666667879326e+00,1.013333333333321207e+01,5.800000000001091394e+00,5.999999999998181011e+00,-1.533333333334667259e+00,-1.599999999998544808e+00,-2.733333333331756876e+00,2.866666666666787933e+00,3.533333333334667259e+00,-1.933333333332484472e+00,-8.666666666667879326e-01,-8.666666666667879326e+00,-5.266666666670062114e+00,-3.733333333331756876e+00,-1.933333333332484472e+00,-4.066666666665696539e+00,-6.933333333334303461e+00,-3.400000000001455192e+00,-4.399999999999636202e+00,-3.133333333333212067e+00,2.399999999999636202e+00,0.000000000000000000e+00,-2.533333333331029280e+00,-6.533333333336486248e+00,-5.533333333334667259e+00,-2.466666666665332741e+00,5.733333333331756876e+00,-5.999999999949068297e-01,2.466666666665332741e+00,-4.066666666667515528e+00,-3.333333333332120674e+00,-4.000000000014551915e-01,4.666666666671517305e-01,-2.933333333332484472e+00,-5.399999999999636202e+00,-4.600000000004001777e+00,-1.866666666664968943e+00,-6.199999999998908606e+00,-5.066666666665696539e+00,-4.266666666666424135e+00,-1.933333333332484472e+00,-5.733333333335394855e+00,-6.066666666667515528e+00,-8.200000000000727596e+00,-5.999999999998181011e+00,-2.466666666667151731e+00,-5.799999999999272404e+00,-4.466666666667151731e+00,-3.333333333333939663e+00,6.000000000003637979e-01,-3.600000000002182787e+00,-5.333333333333939663e+00,-3.266666666666424135e+00,-4.666666666671517305e-01,-4.666666666653327411e-01,-5.000000000000000000e+00,-6.000000000000000000e+00,-1.933333333332484472e+00,3.999999999996362021e-01,-1.999999999989086064e-01,3.333333333357586525e-01,-3.000000000000000000e+00,1.399999999997817213e+00,-1.000000000000000000e+00,-3.133333333335031057e+00,-1.999999999989086064e-01,-1.066666666663877550e+00,1.199999999998908606e+00,-3.733333333335394855e+00,1.999999999989086064e-01,2.666666666664241347e-01,-1.266666666666424135e+00,-1.999999999989086064e-01,-1.733333333333575865e+00,-2.066666666667515528e+00,-2.800000000001091394e+00,4.600000000002182787e+00,-6.533333333334667259e+00,-2.933333333332484472e+00,1.600000000002182787e+00,3.666666666666060337e+00,-2.400000000001455192e+00,-2.266666666668243124e+00,-1.799999999999272404e+00,-3.266666666666424135e+00,-2.666666666664241347e+00,-2.799999999999272404e+00,-3.866666666666787933e+00,-4.933333333332484472e+00,9.333333333343034610e-01,-5.733333333333575865e+00,-8.533333333332848269e+00,-1.466666666668970720e+00,0.000000000000000000e+00,-1.126666666666642413e+01,-5.266666666668243124e+00,-1.399999999999636202e+00,-4.933333333334303461e+00,1.333333333350310568e-01,-1.666666666666060337e+00,-2.666666666667879326e+00,1.933333333334303461e+00,2.666666666646051453e-01,-2.933333333332484472e+00,-3.600000000000363798e+00,2.666666666682431241e-01,2.933333333334303461e+00,-6.666666666678793263e-01,-3.066666666667515528e+00,3.266666666666424135e+00,-5.466666666667151731e+00,-5.399999999999636202e+00,5.333333333346672589e-01,-2.000000000007275958e-01,9.333333333343034610e-01,-1.400000000001455192e+00,-4.733333333335394855e+00,-3.266666666664605145e+00,-2.533333333331029280e+00
2.800000000002910383e+00,-1.200000000000727596e+00,3.399999999999636202e+00,3.199999999998908606e+00,7.999999999992724042e-01,2.133333333335031057e+00,-2.133333333331393078e+00,-2.466666666668970720e+00,-3.533333333332848269e+00,1.066666666665696539e+00,-1.600000000000363798e+00,-1.399999999999636202e+00,-6.000000000003637979e-01,3.600000000002182787e+00,1.113333333333321207e+01,1.986666666666678793e+01,2.446666666666533274e+01,2.306666666666751553e+01,2.526666666666642413e+01,3.273333333333539485e+01,2.619999999999890861e+01,2.826666666666460515e+01,3.113333333333321207e+01,3.459999999999854481e+01,2.913333333333503106e+01,3.393333333333430346e+01,3.459999999999854481e+01,2.713333333333321207e+01,2.726666666666642413e+01,1.713333333333321207e+01,1.266666666666787933e+01,4.933333333334303461e+00,9.333333333324844716e-01,-2.800000000001091394e+00,-2.399999999997817213e+00,1.533333333329210291e+00,-2.799999999999272404e+00,-4.399999999999636202e+00,-3.399999999999636202e+00,-3.000000000000000000e+00,-8.399999999995998223e+00,-7.533333333334667259e+00,-1.933333333332484472e+00,-5.933333333334303461e+00,-7.533333333332848269e+00,-6.666666666666060337e+00,-8.399999999999636202e+00,1.333333333313930780e-01,-5.866666666668606922e+00,-3.066666666665696539e+00,-7.800000000001091394e+00,-4.933333333330665482e+00,-3.266666666668243124e+00,-5.466666666665332741e+00,-4.799999999999272404e+00,-4.466666666665332741e+00,3.666666666666060337e+00,-2.933333333336122450e+00,-6.133333333333212067e+00,-2.666666666667879326e+00,-7.799999999999272404e+00,-2.533333333334667259e+00,-4.333333333330301684e+00,-1.533333333332848269e+00,-6.399999999999636202e+00,-7.399999999999636202e+00,-7.133333333335031057e+00,-6.533333333332848269e+00,-5.266666666668243124e+00,-7.199999999998908606e+00,-1.733333333333575865e+00,-1.266666666666606034e+01,-7.466666666667151731e+00,-1.399999999999636202e+00,-2.399999999999636202e+00,1.999999999989086064e-01,5.333333333328482695e-01,-2.933333333334303461e+00,-3.066666666665696539e+00,-5.000000000001818989e+00,2.733333333337213844e+00,2.199999999998908606e+00,4.533333333334667259e+00,-1.400000000001455192e+00,2.733333333333575865e+00,1.866666666664968943e+00,-5.333333333328482695e-01,-2.000000000007275958e-01,-3.999999999996362021e+00,3.999999999978172127e-01,-6.599999999998544808e+00,-2.133333333335031057e+00,-2.666666666682431241e-01,6.666666666933451779e-02,3.799999999999272404e+00,-2.133333333333212067e+00,-3.999999999996362021e-01,-2.799999999999272404e+00,3.666666666666060337e+00,4.266666666666424135e+00,1.060000000000036380e+01,1.920000000000072760e+01,2.093333333333248447e+01,1.433333333333212067e+01,1.133333333333393966e+01,1.993333333333430346e+01,1.686666666666496894e+01,1.526666666666824312e+01,1.666666666666424135e+01,1.379999999999927240e+01,1.360000000000036380e+01,1.393333333333430346e+01,1.533333333333212067e+01,1.200000000000000000e+01,9.333333333335758653e+00,-3.999999999996362021e-01,-9.999999999981810106e-01,-2.400000000001455192e+00,-3.133333333333212067e+00,-2.733333333335394855e+00,-3.066666666665696539e+00,-5.266666666666424135e+00,-8.933333333334303461e+00,6.000000000021827873e-01,-2.266666666670062114e+00,-1.666666666664241347e+00,1.666666666666060337e+00,4.333333333333939663e+00,7.266666666666424135e+00,7.066666666665696539e+00,9.333333333333939663e+00,6.933333333332484472e+00,4.399999999997817213e+00,9.733333333335394855e+00,1.246666666666533274e+01,9.133333333335031057e+00,5.799999999999272404e+00,9.600000000004001777e+00,2.199999999998908606e+00,2.266666666664605145e+00,1.866666666666787933e+00,0.000000000000000000e+00,-2.799999999999272404e+00,-9.066666666667515528e+00,-3.666666666664241347e+00,-5.533333333334667259e+00,-1.166666666666787933e+01,-7.333333333332120674e+00,-5.399999999999636202e+00,-1.106666666666569654e+01,-1.006666666666751553e+01,-5.600000000002182787e+00,-5.266666666666424135e+00,-2.733333333331756876e+00,-8.200000000000727596e+00,-3.466666666665332741e+00,-7.133333333335031057e+00,-7.799999999999272404e+00,-4.400000000001455192e+00,-9.799999999999272404e+00,-8.333333333333939663e+00,-1.133333333331393078e+00,-6.133333333333212067e+00,-9.666666666666060337e+00,-3.866666666666787933e+00,-3.200000000000727596e+00,-4.200000000000727596e+00,-5.800000000001091394e+00,-5.799999999997453415e+00,1.600000000000363798e+00,-6.533333333334667259e+00,-4.133333333335031057e+00,-1.466666666663513752e+00,-1.400000000001455192e+00,-3.933333333334303461e+00,1.333333333350310568e-01,-5.866666666666787933e+00,-3.733333333333575865e+00,5.999999999985448085e-01,-6.399999999999636202e+00,-4.066666666669334518e+00,-2.866666666664968943e+00,-6.266666666666424135e+00,-6.333333333332120674e+00,-5.533333333332848269e+00,1.599999999998544808e+00,1.866666666664968943e+00,-5.533333333331029280e+00,-3.333333333333939663e+00,-4.600000000000363798e+00,-1.066666666666606034e+01,-4.866666666664968943e+00,-1.200000000000727596e+00,-3.666666666666060337e+00,-1.933333333334303461e+00,-2.799999999999272404e+00,-3.866666666668606922e+00,3.999999999996362021e-01,1.600000000000363798e+00,-3.866666666666787933e+00,-8.866666666666787933e+00,-9.933333333332484472e+00,-2.866666666666787933e+00,-5.133333333333212067e+00,5.333333333310292801e-01,4.000000000000000000e+00,-3.999999999996362021e-01,-4.933333333332484472e+00,-5.666666666662422358e+00,-3.266666666668243124e+00,-8.866666666664968943e+00,-3.800000000001091394e+00,-2.000000000000000000e+00,-7.666666666667879326e+00,-3.266666666668243124e+00,-1.266666666664605145e+00,1.799999999997453415e+00,-1.666666666666060337e+00,-2.466666666667151731e+00,-5.466666666663513752e+00,-7.400000000001455192e+00,-5.333333333332120674e+00,-7.066666666667515528e+00,-5.466666666667151731e+00,-9.333333333343034610e-01,-1.799999999999272404e+00,-8.266666666666424135e+00,-4.333333333333939663e+00,-4.533333333331029280e+00,-2.200000000000727596e+00,-1.666666666669698316e+00,-6.733333333333575865e+00,-3.533333333331029280e+00,-4.333333333335758653e+00,-4.866666666663149954e+00,-3.200000000000727596e+00,-2.399999999999636202e+00,-3.999999999996362021e-01,-2.066666666665696539e+00,-6.466666666668970720e+00,-1.799999999999272404e+00,1.333333333332120674e-01,-6.066666666667515528e+00,1.200000000002546585e+00,-3.933333333336122450e+00,-4.266666666666424135e+00,-2.533333333332848269e+00,-5.333333333333939663e+00,-1.733333333333575865e+00,-2.866666666664968943e+00,-3.866666666666787933e+00,-3.866666666666787933e+00,-4.200000000000727596e+00,-2.733333333333575865e+00,-6.666666666660603369e-01,9.999999999981810106e-01,-5.999999999985448085e-01,-2.133333333333212067e+00,-4.133333333333212067e+00,-1.066666666665696539e+00,-1.733333333333575865e+00,9.333333333324844716e-01,-1.066666666667515528e+00,-3.533333333331029280e+00,-3.266666666666424135e+00,-2.200000000000727596e+00,-2.866666666666787933e+00,-3.466666666667151731e+00,-2.666666666664241347e-01,-4.133333333333212067e+00,-5.600000000000363798e+00,-4.666666666671517305e-01,-2.399999999997817213e+00,-9.066666666667515528e+00,-5.800000000001091394e+00,-1.466666666667151731e+00,-6.066666666665696539e+00,-3.400000000001455192e+00,-4.066666666665696539e+00,-3.733333333333575865e+00,2.666666666664241347e-01,4.066666666667515528e+00,1.466666666663513752e+00,-1.666666666664241347e+00,-3.333333333357586525e-01,-3.266666666666424135e+00,-5.266666666664605145e+00,-1.666666666667879326e+00,6.200000000000727596e+00,1.666666666669698316e+00,-2.200000000000727596e+00,-5.933333333334303461e+00,-1.333333333332120674e-01,1.133333333333212067e+00,1.199999999997089617e+00,-4.133333333333212067e+00,-6.733333333331756876e+00,-5.266666666668243124e+00,-2.599999999998544808e+00,-1.199999999998908606e+00,1.266666666666424135e+00,4.333333333333939663e+00,-1.133333333333212067e+00,-4.400000000001455192e+00,-2.199999999998908606e+00,-1.733333333333575865e+00,1.333333333350310568e-01,-1.733333333333575865e+00,-2.266666666668243124e+00,-6.000000000003637979e-01,1.466666666667151731e+00,3.333333333357586525e-01,3.333333333303016843e-01,-3.999999999996362021e-01
-1.333333333350310568e-01,-2.333333333330301684e+00,1.066666666665696539e+00,-1.666666666666060337e+00,-2.533333333334667259e+00,-4.066666666665696539e+00,-2.800000000001091394e+00,1.733333333331756876e+00,2.533333333334667259e+00,-8.666666666667879326e-01,-2.866666666666787933e+00,-1.333333333350310568e-01,-1.333333333328482695e+00,1.139999999999963620e+01,2.666666666666606034e+01,3.226666666666824312e+01,3.753333333333284827e+01,4.026666666666460515e+01,4.039999999999963620e+01,4.273333333333357587e+01,4.553333333333284827e+01,4.500000000000000000e+01,4.233333333333393966e+01,3.993333333333430346e+01,4.313333333333321207e+01,4.120000000000072760e+01,4.273333333333175688e+01,3.786666666666496894e+01,2.706666666667115351e+01,1.473333333333357587e+01,6.333333333330301684e+00,-1.799999999999272404e+00,-1.200000000000727596e+00,-4.066666666665696539e+00,-9.266666666666424135e+00,-7.733333333333575865e+00,-3.733333333331756876e+00,-7.333333333333939663e+00,-5.400000000001455192e+00,-9.399999999999636202e+00,-7.333333333333939663e+00,-6.266666666668243124e+00,-8.333333333332120674e+00,-6.733333333333575865e+00,-3.666666666666060337e+00,-5.533333333332848269e+00,-7.399999999999636202e+00,-1.200000000000181899e+01,-7.466666666667151731e+00,-3.199999999998908606e+00,-6.799999999999272404e+00,-1.186666666666678793e+01,-8.266666666666424135e+00,-9.333333333333939663e+00,-9.199999999998908606e+00,-8.533333333334667259e+00,-1.100000000000181899e+01,-6.733333333331756876e+00,-8.933333333334303461e+00,-8.466666666665332741e+00,-6.600000000002182787e+00,-8.600000000000363798e+00,-6.333333333330301684e+00,-1.013333333333321207e+01,-4.133333333333212067e+00,-3.266666666666424135e+00,-5.200000000002546585e+00,-4.866666666666787933e+00,-2.399999999999636202e+00,-3.066666666665696539e+00,-3.733333333335394855e+00,-1.199999999998908606e+00,-6.733333333333575865e+00,-6.466666666663513752e+00,-3.866666666666787933e+00,-6.533333333332848269e+00,-1.000000000001818989e+00,-2.399999999999636202e+00,-1.600000000000363798e+00,-7.266666666668243124e+00,-6.799999999999272404e+00,-4.066666666665696539e+00,-2.600000000002182787e+00,-5.199999999997089617e+00,-4.800000000001091394e+00,-2.666666666666060337e+00,-2.666666666667879326e+00,-5.266666666666424135e+00,-2.933333333332484472e+00,-5.466666666667151731e+00,-1.999999999998181011e+00,-4.000000000000000000e+00,-7.333333333335758653e-01,-3.000000000000000000e+00,2.799999999999272404e+00,-5.333333333364862483e-01,1.000000000003637979e+00,5.333333333310292801e-01,2.666666666664241347e-01,2.533333333334667259e+00,-1.066666666667515528e+00,-5.799999999999272404e+00,5.333333333328482695e-01,1.066666666667515528e+00,-3.066666666667515528e+00,-2.200000000000727596e+00,-3.600000000000363798e+00,-1.466666666665332741e+00,-1.666666666664241347e+00,-6.200000000000727596e+00,-6.466666666667151731e+00,-5.866666666664968943e+00,-2.066666666667515528e+00,-3.666666666666060337e+00,-8.600000000000363798e+00,-2.800000000001091394e+00,-3.066666666669334518e+00,-1.333333333332120674e+00,-2.533333333331029280e+00,-4.666666666671517305e-01,-1.533333333334667259e+00,0.000000000000000000e+00,-5.666666666667879326e+00,-1.133333333333212067e+00,6.666666666660603369e-01,0.000000000000000000e+00,1.266666666668243124e+00,-6.333333333333939663e+00,-2.133333333331393078e+00,2.333333333332120674e+00,-2.000000000000000000e+00,-2.266666666666424135e+00,-1.600000000000363798e+00,-4.399999999999636202e+00,-1.066666666667515528e+00,-1.533333333332848269e+00,-2.266666666664605145e+00,-3.933333333336122450e+00,-3.199999999997089617e+00,-6.200000000000727596e+00,-1.399999999999636202e+00,-4.399999999999636202e+00,-7.333333333372138441e-01,-2.666666666664241347e+00,-6.600000000002182787e+00,-5.066666666665696539e+00,-2.333333333332120674e+00,1.533333333334667259e+00,2.399999999999636202e+00,-4.066666666669334518e+00,-2.600000000000363798e+00,-2.333333333333939663e+00,6.666666666678793263e-01,-1.933333333332484472e+00,-1.666666666666060337e+00,-2.866666666666787933e+00,4.000000000014551915e-01,-2.266666666666424135e+00,-2.600000000002182787e+00,7.999999999992724042e-01,-2.066666666663877550e+00,7.999999999992724042e-01,-5.133333333333212067e+00,-5.400000000001455192e+00,-2.199999999998908606e+00,-3.933333333332484472e+00,-1.333333333333939663e+00,6.000000000003637979e-01,1.066666666665696539e+00,1.333333333332120674e-01,-4.333333333333939663e+00,-4.533333333334667259e+00,-3.733333333331756876e+00,-2.466666666665332741e+00,-4.866666666664968943e+00,-3.333333333357586525e-01,-5.733333333333575865e+00,-5.399999999999636202e+00,1.200000000000727596e+00,-1.600000000002182787e+00,-3.999999999996362021e-01,4.666666666671517305e-01,-4.533333333332848269e+00,-3.333333333332120674e+00,-6.000000000001818989e+00,-1.666666666666060337e+00,-1.666666666667879326e+00,1.333333333333939663e+00,-1.866666666664968943e+00,-1.066666666667515528e+00,-4.666666666671517305e-01,-1.933333333332484472e+00,1.799999999999272404e+00,-7.666666666666060337e+00,-2.466666666667151731e+00,-6.000000000003637979e-01,-4.533333333334667259e+00,-4.200000000000727596e+00,-3.999999999998181011e+00,-1.533333333334667259e+00,5.666666666667879326e+00,-4.666666666666060337e+00,-4.799999999999272404e+00,1.600000000000363798e+00,-1.066666666667515528e+00,-2.133333333333212067e+00,-2.333333333332120674e+00,1.999999999989086064e-01,1.666666666667879326e+00,-3.333333333339396631e-01,-4.466666666667151731e+00,-2.199999999998908606e+00,1.999999999998181011e+00,-3.799999999999272404e+00,1.466666666667151731e+00,-8.800000000001091394e+00,0.000000000000000000e+00,-4.266666666666424135e+00,-5.666666666667879326e+00,-1.533333333331029280e+00,-3.599999999998544808e+00,-2.000000000007275958e-01,-2.400000000003274181e+00,-3.133333333333212067e+00,-3.999999999998181011e+00,-6.666666666660603369e-01,-3.466666666668970720e+00,-9.333333333324844716e-01,2.666666666667879326e+00,-3.200000000000727596e+00,-2.866666666666787933e+00,6.666666666569653898e-02,3.133333333333212067e+00,1.666666666667879326e+00,-9.333333333343034610e-01,-4.866666666664968943e+00,-6.800000000001091394e+00,-6.333333333332120674e+00,-1.000000000000000000e+00,-1.399999999999636202e+00,-1.600000000002182787e+00,8.000000000010913936e-01,-5.200000000000727596e+00,-3.200000000000727596e+00,-2.866666666666787933e+00,-1.199999999998908606e+00,-2.733333333335394855e+00,-4.399999999997817213e+00,-2.533333333332848269e+00,2.666666666646051453e-01,3.333333333333939663e+00,3.666666666666060337e+00,3.600000000000363798e+00,-2.733333333331756876e+00,7.333333333317568759e-01,-2.266666666666424135e+00,-6.666666666660603369e-01,1.933333333334303461e+00,-2.333333333333939663e+00,-1.933333333332484472e+00,-1.266666666668243124e+00,-6.666666666660603369e-01,9.333333333324844716e-01,-7.199999999998908606e+00,8.666666666667879326e-01,-8.000000000010913936e-01,-1.066666666665696539e+00,-6.266666666666424135e+00,-1.399999999999636202e+00,-1.599999999998544808e+00,-1.066666666669334518e+00,-1.466666666667151731e+00,-2.533333333332848269e+00,3.999999999998181011e+00,-2.199999999998908606e+00,2.733333333333575865e+00,-2.799999999999272404e+00,-2.733333333333575865e+00,6.866666666666787933e+00,-6.133333333333212067e+00,1.733333333333575865e+00,6.666666666678793263e-01,1.333333333295740886e-01,-3.999999999959982233e-01,-2.533333333336486248e+00,-1.333333333332120674e-01,3.333333333339396631e-01,-1.466666666665332741e+00,-8.733333333335394855e+00,3.933333333334303461e+00,-2.200000000000727596e+00,1.533333333336486248e+00,9.333333333324844716e-01,-2.866666666664968943e+00,-6.666666667115350720e-02,-6.199999999998908606e+00,-4.533333333332848269e+00,-2.066666666665696539e+00,1.799999999999272404e+00,2.000000000007275958e-01,-1.799999999999272404e+00,-1.600000000000363798e+00,-2.400000000001455192e+00,3.666666666666060337e+00,-1.666666666667879326e+00,-5.533333333332848269e+00,-2.066666666667515528e+00,5.333333333346672589e-01,1.818989403545856476e-12,-1.800000000001091394e+00,-3.666666666666060337e+00,8.666666666667879326e-01,-4.666666666671517305e-01,-6.666666666933451779e-02
-3.066666666663877550e+00,8.666666666667879326e-01,-1.800000000001091394e+00,-2.533333333334667259e+00,-2.199999999998908606e+00,-9.333333333324844716e-01,-6.666666666569653898e-02,-2.933333333336122450e+00,-3.333333333332120674e+00,8.666666666667879326e-01,4.666666666671517305e-01,-2.000000000001818989e+00,-3.999999999998181011e+00,5.266666666666424135e+00,1.233333333333212067e+01,1.946666666666715173e+01,1.900000000000000000e+01,2.926666666666642413e+01,3.206666666666751553e+01,3.066666666666606034e+01,2.946666666666715173e+01,2.760000000000036380e+01,2.960000000000036380e+01,2.966666666666606034e+01,2.579999999999927240e+01,2.579999999999927240e+01,3.066666666666606034e+01,2.520000000000072760e+01,2.606666666666751553e+01,1.366666666666424135e+01,5.400000000001455192e+00,4.733333333335394855e+00,-2.600000000000363798e+00,-1.800000000001091394e+00,-4.133333333335031057e+00,-4.933333333332484472e+00,-1.066666666667515528e+00,-1.600000000000363798e+00,2.666666666682431241e-01,-4.333333333333939663e+00,-3.666666666666060337e+00,-9.200000000000727596e+00,-3.399999999999636202e+00,-8.199999999997089617e+00,-3.000000000001818989e+00,-3.666666666667879326e+00,9.333333333343034610e-01,-1.800000000001091394e+00,-7.666666666666060337e+00,-7.333333333333939663e+00,-5.333333333328482695e-01,-7.799999999999272404e+00,-3.333333333332120674e+00,-7.133333333333212067e+00,-4.266666666668243124e+00,-4.200000000000727596e+00,-2.199999999998908606e+00,-2.800000000001091394e+00,-4.333333333333939663e+00,-4.066666666665696539e+00,-2.199999999998908606e+00,-6.866666666666787933e+00,-3.133333333333212067e+00,-2.866666666666787933e+00,-1.266666666668243124e+00,-5.599999999998544808e+00,-3.200000000000727596e+00,-5.600000000000363798e+00,-4.266666666666424135e+00,-2.199999999998908606e+00,-6.000000000003637979e-01,-5.333333333346672589e-01,-3.533333333332848269e+00,-4.066666666665696539e+00,-6.266666666666424135e+00,-1.799999999999272404e+00,-1.266666666668243124e+00,-1.333333333332120674e+00,-2.533333333334667259e+00,-7.999999999992724042e-01,-4.466666666667151731e+00,3.133333333333212067e+00,-3.800000000001091394e+00,-1.799999999999272404e+00,-3.533333333332848269e+00,3.999999999996362021e-01,-3.333333333321206737e-01,-1.333333333333939663e+00,1.799999999999272404e+00,4.933333333332484472e+00,6.666666666678793263e-01,-1.399999999999636202e+00,-3.533333333332848269e+00,2.933333333330665482e+00,-6.000000000003637979e-01,2.133333333335031057e+00,-6.666666666569653898e-02,8.000000000010913936e-01,1.133333333333212067e+00,2.733333333331756876e+00,1.000000000000000000e+00,-4.533333333334667259e+00,1.333333333333939663e+00,2.933333333334303461e+00,-1.933333333332484472e+00,1.600000000000363798e+00,-1.133333333335031057e+00,-2.399999999999636202e+00,-1.333333333332120674e+00,2.399999999999636202e+00,9.333333333343034610e-01,-2.866666666666787933e+00,6.000000000003637979e-01,-1.200000000002546585e+00,-1.866666666666787933e+00,-3.799999999999272404e+00,1.266666666668243124e+00,-5.533333333334667259e+00,-5.399999999999636202e+00,-3.733333333335394855e+00,-5.466666666665332741e+00,-2.466666666667151731e+00,-1.066666666665696539e+00,-5.000000000000000000e+00,-2.399999999999636202e+00,-3.733333333333575865e+00,-5.333333333346672589e-01,-8.666666666649689432e-01,-2.200000000000727596e+00,-2.266666666666424135e+00,-1.866666666666787933e+00,-5.666666666667879326e+00,3.266666666668243124e+00,-1.818989403545856476e-12,4.333333333332120674e+00,3.333333333339396631e-01,6.666666666933451779e-02,-1.600000000000363798e+00,2.733333333333575865e+00,-3.133333333333212067e+00,-1.866666666666787933e+00,-2.733333333333575865e+00,4.800000000001091394e+00,3.133333333333212067e+00,8.066666666665696539e+00,3.666666666666060337e+00,7.266666666666424135e+00,4.399999999999636202e+00,3.400000000001455192e+00,1.066666666667515528e+00,3.066666666665696539e+00,2.666666666666060337e+00,5.600000000000363798e+00,2.399999999999636202e+00,4.733333333335394855e+00,3.333333333330301684e+00,3.733333333335394855e+00,-5.333333333335758653e+00,1.533333333334667259e+00,-6.399999999999636202e+00,-4.399999999999636202e+00,-3.333333333332120674e+00,-3.000000000001818989e+00,-1.933333333332484472e+00,-7.266666666666424135e+00,-2.533333333332848269e+00,1.333333333332120674e-01,-5.333333333333939663e+00,-7.000000000003637979e+00,-4.333333333330301684e+00,-4.400000000001455192e+00,-3.399999999999636202e+00,-3.733333333333575865e+00,-6.933333333334303461e+00,-7.333333333332120674e+00,9.333333333343034610e-01,-3.800000000001091394e+00,-6.399999999997817213e+00,-2.000000000000000000e+00,-3.600000000000363798e+00,-2.000000000000000000e+00,-5.266666666666424135e+00,-2.400000000001455192e+00,-1.933333333332484472e+00,-3.266666666668243124e+00,-2.533333333331029280e+00,-3.933333333334303461e+00,-8.000000000010913936e-01,-3.333333333332120674e+00,1.999999999989086064e-01,-5.733333333331756876e+00,-2.266666666668243124e+00,-2.599999999998544808e+00,-2.666666666667879326e+00,-3.999999999996362021e-01,-3.133333333335031057e+00,-2.399999999997817213e+00,1.066666666667515528e+00,-2.000000000007275958e-01,-1.333333333333939663e+00,-6.133333333333212067e+00,-2.800000000001091394e+00,-3.333333333332120674e+00,2.000000000000000000e+00,-2.133333333333212067e+00,-1.533333333332848269e+00,-3.933333333332484472e+00,2.666666666664241347e-01,-1.866666666666787933e+00,-8.000000000010913936e-01,-1.133333333333212067e+00,-2.600000000000363798e+00,-3.599999999998544808e+00,-2.933333333334303461e+00,-9.333333333343034610e-01,2.600000000002182787e+00,-1.666666666667879326e+00,2.466666666667151731e+00,-5.066666666667515528e+00,6.666666666569653898e-02,-3.999999999978172127e-01,9.333333333324844716e-01,-4.866666666668606922e+00,-7.399999999997817213e+00,-4.466666666667151731e+00,-2.800000000001091394e+00,-4.000000000000000000e+00,-3.999999999996362021e-01,-4.333333333332120674e+00,-2.466666666667151731e+00,2.666666666664241347e-01,-3.933333333332484472e+00,-4.666666666666060337e+00,-4.200000000000727596e+00,-5.266666666666424135e+00,-2.400000000001455192e+00,-3.733333333333575865e+00,-2.666666666666060337e+00,7.999999999992724042e-01,-6.666666666642413475e-01,-3.066666666667515528e+00,6.000000000003637979e-01,-4.599999999998544808e+00,2.933333333330665482e+00,-5.266666666666424135e+00,-3.666666666666060337e+00,-5.333333333346672589e-01,-6.399999999999636202e+00,4.466666666665332741e+00,1.200000000002546585e+00,-3.399999999999636202e+00,6.666666666569653898e-02,7.999999999992724042e-01,-1.533333333332848269e+00,-4.000000000000000000e+00,-2.200000000000727596e+00,-1.866666666666787933e+00,-7.999999999974534148e-01,-3.733333333333575865e+00,-2.066666666667515528e+00,-5.133333333335031057e+00,-7.333333333317568759e-01,4.866666666666787933e+00,-4.000000000001818989e+00,-9.999999999981810106e-01,-2.933333333334303461e+00,-3.266666666666424135e+00,-1.466666666667151731e+00,1.466666666667151731e+00,4.999999999998181011e+00,-1.600000000000363798e+00,2.933333333336122450e+00,-1.466666666667151731e+00,-3.866666666668606922e+00,2.933333333336122450e+00,1.666666666666060337e+00,-2.133333333333212067e+00,-1.466666666667151731e+00,1.533333333332848269e+00,-3.866666666664968943e+00,-3.866666666666787933e+00,-2.800000000001091394e+00,-1.800000000001091394e+00,-4.199999999997089617e+00,-4.866666666666787933e+00,2.133333333331393078e+00,-2.066666666665696539e+00,0.000000000000000000e+00,1.666666666666060337e+00,-2.666666666666060337e+00,1.333333333332120674e+00,-1.266666666666424135e+00,-3.933333333334303461e+00,-3.600000000000363798e+00,-2.999999999998181011e+00,2.066666666667515528e+00,1.599999999998544808e+00,1.399999999999636202e+00,-2.799999999999272404e+00,-1.799999999999272404e+00,-3.199999999998908606e+00,-4.933333333334303461e+00,-5.800000000001091394e+00,-3.066666666667515528e+00,-3.733333333331756876e+00,-3.866666666666787933e+00,5.333333333346672589e-01,1.266666666662786156e+00,1.200000000000727596e+00,1.600000000002182787e+00,-9.333333333361224504e-01,-2.133333333331393078e+00,-2.733333333333575865e+00,-5.999999999985448085e-01
4.666666666671517305e-01,-3.533333333332848269e+00,6.466666666668970720e+00,-6.666666666751552839e-02,-4.799999999999272404e+00,2.133333333333212067e+00,1.133333333333212067e+00,-2.933333333334303461e+00,2.466666666665332741e+00,5.999999999985448085e-01,4.000000000014551915e-01,1.133333333331393078e+00,1.866666666666787933e+00,6.666666666667879326e+00,1.273333333333357587e+01,1.266666666666787933e+01,2.126666666666642413e+01,1.760000000000036380e+01,1.660000000000036380e+01,2.119999999999890861e+01,1.873333333333357587e+01,2.033333333333575865e+01,2.439999999999781721e+01,2.013333333333321207e+01,2.653333333333466726e+01,2.006666666666569654e+01,2.340000000000145519e+01,2.586666666666678793e+01,1.473333333333175688e+01,1.073333333333357587e+01,5.666666666666060337e+00,-1.133333333335031057e+00,-1.199999999998908606e+00,3.333333333335758653e+00,-1.999999999989086064e-01,-3.999999999996362021e-01,-8.666666666667879326e-01,-5.733333333333575865e+00,-1.533333333334667259e+00,-3.800000000001091394e+00,-6.333333333333939663e+00,-1.933333333334303461e+00,-6.333333333330301684e+00,-4.599999999998544808e+00,-3.600000000000363798e+00,1.999999999970896170e-01,-2.333333333333939663e+00,-3.133333333331393078e+00,-3.266666666666424135e+00,1.333333333332120674e+00,-4.866666666666787933e+00,-4.600000000000363798e+00,-2.333333333330301684e+00,-8.000000000001818989e+00,-4.199999999998908606e+00,-4.533333333332848269e+00,-4.000000000000000000e+00,-5.400000000001455192e+00,-4.400000000001455192e+00,-7.333333333333939663e+00,-4.466666666667151731e+00,-3.466666666665332741e+00,-1.999999999989086064e-01,-6.533333333334667259e+00,-6.466666666665332741e+00,-4.333333333335758653e+00,-2.266666666664605145e+00,-8.666666666666060337e+00,-4.000000000014551915e-01,-4.666666666666060337e+00,-8.666666666686069220e-01,-3.333333333332120674e+00,-2.733333333331756876e+00,-2.066666666667515528e+00,-2.066666666665696539e+00,-5.666666666666060337e+00,-1.266666666666424135e+00,-6.000000000001818989e+00,1.066666666667515528e+00,-6.000000000003637979e-01,-3.533333333332848269e+00,-3.799999999997453415e+00,1.399999999997817213e+00,-3.866666666666787933e+00,2.666666666664241347e-01,1.933333333334303461e+00,6.666666666569653898e-02,-4.933333333332484472e+00,1.000000000000000000e+00,2.866666666666787933e+00,1.866666666664968943e+00,-2.133333333331393078e+00,3.333333333332120674e+00,-1.866666666664968943e+00,-1.800000000001091394e+00,4.399999999999636202e+00,9.333333333324844716e-01,4.000000000000000000e+00,4.066666666669334518e+00,2.133333333333212067e+00,6.533333333329210291e+00,1.800000000002910383e+00,8.599999999998544808e+00,5.533333333332848269e+00,5.933333333332484472e+00,8.533333333336486248e+00,7.866666666666787933e+00,6.733333333333575865e+00,7.066666666665696539e+00,8.200000000000727596e+00,5.933333333332484472e+00,5.133333333333212067e+00,7.799999999997453415e+00,0.000000000000000000e+00,2.000000000001818989e+00,-1.266666666666424135e+00,1.133333333333212067e+00,-6.000000000003637979e-01,-1.666666666666060337e+00,-4.133333333335031057e+00,-6.266666666666424135e+00,-2.866666666664968943e+00,-6.200000000000727596e+00,-8.000000000010913936e-01,-1.000000000000000000e+00,-5.999999999985448085e-01,2.399999999999636202e+00,8.666666666667879326e-01,2.466666666667151731e+00,2.666666666666060337e+00,1.666666666666060337e+00,5.133333333333212067e+00,4.466666666668970720e+00,3.333333333332120674e+00,1.466666666668970720e+00,2.266666666664605145e+00,1.066666666665696539e+00,-1.600000000000363798e+00,5.333333333328482695e-01,8.666666666667879326e-01,-2.066666666665696539e+00,-6.266666666668243124e+00,-4.466666666665332741e+00,0.000000000000000000e+00,-5.733333333333575865e+00,-4.866666666666787933e+00,-1.933333333334303461e+00,-9.066666666667515528e+00,-7.333333333317568759e-01,-2.999999999998181011e+00,-5.133333333333212067e+00,-4.399999999999636202e+00,-1.200000000000727596e+00,-6.200000000000727596e+00,-6.199999999998908606e+00,-1.066666666665696539e+00,-2.600000000002182787e+00,-7.666666666666060337e+00,-4.666666666666060337e+00,-4.000000000000000000e+00,-8.000000000000000000e+00,-9.399999999999636202e+00,3.533333333331029280e+00,-8.733333333331756876e+00,-4.866666666664968943e+00,5.999999999985448085e-01,2.533333333332848269e+00,1.999999999989086064e-01,7.333333333335758653e-01,-8.666666666667879326e-01,-1.133333333335031057e+00,4.000000000032741809e-01,1.266666666668243124e+00,-8.666666666667879326e-01,6.666666666642413475e-01,3.266666666666424135e+00,3.333333333321206737e-01,-2.666666666666060337e+00,-1.533333333332848269e+00,-8.666666666667879326e-01,-6.266666666666424135e+00,-4.000000000001818989e+00,-9.666666666666060337e+00,-4.733333333331756876e+00,-1.666666666666060337e+00,-3.933333333334303461e+00,-2.533333333331029280e+00,-3.133333333335031057e+00,-6.866666666666787933e+00,-7.199999999998908606e+00,-2.600000000002182787e+00,-3.533333333332848269e+00,-5.799999999999272404e+00,-2.666666666667879326e+00,-4.533333333332848269e+00,-3.066666666667515528e+00,-4.333333333332120674e+00,1.933333333332484472e+00,-5.266666666664605145e+00,-2.200000000000727596e+00,-6.066666666665696539e+00,-3.133333333336850046e+00,-4.999999999998181011e+00,0.000000000000000000e+00,2.933333333332484472e+00,-1.133333333333212067e+00,6.666666666751552839e-02,5.333333333328482695e-01,3.999999999996362021e-01,-3.200000000000727596e+00,2.733333333333575865e+00,-3.133333333331393078e+00,-6.866666666668606922e+00,3.400000000001455192e+00,-2.466666666665332741e+00,1.266666666666424135e+00,2.400000000001455192e+00,2.666666666646051453e-01,6.666666666751552839e-02,-4.133333333335031057e+00,-5.800000000001091394e+00,-5.733333333331756876e+00,-3.799999999999272404e+00,-8.600000000000363798e+00,2.400000000001455192e+00,-4.666666666689707199e-01,3.866666666666787933e+00,-2.266666666666424135e+00,-3.400000000001455192e+00,-4.399999999999636202e+00,-3.800000000001091394e+00,-8.533333333332848269e+00,-7.799999999999272404e+00,-7.333333333317568759e-01,-4.333333333332120674e+00,-1.133333333333212067e+00,-1.133333333335031057e+00,-4.800000000001091394e+00,2.266666666668243124e+00,-4.200000000000727596e+00,-3.333333333332120674e+00,-5.399999999999636202e+00,9.333333333343034610e-01,-1.333333333333939663e+00,-5.333333333335758653e+00,-8.666666666667879326e-01,-4.466666666667151731e+00,-8.666666666649689432e-01,-2.000000000000000000e+00,-1.133333333333212067e+00,3.200000000000727596e+00,-2.333333333333939663e+00,2.666666666667879326e+00,-4.200000000000727596e+00,1.066666666667515528e+00,-3.933333333334303461e+00,-1.000000000000000000e+00,-5.333333333328482695e-01,-3.133333333335031057e+00,4.133333333333212067e+00,-3.599999999998544808e+00,3.733333333333575865e+00,2.066666666665696539e+00,-1.933333333334303461e+00,1.866666666666787933e+00,-1.040000000000145519e+01,6.666666666678793263e-01,-4.133333333335031057e+00,2.066666666665696539e+00,-5.200000000000727596e+00,-3.066666666663877550e+00,-2.599999999996725819e+00,-1.400000000001455192e+00,-3.666666666666060337e+00,-2.600000000004001777e+00,3.333333333333939663e+00,-6.600000000000363798e+00,-4.133333333333212067e+00,3.333333333339396631e-01,-6.199999999998908606e+00,-1.333333333332120674e-01,-1.999999999989086064e-01,-2.666666666667879326e+00,-1.333333333350310568e-01,1.333333333332120674e-01,2.533333333334667259e+00,-4.133333333335031057e+00,-1.266666666666424135e+00,5.000000000001818989e+00,-7.333333333353948547e-01,-2.666666666666060337e+00,2.466666666667151731e+00,2.933333333334303461e+00,-4.333333333330301684e+00,2.533333333331029280e+00,2.533333333332848269e+00,-1.599999999998544808e+00,1.333333333313930780e-01,-4.400000000001455192e+00,-3.866666666664968943e+00,-3.333333333339396631e-01,2.733333333333575865e+00,-2.933333333332484472e+00,-5.866666666668606922e+00,-9.333333333306654822e-01,-2.466666666668970720e+00,-9.999999999981810106e-01,-5.466666666665332741e+00,2.999999999998181011e+00,-2.666666666646051453e-01,-1.133333333336850046e+00,-5.399999999999636202e+00,4.666666666671517305e-01,-2.333333333332120674e+00
-2.733333333335394855e+00,-8.666666666667879326e-01,-5.199999999998908606e+00,-2.000000000000000000e+00,-4.066666666667515528e+00,1.000000000000000000e+00,-1.266666666666424135e+00,-3.333333333333939663e+00,-2.799999999999272404e+00,-2.066666666665696539e+00,-2.000000000000000000e+00,3.599999999998544808e+00,1.266666666666424135e+00,6.000000000000000000e+00,1.540000000000145519e+01,2.013333333333321207e+01,2.353333333333284827e+01,3.220000000000072760e+01,2.986666666666496894e+01,3.646666666666897072e+01,3.539999999999963620e+01,3.619999999999890861e+01,3.579999999999927240e+01,3.733333333333393966e+01,4.033333333333393966e+01,3.639999999999781721e+01,3.933333333333575865e+01,3.679999999999927240e+01,3.380000000000109139e+01,2.553333333333284827e+01,1.606666666666569654e+01,1.200000000000000000e+01,5.466666666667151731e+00,6.333333333333939663e+00,3.333333333333939663e+00,6.666666666678793263e-01,3.333333333303016843e-01,1.466666666667151731e+00,-1.400000000001455192e+00,-2.333333333332120674e+00,7.333333333317568759e-01,-3.333333333333939663e+00,2.666666666682431241e-01,-7.600000000000363798e+00,-3.799999999999272404e+00,-2.600000000000363798e+00,-3.866666666663149954e+00,-1.733333333333575865e+00,-7.266666666668243124e+00,-7.999999999998181011e+00,-5.200000000000727596e+00,-6.733333333335394855e+00,-5.866666666668606922e+00,-5.266666666664605145e+00,-2.133333333333212067e+00,-8.800000000002910383e+00,-4.666666666664241347e+00,-1.166666666666787933e+01,-4.933333333334303461e+00,-6.933333333330665482e+00,-7.133333333335031057e+00,-9.266666666668243124e+00,-1.093333333332884649e+01,-4.666666666667879326e+00,-6.999999999998181011e+00,-5.266666666668243124e+00,-4.066666666665696539e+00,-6.000000000000000000e+00,-4.200000000000727596e+00,-6.066666666667515528e+00,-4.800000000001091394e+00,-1.220000000000072760e+01,-5.666666666664241347e+00,-1.266666666668243124e+00,-3.866666666664968943e+00,-2.599999999998544808e+00,1.533333333332848269e+00,2.266666666666424135e+00,-2.466666666667151731e+00,3.333333333332120674e+00,-1.533333333332848269e+00,1.333333333332120674e-01,3.866666666668606922e+00,-4.000000000014551915e-01,-1.533333333334667259e+00,5.666666666667879326e+00,1.026666666666824312e+01,7.066666666667515528e+00,2.399999999999636202e+00,1.133333333333212067e+00,2.533333333332848269e+00,2.999999999998181011e+00,3.199999999998908606e+00,5.733333333333575865e+00,5.600000000000363798e+00,7.066666666665696539e+00,6.533333333334667259e+00,2.666666666667879326e+00,3.333333333333939663e+00,1.733333333333575865e+00,5.333333333330301684e+00,4.466666666667151731e+00,1.733333333331756876e+00,2.666666666666060337e+00,2.466666666670789709e+00,-3.533333333334667259e+00,-3.999999999978172127e-01,-5.200000000002546585e+00,6.666666666933451779e-02,-5.799999999999272404e+00,-2.533333333334667259e+00,-5.600000000000363798e+00,-2.666666666667879326e+00,1.733333333331756876e+00,2.333333333333939663e+00,-7.666666666666060337e+00,-4.000000000001818989e+00,-5.199999999998908606e+00,-1.866666666666787933e+00,-1.333333333332120674e+00,2.533333333332848269e+00,-3.666666666666060337e+00,1.533333333332848269e+00,-7.333333333335758653e-01,1.333333333368500462e-01,-2.600000000000363798e+00,-6.000000000040017767e-01,4.000000000014551915e-01,-2.999999999998181011e+00,-2.666666666666060337e+00,7.999999999974534148e-01,-5.333333333328482695e-01,-1.066666666665696539e+00,-3.200000000002546585e+00,-3.799999999999272404e+00,8.666666666649689432e-01,3.066666666667515528e+00,-1.266666666664605145e+00,7.333333333353948547e-01,-4.600000000000363798e+00,-3.866666666668606922e+00,-3.799999999999272404e+00,-3.666666666667879326e+00,-7.733333333333575865e+00,-6.066666666665696539e+00,-2.133333333335031057e+00,-8.066666666663877550e+00,-2.266666666668243124e+00,-3.266666666666424135e+00,-5.333333333328482695e-01,-5.666666666666060337e+00,-5.200000000000727596e+00,-5.733333333333575865e+00,-9.933333333336122450e+00,-6.666666666569653898e-02,-4.799999999999272404e+00,-2.533333333332848269e+00,-6.066666666665696539e+00,-3.600000000000363798e+00,-1.466666666667151731e+00,-6.400000000001455192e+00,-1.999999999989086064e-01,-1.000000000000000000e+00,-3.199999999998908606e+00,-2.466666666667151731e+00,-1.333333333333939663e+00,-2.399999999999636202e+00,-2.000000000001818989e+00,-5.333333333310292801e-01,-5.333333333333939663e+00,-2.599999999998544808e+00,-9.333333333343034610e-01,1.600000000000363798e+00,1.466666666665332741e+00,-7.999999999992724042e-01,2.000000000007275958e-01,-4.666666666666060337e+00,-5.733333333335394855e+00,-4.466666666667151731e+00,-3.600000000000363798e+00,-4.600000000000363798e+00,-4.799999999997453415e+00,6.666666666569653898e-02,-2.266666666666424135e+00,-9.333333333324844716e-01,-6.666666666569653898e-02,-1.733333333335394855e+00,-6.533333333332848269e+00,-1.600000000000363798e+00,-6.533333333334667259e+00,-3.733333333331756876e+00,-1.066666666665696539e+00,-3.400000000001455192e+00,-2.866666666668606922e+00,-5.199999999998908606e+00,-5.000000000000000000e+00,-3.600000000000363798e+00,-8.666666666649689432e-01,-4.000000000000000000e+00,-1.466666666665332741e+00,-3.199999999998908606e+00,-5.666666666667879326e+00,5.333333333328482695e-01,-3.333333333333939663e+00,3.400000000001455192e+00,-2.666666666666060337e+00,-3.866666666668606922e+00,1.066666666665696539e+00,1.000000000000000000e+00,4.666666666671517305e-01,3.333333333321206737e-01,-3.333333333332120674e+00,-2.933333333334303461e+00,3.066666666667515528e+00,-5.933333333334303461e+00,1.666666666667879326e+00,-5.333333333328482695e-01,-4.333333333333939663e+00,-1.333333333350310568e-01,-6.333333333332120674e+00,-8.666666666667879326e-01,-1.000000000000000000e+00,1.000000000001818989e+00,-2.333333333333939663e+00,-2.533333333332848269e+00,-1.399999999999636202e+00,6.000000000003637979e-01,7.333333333317568759e-01,-4.999999999998181011e+00,-7.999999999992724042e-01,-5.266666666666424135e+00,-1.466666666668970720e+00,-2.133333333333212067e+00,-6.200000000000727596e+00,2.133333333333212067e+00,-2.933333333334303461e+00,-3.133333333333212067e+00,-2.600000000000363798e+00,-5.999999999985448085e-01,-3.933333333332484472e+00,-2.133333333333212067e+00,2.199999999998908606e+00,-8.133333333333212067e+00,-1.533333333332848269e+00,-1.533333333334667259e+00,2.800000000001091394e+00,-1.066666666665696539e+00,-7.333333333335758653e-01,4.199999999998908606e+00,-1.400000000001455192e+00,-1.133333333331393078e+00,9.999999999981810106e-01,-7.466666666665332741e+00,-4.200000000000727596e+00,2.333333333333939663e+00,-3.266666666666424135e+00,-4.199999999998908606e+00,9.333333333306654822e-01,2.266666666666424135e+00,1.133333333335031057e+00,-9.333333333332120674e+00,-3.400000000001455192e+00,-5.799999999999272404e+00,-5.799999999999272404e+00,-4.266666666666424135e+00,-1.333333333335758653e+00,-6.266666666666424135e+00,1.466666666668970720e+00,5.333333333328482695e-01,-5.800000000001091394e+00,-1.200000000000727596e+00,-2.066666666667515528e+00,1.333333333332120674e-01,-2.000000000000000000e+00,-2.799999999999272404e+00,8.666666666667879326e-01,-8.666666666649689432e-01,3.533333333331029280e+00,1.818989403545856476e-12,4.000000000000000000e+00,-3.333333333321206737e-01,1.266666666664605145e+00,-1.533333333332848269e+00,-3.866666666664968943e+00,-5.333333333328482695e-01,1.133333333331393078e+00,-2.733333333335394855e+00,1.333333333350310568e-01,-4.666666666666060337e+00,-2.066666666667515528e+00,4.666666666671517305e-01,-4.666666666653327411e-01,-1.200000000000727596e+00,-4.600000000002182787e+00,-6.133333333333212067e+00,3.333333333339396631e-01,-6.666666666569653898e-02,-9.999999999981810106e-01,-1.133333333335031057e+00,-1.933333333332484472e+00,-3.533333333336486248e+00,-1.066666666665696539e+00,-7.399999999999636202e+00,-1.866666666666787933e+00,8.666666666686069220e-01,3.333333333303016843e-01,-2.733333333329937886e+00,1.666666666666060337e+00,3.533333333332848269e+00,-8.000000000010913936e-01,-5.066666666665696539e+00,2.333333333332120674e+00,-3.866666666664968943e+00,5.333333333328482695e-01
-4.066666666667515528e+00,-1.200000000000727596e+00,8.666666666686069220e-01,3.666666666664241347e+00,-3.333333333333939663e+00,-2.600000000000363798e+00,1.200000000002546585e+00,-6.266666666666424135e+00,-3.133333333333212067e+00,3.533333333332848269e+00,-3.133333333333212067e+00,-1.333333333333939663e+00,1.866666666666787933e+00,9.133333333333212067e+00,5.666666666667879326e+00,1.673333333333357587e+01,1.706666666666751553e+01,2.173333333333175688e+01,1.880000000000109139e+01,2.266666666666787933e+01,2.519999999999708962e+01,2.573333333333539485e+01,2.873333333333357587e+01,2.320000000000072760e+01,2.226666666666460515e+01,2.200000000000000000e+01,2.479999999999927240e+01,1.960000000000036380e+01,1.800000000000000000e+01,1.479999999999927240e+01,5.066666666667515528e+00,4.666666666664241347e+00,-4.399999999997817213e+00,-1.733333333333575865e+00,2.466666666667151731e+00,-1.533333333332848269e+00,-1.066666666667515528e+00,-9.666666666666060337e+00,-6.666666666569653898e-02,-8.266666666668243124e+00,-2.199999999998908606e+00,-3.200000000000727596e+00,-5.866666666664968943e+00,-3.266666666668243124e+00,-5.199999999998908606e+00,2.933333333332484472e+00,-4.399999999999636202e+00,-2.333333333333939663e+00,-1.818989403545856476e-12,-9.600000000000363798e+00,-8.999999999996362021e+00,-8.200000000002546585e+00,1.200000000000727596e+00,-5.133333333333212067e+00,-6.866666666664968943e+00,-5.400000000001455192e+00,-8.000000000001818989e+00,-1.199999999998908606e+00,-6.333333333333939663e+00,-3.466666666665332741e+00,-9.600000000000363798e+00,-2.866666666666787933e+00,-2.733333333333575865e+00,-9.066666666667515528e+00,-1.733333333331756876e+00,1.266666666666424135e+00,-5.733333333331756876e+00,-2.733333333333575865e+00,-2.000000000001818989e+00,2.666666666666060337e+00,-8.666666666686069220e-01,-4.399999999997817213e+00,-3.866666666666787933e+00,-2.133333333331393078e+00,2.666666666664241347e-01,-4.666666666666060337e+00,-9.333333333361224504e-01,-3.866666666664968943e+00,1.133333333331393078e+00,2.666666666682431241e-01,-6.666666666751552839e-02,-1.000000000000000000e+00,-4.066666666665696539e+00,-3.000000000000000000e+00,-1.199999999998908606e+00,-4.066666666667515528e+00,4.733333333333575865e+00,2.933333333334303461e+00,4.733333333333575865e+00,-3.333333333339396631e-01,1.173333333333357587e+01,1.073333333332993789e+01,1.746666666666715173e+01,1.686666666666678793e+01,1.320000000000072760e+01,1.413333333333139308e+01,1.946666666666897072e+01,2.119999999999890861e+01,1.866666666666787933e+01,1.973333333333175688e+01,1.640000000000145519e+01,1.526666666666824312e+01,1.239999999999963620e+01,1.186666666666678793e+01,1.126666666666460515e+01,2.466666666667151731e+00,2.733333333333575865e+00,-2.400000000001455192e+00,-7.399999999999636202e+00,-2.066666666665696539e+00,-3.399999999999636202e+00,-5.866666666668606922e+00,-8.666666666666060337e+00,-4.133333333335031057e+00,-8.133333333331393078e+00,-6.066666666665696539e+00,-1.020000000000072760e+01,-3.133333333331393078e+00,-9.933333333334303461e+00,-5.666666666667879326e+00,-3.399999999999636202e+00,-8.733333333333575865e+00,-4.266666666664605145e+00,-3.266666666668243124e+00,-4.666666666666060337e+00,-7.200000000000727596e+00,-5.199999999998908606e+00,-5.533333333334667259e+00,-7.133333333333212067e+00,-7.266666666666424135e+00,-7.333333333317568759e-01,-1.999999999989086064e-01,-7.400000000001455192e+00,-3.333333333332120674e+00,-6.600000000000363798e+00,-7.000000000000000000e+00,-1.333333333333939663e+00,-7.600000000000363798e+00,-4.799999999997453415e+00,-4.666666666669698316e+00,-2.200000000000727596e+00,-3.866666666666787933e+00,-5.133333333331393078e+00,-6.066666666669334518e+00,-9.733333333331756876e+00,-3.399999999999636202e+00,-8.800000000001091394e+00,-6.666666666666060337e+00,-4.733333333333575865e+00,-4.933333333332484472e+00,-1.666666666666060337e+00,-5.799999999999272404e+00,-6.066666666667515528e+00,-8.266666666668243124e+00,-4.799999999995634425e+00,-7.200000000000727596e+00,-6.000000000001818989e+00,-5.733333333335394855e+00,-2.466666666667151731e+00,-8.666666666649689432e-01,-6.866666666666787933e+00,-1.066666666665696539e+00,-8.666666666667879326e-01,-2.600000000000363798e+00,-2.266666666668243124e+00,-2.333333333332120674e+00,-2.733333333333575865e+00,-4.800000000001091394e+00,3.400000000001455192e+00,-5.933333333334303461e+00,-2.666666666646051453e-01,-2.666666666664241347e-01,-1.733333333333575865e+00,-4.800000000001091394e+00,-5.333333333333939663e+00,-3.999999999998181011e+00,-1.400000000001455192e+00,-6.133333333333212067e+00,-3.466666666668970720e+00,-2.399999999999636202e+00,-5.333333333332120674e+00,-3.333333333333939663e+00,-3.666666666667879326e+00,-8.266666666664605145e+00,-5.066666666665696539e+00,-3.799999999999272404e+00,-5.933333333334303461e+00,-9.333333333324844716e-01,-4.133333333333212067e+00,-1.600000000002182787e+00,-1.999999999998181011e+00,-7.533333333336486248e+00,-9.333333333306654822e-01,-4.399999999999636202e+00,-7.866666666666787933e+00,-2.333333333332120674e+00,-5.000000000000000000e+00,-1.533333333332848269e+00,-5.333333333364862483e-01,4.200000000000727596e+00,-2.000000000001818989e+00,-1.066666666665696539e+00,-4.399999999999636202e+00,-4.666666666653327411e-01,-2.200000000000727596e+00,-3.866666666664968943e+00,1.133333333333212067e+00,-3.533333333334667259e+00,-1.333333333335758653e+00,-6.000000000003637979e-01,-5.399999999995998223e+00,-2.600000000002182787e+00,-1.133333333333212067e+00,-1.999999999998181011e+00,-4.933333333334303461e+00,-4.933333333334303461e+00,-7.866666666664968943e+00,1.999999999989086064e-01,-3.999999999978172127e-01,1.466666666663513752e+00,-6.666666666660603369e-01,-2.933333333334303461e+00,1.200000000000727596e+00,-1.866666666666787933e+00,-2.666666666664241347e-01,-1.999999999998181011e+00,-3.866666666666787933e+00,2.466666666663513752e+00,-2.333333333332120674e+00,-1.600000000000363798e+00,-2.133333333333212067e+00,2.133333333333212067e+00,-5.666666666666060337e+00,-4.466666666665332741e+00,2.133333333331393078e+00,-2.599999999998544808e+00,1.333333333313930780e-01,-9.999999999981810106e-01,-3.133333333333212067e+00,-1.733333333333575865e+00,5.333333333328482695e-01,3.533333333332848269e+00,-8.533333333332848269e+00,-2.200000000000727596e+00,-5.466666666665332741e+00,8.666666666649689432e-01,1.533333333332848269e+00,-5.999999999985448085e-01,-4.666666666671517305e-01,-2.666666666666060337e+00,-5.600000000000363798e+00,-4.866666666666787933e+00,-3.666666666666060337e+00,0.000000000000000000e+00,-2.266666666666424135e+00,-5.333333333346672589e-01,-5.199999999997089617e+00,5.333333333328482695e-01,-3.266666666668243124e+00,1.466666666667151731e+00,-3.200000000000727596e+00,-5.533333333332848269e+00,-3.133333333333212067e+00,-3.000000000000000000e+00,-5.933333333334303461e+00,2.600000000002182787e+00,-1.733333333333575865e+00,-5.733333333333575865e+00,5.333333333328482695e-01,3.599999999998544808e+00,-3.266666666666424135e+00,-3.333333333339396631e-01,-1.533333333332848269e+00,-6.666666666751552839e-02,-4.266666666666424135e+00,-3.999999999978172127e-01,1.066666666663877550e+00,2.533333333334667259e+00,-3.133333333333212067e+00,-2.333333333332120674e+00,-2.133333333333212067e+00,-1.999999999989086064e-01,5.333333333310292801e-01,-6.599999999998544808e+00,-7.533333333334667259e+00,-1.733333333331756876e+00,-1.666666666667879326e+00,6.666666666660603369e-01,-1.866666666666787933e+00,-4.600000000002182787e+00,-3.799999999999272404e+00,6.000000000003637979e-01,1.818989403545856476e-12,-6.000000000003637979e-01,-2.000000000007275958e-01,-1.800000000001091394e+00,-7.333333333317568759e-01,1.533333333331029280e+00,2.533333333336486248e+00,1.399999999995998223e+00,2.600000000002182787e+00,-2.666666666664241347e-01,-3.066666666667515528e+00,3.400000000001455192e+00,9.333333333361224504e-01,-1.266666666666424135e+00,-3.066666666667515528e+00,-3.333333333333939663e+00,-2.000000000001818989e+00,-2.933333333332484472e+00,-2.266666666668243124e+00,-2.799999999999272404e+00,4.000000000014551915e-01,-4.466666666667151731e+00
-9.333333333324844716e-01,-3.599999999998544808e+00,-1.933333333332484472e+00,-5.266666666668243124e+00,-5.800000000001091394e+00,-1.666666666667879326e+00,-4.599999999996725819e+00,-2.600000000002182787e+00,2.666666666664241347e-01,-3.999999999996362021e-01,-3.533333333332848269e+00,-6.399999999997817213e+00,3.999999999996362021e-01,1.333333333332120674e+00,1.266666666666787933e+01,1.500000000000000000e+01,1.486666666666496894e+01,2.493333333333248447e+01,2.240000000000145519e+01,1.946666666666533274e+01,1.826666666666824312e+01,2.053333333333648625e+01,2.366666666666424135e+01,2.526666666666642413e+01,2.406666666666569654e+01,2.593333333333248447e+01,2.980000000000109139e+01,2.453333333333284827e+01,2.326666666666824312e+01,1.313333333332957409e+01,9.466666666668970720e+00,9.199999999998908606e+00,-1.333333333332120674e+00,1.733333333329937886e+00,3.400000000001455192e+00,8.533333333334667259e+00,4.599999999998544808e+00,6.266666666670062114e+00,7.199999999998908606e+00,4.933333333334303461e+00,4.666666666671517305e-01,-6.000000000003637979e-01,2.066666666667515528e+00,4.200000000000727596e+00,4.133333333331393078e+00,4.599999999998544808e+00,2.666666666667879326e+00,7.133333333335031057e+00,8.333333333330301684e+00,3.666666666667879326e+00,5.333333333333939663e+00,2.466666666667151731e+00,-4.933333333334303461e+00,-4.266666666666424135e+00,-2.600000000000363798e+00,2.199999999998908606e+00,-1.333333333333939663e+00,2.200000000000727596e+00,-5.399999999999636202e+00,-7.333333333333939663e+00,-6.199999999998908606e+00,1.466666666668970720e+00,-1.933333333336122450e+00,-1.053333333333284827e+01,-2.199999999998908606e+00,-8.466666666667151731e+00,-3.400000000001455192e+00,1.000000000001818989e+00,-6.666666666933451779e-02,-2.666666666666060337e+00,-7.333333333317568759e-01,4.800000000001091394e+00,-5.666666666666060337e+00,3.266666666666424135e+00,1.799999999997453415e+00,-8.666666666667879326e-01,8.666666666667879326e-01,-1.799999999999272404e+00,3.799999999999272404e+00,2.466666666668970720e+00,6.000000000000000000e+00,6.733333333333575865e+00,-1.866666666668606922e+00,4.666666666667879326e+00,1.126666666666642413e+01,3.199999999998908606e+00,2.933333333332484472e+00,1.040000000000145519e+01,7.133333333331393078e+00,1.200000000000000000e+01,1.659999999999854481e+01,1.006666666666751553e+01,1.566666666666606034e+01,1.306666666666933452e+01,1.473333333333175688e+01,1.600000000000000000e+01,1.706666666666751553e+01,2.333333333333393966e+01,1.733333333333212067e+01,1.326666666666642413e+01,1.560000000000036380e+01,1.526666666666824312e+01,1.253333333333284827e+01,1.633333333333393966e+01,7.066666666665696539e+00,2.266666666668243124e+00,6.933333333334303461e+00,5.666666666664241347e+00,8.533333333334667259e+00,7.933333333332484472e+00,1.133333333333212067e+00,-7.066666666667515528e+00,-7.999999999992724042e-01,-2.933333333330665482e+00,2.666666666664241347e-01,-1.733333333333575865e+00,-2.000000000000000000e+00,-1.800000000002910383e+00,-7.333333333333939663e+00,-1.466666666665332741e+00,2.600000000000363798e+00,1.533333333331029280e+00,-4.733333333331756876e+00,3.333333333339396631e-01,-1.818989403545856476e-12,-3.866666666664968943e+00,5.333333333333939663e+00,1.999999999989086064e-01,-1.200000000000727596e+00,-6.000000000001818989e+00,-7.333333333317568759e-01,-2.399999999999636202e+00,-2.399999999999636202e+00,4.533333333334667259e+00,-2.266666666666424135e+00,-2.000000000001818989e+00,-4.133333333333212067e+00,2.200000000000727596e+00,-2.666666666667879326e+00,-7.399999999999636202e+00,-2.666666666666060337e+00,-1.933333333332484472e+00,-1.000000000000000000e+00,2.266666666666424135e+00,4.200000000000727596e+00,9.333333333324844716e-01,1.533333333332848269e+00,4.133333333333212067e+00,-3.066666666665696539e+00,1.600000000000363798e+00,-2.000000000007275958e-01,-2.533333333332848269e+00,-3.333333333335758653e+00,-3.933333333332484472e+00,8.000000000010913936e-01,3.466666666663513752e+00,-1.733333333333575865e+00,-2.799999999999272404e+00,-3.533333333332848269e+00,-1.333333333295740886e-01,-4.000000000014551915e-01,-3.733333333333575865e+00,-4.133333333336850046e+00,-2.666666666666060337e+00,1.666666666669698316e+00,-3.333333333333939663e+00,2.000000000000000000e+00,-1.866666666664968943e+00,-1.333333333332120674e-01,2.666666666664241347e-01,-4.666666666666060337e+00,-2.733333333337213844e+00,-9.999999999981810106e-01,-4.533333333334667259e+00,-9.399999999997817213e+00,-8.066666666667515528e+00,-1.333333333332120674e+00,-6.600000000002182787e+00,-2.933333333332484472e+00,-9.266666666666424135e+00,-2.266666666664605145e+00,-6.533333333336486248e+00,-6.066666666667515528e+00,-6.666666666660603369e-01,-4.733333333333575865e+00,-5.133333333333212067e+00,-7.333333333335758653e-01,-3.066666666667515528e+00,1.333333333350310568e-01,2.266666666666424135e+00,6.000000000003637979e-01,-2.200000000000727596e+00,3.933333333336122450e+00,-5.333333333346672589e-01,-8.666666666649689432e-01,-6.000000000003637979e-01,-1.399999999999636202e+00,2.066666666665696539e+00,-3.333333333333939663e+00,-8.666666666667879326e-01,2.666666666664241347e-01,-5.733333333333575865e+00,-6.466666666668970720e+00,-3.933333333332484472e+00,-3.733333333329937886e+00,1.733333333331756876e+00,-1.199999999998908606e+00,-1.466666666667151731e+00,-8.666666666649689432e-01,3.133333333329574089e+00,6.666666666678793263e-01,-2.666666666666060337e+00,-1.933333333332484472e+00,7.333333333335758653e-01,-4.666666666671517305e-01,-1.133333333333212067e+00,-1.000000000000000000e+00,-1.866666666664968943e+00,-2.466666666667151731e+00,-4.600000000000363798e+00,-7.066666666665696539e+00,-4.666666666669698316e+00,-1.326666666666642413e+01,-4.866666666666787933e+00,-8.733333333335394855e+00,-5.533333333331029280e+00,-3.133333333333212067e+00,-6.866666666666787933e+00,-9.466666666667151731e+00,-1.533333333334667259e+00,-7.866666666666787933e+00,-5.866666666664968943e+00,1.066666666667515528e+00,-5.066666666667515528e+00,-1.666666666667879326e+00,-3.666666666664241347e+00,-1.933333333334303461e+00,2.399999999999636202e+00,-3.733333333333575865e+00,-1.799999999999272404e+00,-2.933333333334303461e+00,-3.933333333334303461e+00,6.000000000003637979e-01,-1.666666666664241347e+00,-6.800000000001091394e+00,-6.000000000003637979e-01,-2.000000000000000000e+00,-9.600000000000363798e+00,-3.466666666667151731e+00,-8.133333333333212067e+00,-7.866666666666787933e+00,-2.533333333334667259e+00,-1.666666666666060337e+00,-5.399999999999636202e+00,-4.266666666664605145e+00,-7.466666666667151731e+00,-5.133333333333212067e+00,-7.000000000001818989e+00,-3.066666666663877550e+00,-4.600000000002182787e+00,-1.000000000000000000e+00,2.666666666667879326e+00,-7.333333333335758653e-01,-1.866666666666787933e+00,2.666666666667879326e+00,-2.666666666664241347e-01,-5.266666666668243124e+00,9.333333333324844716e-01,-2.666666666666060337e+00,-1.333333333332120674e-01,5.266666666666424135e+00,3.333333333321206737e-01,5.133333333335031057e+00,6.666666666751552839e-02,3.333333333339396631e-01,-5.333333333328482695e-01,-4.066666666667515528e+00,-3.466666666667151731e+00,-3.333333333321206737e-01,-2.133333333335031057e+00,3.666666666667879326e+00,-5.799999999999272404e+00,-9.666666666667879326e+00,2.866666666668606922e+00,-5.600000000000363798e+00,-9.199999999998908606e+00,-2.000000000001818989e+00,-7.266666666666424135e+00,-5.066666666667515528e+00,-7.133333333331393078e+00,-3.800000000001091394e+00,-8.333333333333939663e+00,2.666666666664241347e-01,-3.799999999999272404e+00,-9.800000000001091394e+00,-9.533333333332848269e+00,-1.133333333335031057e+00,-5.000000000000000000e+00,-8.533333333331029280e+00,-1.466666666665332741e+00,-1.933333333334303461e+00,-3.933333333334303461e+00,-2.933333333334303461e+00,-4.666666666664241347e+00,9.333333333288464928e-01,-5.999999999998181011e+00,-3.066666666667515528e+00,-4.600000000000363798e+00,-2.066666666665696539e+00,-7.333333333335758653e-01,-4.466666666667151731e+00,-1.866666666666787933e+00,2.666666666664241347e-01,-1.199999999998908606e+00
5.733333333333575865e+00,-4.933333333332484472e+00,2.466666666667151731e+00,1.666666666666060337e+00,-7.999999999992724042e-01,4.066666666667515528e+00,-1.933333333334303461e+00,-1.999999999989086064e-01,5.999999999985448085e-01,-5.333333333328482695e-01,-1.866666666666787933e+00,1.866666666666787933e+00,-4.666666666653327411e-01,1.666666666666060337e+00,4.933333333332484472e+00,6.866666666668606922e+00,1.593333333333248447e+01,1.780000000000109139e+01,1.813333333333321207e+01,1.633333333333393966e+01,2.433333333333212067e+01,2.579999999999927240e+01,2.333333333333575865e+01,2.173333333332993789e+01,2.406666666666751553e+01,2.553333333333466726e+01,2.206666666666751553e+01,2.433333333333030168e+01,1.773333333333721384e+01,1.860000000000036380e+01,1.159999999999854481e+01,1.333333333333212067e+01,2.066666666665696539e+00,7.999999999998181011e+00,2.666666666666060337e+00,4.333333333333939663e+00,1.333333333332120674e+00,4.266666666668243124e+00,1.199999999998908606e+00,-4.666666666653327411e-01,1.333333333368500462e-01,3.466666666665332741e+00,-4.066666666667515528e+00,6.400000000001455192e+00,1.933333333330665482e+00,-3.999999999996362021e-01,-3.200000000000727596e+00,2.066666666669334518e+00,-5.733333333333575865e+00,-1.266666666668243124e+00,-7.799999999999272404e+00,-1.866666666668606922e+00,-3.066666666663877550e+00,-2.133333333333212067e+00,-2.066666666669334518e+00,-3.066666666667515528e+00,-6.799999999997453415e+00,-5.133333333333212067e+00,-9.333333333332120674e+00,-7.666666666669698316e+00,-1.399999999997817213e+00,-6.666666666678793263e-01,-6.266666666666424135e+00,-1.866666666666787933e+00,-1.533333333332848269e+00,-1.000000000000000000e+01,-9.599999999998544808e+00,-9.266666666666424135e+00,-7.733333333333575865e+00,-6.066666666667515528e+00,-6.133333333333212067e+00,-1.266666666668243124e+00,-1.466666666665332741e+00,-1.066666666665696539e+00,-3.200000000000727596e+00,-7.933333333332484472e+00,-7.066666666667515528e+00,-6.666666666751552839e-02,-4.000000000001818989e+00,-3.066666666665696539e+00,6.266666666666424135e+00,3.333333333339396631e-01,-8.000000000010913936e-01,-3.999999999996362021e-01,-1.799999999997453415e+00,-1.733333333333575865e+00,-2.133333333333212067e+00,-2.400000000001455192e+00,-2.666666666682431241e-01,9.333333333343034610e-01,1.533333333332848269e+00,-9.999999999981810106e-01,-5.999999999985448085e-01,-3.333333333335758653e+00,5.999999999985448085e-01,-5.200000000000727596e+00,-4.666666666653327411e-01,1.333333333333939663e+00,5.266666666668243124e+00,3.333333333333939663e+00,1.933333333332484472e+00,-3.533333333332848269e+00,3.666666666666060337e+00,-1.266666666666424135e+00,-1.333333333333939663e+00,1.199999999998908606e+00,1.066666666667515528e+00,-3.133333333335031057e+00,5.466666666665332741e+00,-1.066666666663877550e+00,6.000000000003637979e-01,-1.533333333332848269e+00,-3.000000000001818989e+00,-6.000000000000000000e+00,-5.199999999998908606e+00,-5.999999999985448085e-01,3.399999999997817213e+00,-2.599999999998544808e+00,-4.733333333335394855e+00,-2.533333333331029280e+00,-2.266666666666424135e+00,-2.000000000001818989e+00,6.666666666660603369e-01,-5.333333333333939663e+00,-4.399999999999636202e+00,-1.999999999998181011e+00,-1.466666666665332741e+00,3.333333333339396631e-01,3.066666666665696539e+00,-1.333333333332120674e-01,-4.066666666667515528e+00,-6.066666666667515528e+00,-2.600000000000363798e+00,2.133333333333212067e+00,-2.200000000000727596e+00,2.666666666682431241e-01,-5.399999999997817213e+00,-3.533333333334667259e+00,-2.400000000001455192e+00,-7.199999999998908606e+00,2.066666666665696539e+00,-3.733333333331756876e+00,-6.533333333334667259e+00,-7.200000000000727596e+00,-3.266666666666424135e+00,1.666666666667879326e+00,-3.999999999996362021e-01,-6.200000000000727596e+00,-5.066666666665696539e+00,-2.133333333333212067e+00,-4.533333333334667259e+00,2.666666666664241347e+00,-3.466666666665332741e+00,-3.933333333332484472e+00,1.000000000001818989e+00,-5.399999999999636202e+00,-4.866666666668606922e+00,-1.333333333330301684e+00,-7.200000000002546585e+00,-2.333333333332120674e+00,-5.933333333334303461e+00,-1.799999999999272404e+00,3.599999999998544808e+00,-9.333333333343034610e-01,-6.666666666642413475e-01,-4.866666666666787933e+00,-5.333333333333939663e+00,-2.866666666666787933e+00,1.733333333333575865e+00,3.199999999998908606e+00,-1.533333333332848269e+00,6.666666666660603369e-01,1.000000000001818989e+00,2.133333333331393078e+00,-1.466666666667151731e+00,-6.000000000003637979e-01,-1.266666666666424135e+00,-4.199999999998908606e+00,-1.400000000001455192e+00,2.000000000001818989e+00,4.000000000014551915e-01,-8.000000000010913936e-01,9.333333333324844716e-01,-2.066666666667515528e+00,-4.399999999999636202e+00,-7.133333333335031057e+00,-1.133333333331393078e+00,-1.333333333332120674e-01,-2.333333333332120674e+00,-7.999999999992724042e-01,-1.666666666666060337e+00,-5.533333333332848269e+00,1.866666666664968943e+00,2.666666666664241347e-01,-5.666666666667879326e+00,1.866666666666787933e+00,-5.266666666666424135e+00,-5.533333333332848269e+00,-1.733333333335394855e+00,-3.066666666665696539e+00,6.666666666660603369e-01,1.333333333333939663e+00,-3.666666666667879326e+00,-2.199999999997089617e+00,-4.466666666668970720e+00,-1.399999999997817213e+00,1.533333333334667259e+00,-2.466666666667151731e+00,-4.000000000001818989e+00,-4.399999999999636202e+00,-5.400000000001455192e+00,2.200000000000727596e+00,2.666666666664241347e-01,-1.133333333333212067e+00,-1.200000000000727596e+00,-1.533333333332848269e+00,-2.533333333332848269e+00,-1.599999999998544808e+00,2.866666666666787933e+00,1.599999999998544808e+00,-2.399999999999636202e+00,-3.000000000000000000e+00,-3.133333333331393078e+00,-1.000000000001818989e+00,2.666666666666060337e+00,1.599999999996725819e+00,-1.066666666663877550e+00,-3.200000000000727596e+00,-3.933333333330665482e+00,-4.666666666666060337e+00,-1.733333333333575865e+00,-6.266666666668243124e+00,-9.200000000000727596e+00,-4.666666666666060337e+00,-1.533333333332848269e+00,-6.666666666569653898e-02,1.200000000000727596e+00,-2.933333333334303461e+00,-9.333333333343034610e-01,-5.133333333335031057e+00,-3.066666666665696539e+00,6.000000000003637979e-01,-3.599999999998544808e+00,-4.733333333333575865e+00,1.733333333333575865e+00,1.199999999998908606e+00,8.666666666667879326e-01,6.533333333332848269e+00,-1.733333333333575865e+00,1.133333333335031057e+00,2.000000000025465852e-01,-4.600000000000363798e+00,-3.466666666665332741e+00,3.799999999997453415e+00,-4.333333333333939663e+00,-3.000000000000000000e+00,-6.133333333333212067e+00,4.666666666666060337e+00,-1.000000000000000000e+00,-2.133333333333212067e+00,5.333333333328482695e-01,1.066666666665696539e+00,-6.666666666666060337e+00,-1.333333333333939663e+00,-8.399999999999636202e+00,-3.466666666667151731e+00,6.666666666660603369e-01,-3.199999999998908606e+00,-6.933333333334303461e+00,4.466666666668970720e+00,-2.066666666665696539e+00,-2.266666666668243124e+00,-4.733333333333575865e+00,-1.333333333332120674e-01,-4.866666666668606922e+00,-2.266666666664605145e+00,-3.933333333334303461e+00,-1.466666666667151731e+00,6.000000000003637979e-01,-5.999999999985448085e-01,-3.066666666665696539e+00,-4.200000000004365575e+00,-5.333333333310292801e-01,-4.266666666668243124e+00,-3.933333333330665482e+00,-3.799999999999272404e+00,4.066666666665696539e+00,-2.000000000000000000e+00,2.666666666666060337e+00,1.066666666665696539e+00,-3.999999999998181011e+00,1.266666666666424135e+00,6.266666666664605145e+00,1.199999999998908606e+00,-1.066666666665696539e+00,4.666666666653327411e-01,-2.799999999999272404e+00,-9.333333333306654822e-01,2.933333333332484472e+00,1.133333333333212067e+00,6.466666666665332741e+00,-3.333333333332120674e+00,1.333333333313930780e-01,-6.066666666663877550e+00,3.999999999978172127e-01,-1.133333333331393078e+00,-1.533333333332848269e+00,-3.266666666668243124e+00,-5.733333333331756876e+00,7.999999999992724042e-01,-6.666666666660603369e-01,2.199999999998908606e+00,1.000000000000000000e+00,-3.533333333332848269e+00
-3.199999999997089617e+00,-3.466666666667151731e+00,-2.733333333331756876e+00,-1.333333333333939663e+00,3.200000000000727596e+00,1.666666666664241347e+00,-7.999999999992724042e-01,-1.866666666666787933e+00,-4.533333333332848269e+00,1.333333333333939663e+00,-1.399999999999636202e+00,-2.933333333334303461e+00,-5.866666666664968943e+00,-2.133333333335031057e+00,8.466666666667151731e+00,1.059999999999854481e+01,1.046666666666715173e+01,1.973333333333175688e+01,1.639999999999963620e+01,1.300000000000181899e+01,1.906666666666751553e+01,2.006666666666569654e+01,2.026666666666642413e+01,2.306666666666569654e+01,1.600000000000181899e+01,1.719999999999890861e+01,1.946666666666715173e+01,2.106666666666569654e+01,2.253333333333648625e+01,1.333333333333212067e+01,8.066666666667515528e+00,6.533333333331029280e+00,-1.333333333330301684e+00,2.199999999998908606e+00,1.533333333332848269e+00,-4.333333333333939663e+00,-6.200000000000727596e+00,-6.066666666665696539e+00,-5.933333333334303461e+00,-3.199999999998908606e+00,-3.266666666666424135e+00,-5.400000000001455192e+00,-4.266666666668243124e+00,-7.999999999998181011e+00,-5.799999999999272404e+00,-4.333333333333939663e+00,-4.533333333332848269e+00,-3.866666666666787933e+00,-3.333333333332120674e+00,-7.733333333333575865e+00,-2.600000000000363798e+00,-4.866666666668606922e+00,-2.733333333331756876e+00,-4.333333333333939663e+00,6.000000000003637979e-01,-3.666666666666060337e+00,-1.666666666664241347e+00,-4.466666666667151731e+00,-2.333333333335758653e+00,-2.933333333332484472e+00,1.333333333313930780e-01,-1.666666666667879326e+00,-2.266666666664605145e+00,-2.133333333333212067e+00,-1.000000000000000000e+00,-3.866666666668606922e+00,-3.933333333330665482e+00,-3.133333333335031057e+00,-5.199999999998908606e+00,-7.066666666665696539e+00,-3.733333333333575865e+00,-5.266666666666424135e+00,-5.266666666668243124e+00,-3.799999999997453415e+00,-4.200000000000727596e+00,-4.466666666667151731e+00,-5.133333333335031057e+00,-4.399999999999636202e+00,-5.466666666667151731e+00,-3.933333333332484472e+00,-1.999999999998181011e+00,-2.800000000001091394e+00,-1.866666666666787933e+00,2.533333333334667259e+00,-1.733333333333575865e+00,-8.000000000010913936e-01,-4.000000000014551915e-01,-5.999999999985448085e-01,6.666666666751552839e-02,-2.133333333333212067e+00,2.333333333332120674e+00,1.333333333332120674e-01,1.133333333333212067e+00,-1.333333333332120674e+00,6.466666666667151731e+00,1.333333333313930780e-01,3.400000000001455192e+00,4.866666666666787933e+00,2.266666666664605145e+00,5.733333333333575865e+00,3.400000000001455192e+00,4.799999999999272404e+00,7.066666666665696539e+00,3.866666666666787933e+00,4.599999999998544808e+00,1.333333333332120674e-01,2.533333333332848269e+00,5.533333333336486248e+00,1.533333333332848269e+00,-1.933333333332484472e+00,3.000000000000000000e+00,2.133333333335031057e+00,3.066666666665696539e+00,-3.200000000000727596e+00,-4.666666666667879326e+00,2.133333333335031057e+00,6.666666666569653898e-02,-2.199999999998908606e+00,-6.600000000002182787e+00,1.333333333350310568e-01,-3.466666666665332741e+00,-1.600000000002182787e+00,-4.466666666665332741e+00,-2.666666666664241347e-01,-7.333333333335758653e-01,-2.200000000000727596e+00,5.999999999985448085e-01,-6.533333333332848269e+00,9.333333333324844716e-01,2.466666666667151731e+00,-1.666666666666060337e+00,-1.666666666666060337e+00,1.533333333332848269e+00,8.266666666666424135e+00,-5.333333333346672589e-01,5.333333333328482695e-01,-5.333333333310292801e-01,-2.333333333333939663e+00,1.066666666665696539e+00,1.066666666669334518e+00,1.666666666664241347e+00,-4.933333333332484472e+00,-6.666666666660603369e-01,-6.666666666642413475e-01,-6.266666666668243124e+00,-5.133333333333212067e+00,-3.799999999999272404e+00,-8.200000000002546585e+00,-7.733333333331756876e+00,-4.666666666667879326e+00,-4.666666666671517305e-01,6.666666666569653898e-02,1.600000000000363798e+00,-4.799999999999272404e+00,-7.933333333332484472e+00,-1.599999999998544808e+00,-2.800000000001091394e+00,-1.199999999998908606e+00,-3.400000000001455192e+00,1.866666666666787933e+00,-3.866666666668606922e+00,-2.666666666682431241e-01,1.333333333335758653e+00,6.666666666569653898e-02,3.333333333357586525e-01,-4.799999999999272404e+00,-2.400000000001455192e+00,-3.799999999999272404e+00,-1.666666666667879326e+00,2.000000000007275958e-01,-5.599999999998544808e+00,-1.933333333336122450e+00,-1.000000000000000000e+00,-3.999999999998181011e+00,-3.400000000001455192e+00,-2.533333333332848269e+00,-1.666666666666060337e+00,-4.000000000000000000e+00,-3.666666666667879326e+00,-7.533333333332848269e+00,-7.333333333335758653e-01,2.000000000001818989e+00,-7.200000000000727596e+00,-3.066666666667515528e+00,-2.866666666666787933e+00,-4.199999999998908606e+00,1.666666666666060337e+00,-4.933333333334303461e+00,-4.333333333332120674e+00,-4.000000000014551915e-01,3.466666666667151731e+00,-1.466666666667151731e+00,5.333333333328482695e-01,-2.266666666664605145e+00,-4.866666666666787933e+00,-6.000000000003637979e-01,-7.133333333331393078e+00,3.866666666664968943e+00,-1.333333333332120674e-01,2.266666666666424135e+00,-6.666666666678793263e-01,-2.066666666663877550e+00,7.999999999974534148e-01,7.333333333335758653e-01,-4.866666666666787933e+00,-8.266666666664605145e+00,-4.400000000001455192e+00,-2.333333333332120674e+00,2.866666666666787933e+00,6.600000000000363798e+00,-1.533333333336486248e+00,-2.933333333332484472e+00,-2.799999999999272404e+00,-2.533333333332848269e+00,-1.466666666667151731e+00,-8.666666666667879326e-01,-3.000000000000000000e+00,-3.200000000000727596e+00,5.333333333346672589e-01,8.666666666667879326e-01,2.599999999998544808e+00,2.666666666664241347e-01,-6.666666666660603369e-01,-1.933333333332484472e+00,-2.733333333333575865e+00,-3.066666666667515528e+00,9.333333333343034610e-01,-3.133333333331393078e+00,-1.200000000000727596e+00,-3.733333333335394855e+00,1.333333333332120674e+00,-8.666666666667879326e-01,-2.199999999997089617e+00,-3.266666666668243124e+00,-6.666666666660603369e-01,3.333333333339396631e-01,-1.599999999998544808e+00,-4.066666666667515528e+00,-3.933333333332484472e+00,-3.533333333334667259e+00,-2.666666666666060337e+00,-3.333333333333939663e+00,2.666666666666060337e+00,9.999999999981810106e-01,1.333333333332120674e-01,-2.666666666664241347e-01,-4.799999999997453415e+00,1.399999999999636202e+00,7.333333333335758653e-01,-2.000000000000000000e+00,-4.666666666667879326e+00,-2.799999999999272404e+00,1.000000000000000000e+00,-1.333333333333939663e+00,5.733333333333575865e+00,5.333333333346672589e-01,-2.666666666682431241e-01,-5.399999999999636202e+00,-1.333333333333939663e+00,-1.933333333334303461e+00,-1.399999999997817213e+00,7.333333333353948547e-01,-3.333333333333939663e+00,-1.466666666668970720e+00,-1.066666666665696539e+00,2.266666666666424135e+00,-1.400000000001455192e+00,-1.133333333331393078e+00,1.200000000000727596e+00,-4.399999999999636202e+00,-2.933333333334303461e+00,-1.866666666668606922e+00,-9.999999999981810106e-01,1.333333333313930780e-01,-1.066666666665696539e+00,-3.666666666667879326e+00,1.466666666668970720e+00,-1.733333333333575865e+00,-3.000000000001818989e+00,-2.733333333331756876e+00,-1.733333333333575865e+00,-6.666666666751552839e-02,-1.333333333333939663e+00,-5.733333333331756876e+00,-2.400000000001455192e+00,-4.999999999998181011e+00,7.999999999992724042e-01,2.533333333331029280e+00,-2.399999999997817213e+00,7.333333333317568759e-01,3.466666666668970720e+00,-3.466666666667151731e+00,-2.666666666682431241e-01,7.333333333335758653e-01,1.200000000000727596e+00,-5.333333333328482695e-01,3.200000000000727596e+00,-1.866666666666787933e+00,3.733333333333575865e+00,8.000000000010913936e-01,4.466666666667151731e+00,2.666666666664241347e+00,-1.866666666666787933e+00,1.066666666665696539e+00,-2.666666666666060337e+00,-5.466666666667151731e+00,8.000000000010913936e-01,3.333333333321206737e-01,1.600000000000363798e+00,-1.599999999998544808e+00,-3.600000000000363798e+00,-5.133333333333212067e+00,3.999999999996362021e-01,-7.333333333335758653e-01
4.066666666665696539e+00,-4.466666666667151731e+00,7.200000000000727596e+00,-3.666666666667879326e+00,-3.266666666666424135e+00,3.066666666665696539e+00,7.333333333353948547e-01,6.666666666660603369e-01,5.266666666668243124e+00,-7.333333333335758653e-01,3.333333333339396631e-01,2.333333333332120674e+00,8.666666666649689432e-01,-4.000000000000000000e+00,2.199999999998908606e+00,5.333333333335758653e+00,8.133333333331393078e+00,1.466666666665332741e+00,9.800000000002910383e+00,1.033333333333212067e+01,9.133333333333212067e+00,8.933333333336122450e+00,1.033333333333212067e+01,6.933333333334303461e+00,9.666666666666060337e+00,1.039999999999963620e+01,8.266666666666424135e+00,1.266666666666787933e+01,6.599999999998544808e+00,6.000000000001818989e+00,4.733333333331756876e+00,-1.466666666665332741e+00,3.133333333331393078e+00,9.333333333324844716e-01,2.200000000000727596e+00,1.466666666667151731e+00,-1.800000000001091394e+00,-3.333333333339396631e-01,5.333333333328482695e-01,-1.333333333313930780e-01,1.333333333332120674e+00,2.533333333334667259e+00,-2.799999999999272404e+00,5.533333333332848269e+00,-2.733333333331756876e+00,-2.866666666666787933e+00,4.666666666666060337e+00,-5.400000000003274181e+00,-3.333333333321206737e-01,-5.999999999998181011e+00,-3.600000000000363798e+00,-9.333333333343034610e-01,-6.733333333333575865e+00,-1.800000000001091394e+00,-3.066666666665696539e+00,-7.533333333332848269e+00,-4.199999999998908606e+00,-3.866666666668606922e+00,-4.599999999998544808e+00,-7.333333333335758653e-01,-3.133333333333212067e+00,-3.533333333332848269e+00,2.000000000000000000e+00,-3.066666666667515528e+00,6.666666666660603369e-01,-4.600000000000363798e+00,-3.999999999978172127e-01,1.399999999999636202e+00,-4.399999999999636202e+00,-3.333333333321206737e-01,-1.066666666665696539e+00,-3.066666666667515528e+00,-3.333333333339396631e-01,-2.666666666666060337e+00,-1.066666666667515528e+00,-5.066666666667515528e+00,-3.266666666666424135e+00,-2.133333333333212067e+00,0.000000000000000000e+00,-5.666666666666060337e+00,1.799999999999272404e+00,-4.066666666669334518e+00,-2.266666666664605145e+00,-9.333333333343034610e-01,-2.200000000000727596e+00,-1.999999999989086064e-01,2.666666666664241347e-01,-1.333333333333939663e+00,-1.333333333332120674e+00,-2.000000000000000000e+00,4.933333333332484472e+00,2.199999999998908606e+00,3.400000000003274181e+00,6.133333333333212067e+00,1.299999999999818101e+01,1.019999999999890861e+01,1.286666666666860692e+01,1.213333333333321207e+01,2.066666666666606034e+01,1.779999999999927240e+01,1.853333333333284827e+01,2.233333333333393966e+01,1.839999999999963620e+01,1.826666666666642413e+01,2.366666666666787933e+01,1.720000000000072760e+01,1.580000000000109139e+01,1.479999999999927240e+01,1.073333333333357587e+01,1.020000000000072760e+01,9.066666666665696539e+00,4.999999999998181011e+00,6.066666666667515528e+00,-2.466666666667151731e+00,7.333333333335758653e-01,-1.133333333335031057e+00,-3.866666666666787933e+00,1.800000000002910383e+00,3.000000000000000000e+00,-4.666666666671517305e-01,2.666666666664241347e-01,3.266666666666424135e+00,-8.666666666631499538e-01,2.133333333331393078e+00,6.666666666569653898e-02,-4.399999999999636202e+00,3.133333333331393078e+00,-2.333333333332120674e+00,1.733333333333575865e+00,-2.000000000000000000e+00,6.666666666660603369e-01,-1.066666666665696539e+00,-1.333333333333939663e+00,-3.599999999998544808e+00,-8.933333333334303461e+00,9.999999999981810106e-01,-5.799999999999272404e+00,-1.466666666667151731e+00,-5.133333333333212067e+00,-5.333333333332120674e+00,-1.066666666667515528e+00,-1.266666666666424135e+00,-1.733333333331756876e+00,-3.199999999998908606e+00,-2.333333333333939663e+00,-6.200000000000727596e+00,-7.533333333334667259e+00,-5.333333333333939663e+00,-6.200000000000727596e+00,-1.933333333330665482e+00,-7.133333333333212067e+00,-4.133333333335031057e+00,-4.666666666666060337e+00,-1.200000000000727596e+00,-4.666666666666060337e+00,-4.666666666667879326e+00,-7.933333333330665482e+00,-1.600000000000363798e+00,-6.733333333333575865e+00,-2.733333333333575865e+00,-4.533333333332848269e+00,-7.999999999992724042e-01,-3.466666666667151731e+00,1.333333333332120674e-01,-2.666666666666060337e+00,-1.933333333332484472e+00,1.599999999998544808e+00,-4.266666666666424135e+00,-7.800000000001091394e+00,-9.333333333343034610e-01,-2.000000000000000000e+00,-4.133333333331393078e+00,-6.933333333334303461e+00,-8.666666666667879326e-01,-6.066666666667515528e+00,1.533333333334667259e+00,-5.666666666666060337e+00,-2.866666666664968943e+00,-3.600000000002182787e+00,-7.333333333332120674e+00,-5.733333333333575865e+00,-6.799999999999272404e+00,9.999999999981810106e-01,-6.000000000021827873e-01,-3.066666666665696539e+00,-1.733333333333575865e+00,-5.266666666668243124e+00,-5.799999999999272404e+00,-1.933333333332484472e+00,-4.799999999999272404e+00,-4.399999999999636202e+00,1.466666666667151731e+00,-4.133333333333212067e+00,4.666666666689707199e-01,1.399999999999636202e+00,-5.666666666667879326e+00,-5.533333333334667259e+00,-3.533333333334667259e+00,-8.666666666649689432e-01,-4.266666666666424135e+00,-2.600000000000363798e+00,1.999999999989086064e-01,4.733333333335394855e+00,-4.266666666666424135e+00,-1.266666666666424135e+00,-6.266666666666424135e+00,-2.400000000001455192e+00,1.333333333350310568e-01,-5.933333333334303461e+00,-2.266666666668243124e+00,-9.333333333343034610e-01,-1.600000000000363798e+00,-6.733333333333575865e+00,-3.533333333331029280e+00,-3.266666666668243124e+00,-5.533333333332848269e+00,-3.533333333331029280e+00,-8.600000000000363798e+00,-6.000000000000000000e+00,-1.466666666667151731e+00,-5.333333333346672589e-01,-5.066666666665696539e+00,-1.533333333334667259e+00,-1.266666666666424135e+00,-3.466666666665332741e+00,2.466666666667151731e+00,3.333333333321206737e-01,-1.133333333333212067e+00,-7.000000000000000000e+00,3.333333333339396631e-01,1.333333333333939663e+00,-7.333333333335758653e-01,-1.200000000000727596e+00,7.333333333335758653e-01,3.999999999996362021e-01,-3.266666666668243124e+00,-1.866666666664968943e+00,-5.266666666666424135e+00,-5.066666666667515528e+00,-3.999999999996362021e-01,-1.800000000001091394e+00,-4.133333333333212067e+00,-1.733333333333575865e+00,4.000000000001818989e+00,-1.733333333335394855e+00,-5.533333333332848269e+00,-3.066666666667515528e+00,-2.133333333333212067e+00,-2.866666666664968943e+00,-4.600000000000363798e+00,1.866666666666787933e+00,-2.866666666664968943e+00,-3.533333333334667259e+00,-8.666666666667879326e-01,-1.666666666666060337e+00,-3.800000000001091394e+00,2.666666666664241347e-01,-1.066666666665696539e+00,-7.866666666664968943e+00,-3.866666666666787933e+00,-2.133333333335031057e+00,-5.600000000000363798e+00,2.666666666664241347e-01,-6.666666666660603369e-01,8.666666666667879326e-01,-3.533333333332848269e+00,-3.600000000000363798e+00,1.466666666667151731e+00,2.000000000007275958e-01,-3.066666666667515528e+00,-3.000000000000000000e+00,-6.666666666678793263e-01,1.933333333334303461e+00,3.066666666665696539e+00,1.133333333335031057e+00,-2.066666666667515528e+00,3.533333333332848269e+00,1.818989403545856476e-12,-3.066666666667515528e+00,-3.199999999998908606e+00,-4.399999999999636202e+00,4.666666666671517305e-01,-2.466666666667151731e+00,-4.933333333334303461e+00,1.000000000000000000e+00,-1.866666666666787933e+00,-5.333333333335758653e+00,-2.599999999998544808e+00,-3.600000000000363798e+00,-6.466666666667151731e+00,-1.199999999998908606e+00,-4.933333333334303461e+00,-2.666666666667879326e+00,-1.533333333329210291e+00,-4.666666666689707199e-01,-3.333333333339396631e-01,8.666666666667879326e-01,-4.399999999999636202e+00,1.533333333331029280e+00,-2.733333333331756876e+00,-4.666666666671517305e-01,-6.666666666642413475e-01,-5.266666666666424135e+00,-2.200000000000727596e+00,2.000000000000000000e+00,-7.333333333353948547e-01,1.466666666667151731e+00,3.999999999996362021e-01,1.200000000000727596e+00,-5.733333333333575865e+00,4.666666666671517305e-01,-1.066666666667515528e+00,-1.866666666664968943e+00,-4.933333333334303461e+00
-4.666666666671517305e-01,2.800000000001091394e+00,-2.466666666665332741e+00,-3.866666666666787933e+00,1.200000000000727596e+00,3.333333333332120674e+00,1.533333333332848269e+00,-1.599999999998544808e+00,1.466666666667151731e+00,-2.666666666682431241e-01,6.000000000021827873e-01,1.000000000000000000e+00,7.999999999974534148e-01,-9.333333333324844716e-01,4.133333333333212067e+00,7.199999999998908606e+00,8.266666666666424135e+00,1.700000000000000000e+01,2.446666666666715173e+01,2.826666666666642413e+01,3.120000000000072760e+01,3.593333333333430346e+01,3.366666666666606034e+01,3.580000000000109139e+01,3.186666666666496894e+01,3.226666666666642413e+01,3.926666666666642413e+01,3.079999999999927240e+01,3.406666666666751553e+01,2.453333333333648625e+01,2.379999999999927240e+01,1.973333333333357587e+01,1.959999999999854481e+01,6.466666666667151731e+00,1.733333333331756876e+00,-4.466666666665332741e+00,-6.800000000001091394e+00,-6.466666666667151731e+00,-1.153333333333102928e+01,9.999999999981810106e-01,-1.799999999999272404e+00,-1.013333333333321207e+01,-3.466666666667151731e+00,-1.039999999999963620e+01,-3.733333333333575865e+00,-5.200000000000727596e+00,-5.000000000000000000e+00,-1.146666666666715173e+01,-7.599999999998544808e+00,-8.866666666668606922e+00,-6.666666666569653898e-02,-3.600000000000363798e+00,-5.133333333335031057e+00,-7.533333333331029280e+00,-1.200000000000181899e+01,-7.933333333330665482e+00,-2.266666666666424135e+00,-7.466666666667151731e+00,-2.333333333332120674e+00,-5.066666666667515528e+00,-9.066666666667515528e+00,-5.666666666666060337e+00,-1.466666666667151731e+00,-6.666666666569653898e-02,-2.266666666666424135e+00,-9.866666666668606922e+00,-6.866666666666787933e+00,-5.800000000001091394e+00,-3.666666666667879326e+00,-2.333333333330301684e+00,-3.799999999999272404e+00,-1.100000000000000000e+01,-3.466666666665332741e+00,-6.533333333334667259e+00,-9.533333333332848269e+00,-4.266666666668243124e+00,-8.333333333332120674e+00,-7.600000000000363798e+00,-7.666666666667879326e+00,-2.733333333333575865e+00,7.333333333335758653e-01,-4.666666666671517305e-01,-1.999999999998181011e+00,-2.933333333332484472e+00,-6.600000000000363798e+00,-2.933333333332484472e+00,3.999999999978172127e-01,-4.399999999999636202e+00,-6.000000000003637979e-01,-1.600000000000363798e+00,1.400000000001455192e+00,6.666666666751552839e-02,1.000000000000000000e+00,-1.266666666666424135e+00,-2.600000000002182787e+00,-4.266666666666424135e+00,-3.066666666665696539e+00,-3.666666666667879326e+00,3.333333333339396631e-01,2.466666666667151731e+00,1.333333333332120674e-01,-7.333333333372138441e-01,-1.266666666664605145e+00,-3.400000000001455192e+00,7.333333333353948547e-01,-3.933333333334303461e+00,6.666666666751552839e-02,-6.666666666660603369e-01,-1.933333333332484472e+00,-4.666666666671517305e-01,-1.399999999999636202e+00,-8.066666666665696539e+00,3.933333333332484472e+00,-2.399999999999636202e+00,-3.200000000000727596e+00,-2.866666666666787933e+00,-4.399999999999636202e+00,2.066666666665696539e+00,3.333333333339396631e-01,1.333333333333939663e+00,1.333333333313930780e-01,-3.466666666665332741e+00,-5.866666666668606922e+00,2.466666666667151731e+00,-6.666666666678793263e-01,-5.066666666665696539e+00,5.000000000001818989e+00,-2.733333333333575865e+00,4.666666666671517305e-01,-1.133333333333212067e+00,-2.666666666667879326e+00,4.666666666689707199e-01,-6.800000000001091394e+00,-3.133333333333212067e+00,-4.333333333335758653e+00,-1.933333333332484472e+00,1.133333333335031057e+00,-3.333333333339396631e-01,-6.333333333333939663e+00,-2.666666666666060337e+00,-1.333333333332120674e-01,-4.466666666667151731e+00,-5.266666666666424135e+00,-4.533333333332848269e+00,-2.933333333332484472e+00,-3.733333333333575865e+00,-4.399999999999636202e+00,-4.133333333335031057e+00,-2.733333333333575865e+00,-4.200000000000727596e+00,-3.333333333332120674e+00,-6.600000000000363798e+00,-4.733333333331756876e+00,-1.066666666667515528e+00,-4.199999999998908606e+00,-7.066666666667515528e+00,-2.733333333333575865e+00,-7.600000000000363798e+00,-2.733333333333575865e+00,-3.333333333321206737e-01,-2.733333333333575865e+00,-6.666666666678793263e-01,2.400000000001455192e+00,-4.666666666689707199e-01,-1.066666666665696539e+00,-5.333333333328482695e-01,-7.333333333317568759e-01,-4.666666666671517305e-01,-4.799999999999272404e+00,-1.466666666667151731e+00,-6.666666666751552839e-02,-4.866666666666787933e+00,3.799999999999272404e+00,-1.599999999998544808e+00,-3.999999999996362021e-01,1.199999999998908606e+00,-4.599999999998544808e+00,-3.133333333333212067e+00,-2.933333333334303461e+00,-6.666666666751552839e-02,-2.000000000007275958e-01,-1.600000000000363798e+00,6.666666666751552839e-02,1.933333333334303461e+00,-4.666666666671517305e-01,-2.600000000000363798e+00,-1.199999999998908606e+00,-4.066666666669334518e+00,-5.333333333328482695e-01,-5.733333333331756876e+00,-4.399999999999636202e+00,2.466666666667151731e+00,-4.800000000001091394e+00,-3.466666666667151731e+00,-7.533333333332848269e+00,-8.666666666666060337e+00,0.000000000000000000e+00,-2.600000000000363798e+00,-3.933333333332484472e+00,-5.333333333333939663e+00,-6.666666666751552839e-02,-2.066666666667515528e+00,3.999999999996362021e-01,-4.999999999998181011e+00,-5.333333333328482695e-01,-3.066666666665696539e+00,-5.733333333335394855e+00,-2.533333333332848269e+00,-2.000000000000000000e+00,-6.666666666660603369e-01,1.266666666664605145e+00,-3.666666666664241347e+00,-2.399999999999636202e+00,-2.466666666667151731e+00,-5.333333333328482695e-01,-4.333333333335758653e+00,1.799999999999272404e+00,-2.600000000000363798e+00,-1.200000000000727596e+00,6.000000000003637979e-01,-1.799999999999272404e+00,4.466666666667151731e+00,2.600000000000363798e+00,-1.733333333333575865e+00,2.000000000007275958e-01,-3.733333333335394855e+00,-2.133333333333212067e+00,-2.666666666627861559e-01,-1.866666666668606922e+00,-1.800000000001091394e+00,2.466666666667151731e+00,-4.466666666665332741e+00,3.333333333339396631e-01,-2.933333333334303461e+00,-1.933333333332484472e+00,2.666666666666060337e+00,-4.266666666666424135e+00,-4.800000000001091394e+00,-7.333333333335758653e-01,-1.866666666668606922e+00,1.400000000001455192e+00,-1.400000000001455192e+00,-8.399999999999636202e+00,1.000000000000000000e+00,-1.999999999998181011e+00,-5.600000000000363798e+00,1.666666666667879326e+00,-2.333333333332120674e+00,-3.133333333333212067e+00,-1.533333333332848269e+00,-4.933333333332484472e+00,-3.266666666668243124e+00,2.066666666667515528e+00,-6.666666666696983157e-01,3.133333333333212067e+00,-1.599999999998544808e+00,-5.333333333328482695e-01,3.266666666666424135e+00,-4.666666666669698316e+00,-5.999999999985448085e-01,3.266666666666424135e+00,-4.066666666667515528e+00,-2.800000000001091394e+00,1.866666666668606922e+00,-2.933333333332484472e+00,4.666666666671517305e-01,-2.600000000000363798e+00,-2.133333333333212067e+00,-2.733333333333575865e+00,-3.666666666667879326e+00,-6.000000000003637979e-01,-6.133333333333212067e+00,-2.333333333332120674e+00,6.666666666678793263e-01,-4.200000000000727596e+00,-1.933333333334303461e+00,3.333333333339396631e-01,-1.666666666666060337e+00,7.999999999992724042e-01,-4.533333333331029280e+00,-1.600000000002182787e+00,-5.999999999985448085e-01,-1.866666666668606922e+00,4.000000000014551915e-01,-5.333333333328482695e-01,-4.266666666668243124e+00,2.333333333335758653e+00,2.333333333330301684e+00,1.066666666667515528e+00,4.000000000014551915e-01,-1.000000000000000000e+00,-4.666666666667879326e+00,6.666666666660603369e-01,-2.133333333333212067e+00,-1.066666666665696539e+00,1.999999999989086064e-01,-1.666666666666060337e+00,2.266666666666424135e+00,-2.799999999997453415e+00,-1.866666666666787933e+00,-6.666666666696983157e-01,1.066666666667515528e+00,-3.266666666668243124e+00,-3.133333333333212067e+00,-1.266666666666424135e+00,-2.933333333332484472e+00,4.933333333330665482e+00,-4.533333333332848269e+00,1.533333333334667259e+00,-1.666666666666060337e+00,-5.000000000000000000e+00,-1.933333333334303461e+00,-6.333333333333939663e+00,2.266666666666424135e+00
2.266666666670062114e+00,-2.133333333335031057e+00,-2.466666666663513752e+00,-1.533333333332848269e+00,2.066666666662058560e+00,2.466666666667151731e+00,-4.066666666665696539e+00,-1.733333333333575865e+00,3.466666666668970720e+00,-6.399999999999636202e+00,-1.933333333336122450e+00,1.733333333333575865e+00,8.666666666667879326e-01,3.066666666665696539e+00,6.133333333333212067e+00,6.200000000000727596e+00,7.400000000001455192e+00,1.413333333333321207e+01,1.439999999999963620e+01,1.233333333333393966e+01,1.460000000000036380e+01,1.813333333333321207e+01,1.319999999999890861e+01,1.640000000000145519e+01,1.926666666666642413e+01,1.673333333333357587e+01,1.686666666666678793e+01,1.633333333333212067e+01,1.826666666666642413e+01,6.599999999998544808e+00,1.206666666666751553e+01,7.799999999999272404e+00,5.466666666667151731e+00,4.600000000000363798e+00,-2.066666666667515528e+00,2.266666666668243124e+00,-2.200000000000727596e+00,4.133333333335031057e+00,-6.666666666678793263e-01,-1.866666666664968943e+00,-8.666666666686069220e-01,-3.333333333333939663e+00,-3.600000000002182787e+00,-1.333333333332120674e+00,-9.333333333324844716e-01,-6.066666666667515528e+00,-2.866666666666787933e+00,-5.666666666664241347e+00,-5.733333333335394855e+00,1.133333333335031057e+00,-5.133333333333212067e+00,-1.466666666667151731e+00,-1.113333333333321207e+01,-5.866666666664968943e+00,-5.133333333333212067e+00,-3.533333333332848269e+00,-4.333333333333939663e+00,-4.533333333332848269e+00,-8.333333333332120674e+00,-2.466666666667151731e+00,-6.133333333336850046e+00,-1.086666666666678793e+01,-6.200000000000727596e+00,-5.266666666666424135e+00,-4.133333333333212067e+00,-2.666666666667879326e+00,-4.866666666664968943e+00,3.599999999998544808e+00,-1.733333333333575865e+00,-4.066666666663877550e+00,-5.333333333346672589e-01,-9.999999999981810106e-01,-6.066666666667515528e+00,-5.800000000001091394e+00,-1.466666666665332741e+00,-4.600000000002182787e+00,-1.200000000000727596e+00,-3.999999999996362021e-01,3.999999999996362021e-01,-2.533333333332848269e+00,-4.599999999998544808e+00,-1.799999999999272404e+00,-4.466666666667151731e+00,-1.200000000000727596e+00,-2.199999999998908606e+00,-3.799999999999272404e+00,-1.533333333334667259e+00,4.666666666669698316e+00,1.333333333332120674e+00,-4.733333333331756876e+00,2.866666666663149954e+00,5.466666666667151731e+00,-3.999999999996362021e-01,2.799999999999272404e+00,-4.000000000014551915e-01,1.066666666667515528e+00,2.066666666667515528e+00,4.600000000002182787e+00,-1.133333333336850046e+00,2.200000000002546585e+00,1.666666666667879326e+00,-1.400000000003274181e+00,-1.533333333332848269e+00,2.399999999999636202e+00,3.199999999998908606e+00,-5.133333333335031057e+00,1.666666666667879326e+00,1.333333333335758653e+00,-6.800000000001091394e+00,3.600000000000363798e+00,9.333333333343034610e-01,1.133333333335031057e+00,-1.333333333333939663e+00,-9.333333333324844716e-01,-6.666666666660603369e-01,-2.066666666667515528e+00,-6.000000000001818989e+00,-1.466666666667151731e+00,-4.733333333333575865e+00,-4.399999999999636202e+00,2.666666666667879326e+00,-7.666666666667879326e+00,-6.866666666666787933e+00,4.600000000000363798e+00,-6.399999999997817213e+00,-2.733333333335394855e+00,-4.866666666664968943e+00,-6.799999999999272404e+00,-2.666666666682431241e-01,-3.866666666668606922e+00,-1.200000000000727596e+00,3.000000000001818989e+00,-1.133333333335031057e+00,6.666666666678793263e-01,1.133333333335031057e+00,-9.333333333343034610e-01,-9.333333333324844716e-01,6.133333333333212067e+00,-5.333333333328482695e-01,6.000000000000000000e+00,-1.800000000001091394e+00,3.133333333333212067e+00,4.533333333334667259e+00,-1.533333333334667259e+00,3.333333333339396631e-01,3.999999999996362021e-01,-1.399999999999636202e+00,4.666666666653327411e-01,-4.666666666667879326e+00,-1.666666666666060337e+00,2.399999999997817213e+00,2.733333333337213844e+00,-7.133333333333212067e+00,-7.266666666666424135e+00,-6.733333333331756876e+00,-1.933333333334303461e+00,-3.066666666665696539e+00,-4.000000000001818989e+00,-2.666666666664241347e-01,-3.000000000000000000e+00,-3.600000000002182787e+00,-3.133333333333212067e+00,-2.933333333330665482e+00,7.133333333331393078e+00,-5.799999999999272404e+00,-3.666666666667879326e+00,-2.466666666667151731e+00,8.000000000010913936e-01,-2.933333333334303461e+00,2.666666666667879326e+00,-2.000000000025465852e-01,-4.799999999997453415e+00,-6.000000000000000000e+00,-3.466666666667151731e+00,-1.600000000000363798e+00,-7.333333333317568759e-01,1.266666666664605145e+00,-5.066666666663877550e+00,-8.466666666667151731e+00,4.733333333333575865e+00,-2.666666666666060337e+00,-3.600000000002182787e+00,-2.333333333333939663e+00,-2.666666666664241347e-01,-5.866666666668606922e+00,-1.066666666665696539e+00,1.866666666668606922e+00,6.800000000001091394e+00,-1.333333333333939663e+00,-1.066666666665696539e+00,-2.466666666667151731e+00,-5.866666666666787933e+00,-2.000000000000000000e+00,1.799999999997453415e+00,-3.666666666666060337e+00,-2.733333333333575865e+00,-2.000000000000000000e+00,-8.666666666631499538e-01,-1.400000000003274181e+00,-7.333333333353948547e-01,-9.999999999963620212e-01,-3.066666666667515528e+00,-5.600000000000363798e+00,6.666666666569653898e-02,1.399999999999636202e+00,-2.466666666665332741e+00,-2.933333333332484472e+00,3.333333333339396631e-01,-1.466666666668970720e+00,-5.133333333331393078e+00,-2.200000000002546585e+00,6.666666666751552839e-02,1.533333333334667259e+00,6.000000000003637979e-01,-2.733333333329937886e+00,-6.200000000000727596e+00,-6.666666666751552839e-02,-1.800000000001091394e+00,-3.399999999999636202e+00,0.000000000000000000e+00,3.333333333339396631e-01,-2.666666666682431241e-01,-2.600000000000363798e+00,-5.533333333334667259e+00,-1.800000000001091394e+00,3.333333333357586525e-01,-5.866666666666787933e+00,-7.533333333332848269e+00,-2.066666666667515528e+00,-1.666666666667879326e+00,8.399999999999636202e+00,-2.733333333331756876e+00,-2.533333333332848269e+00,9.333333333324844716e-01,-5.866666666666787933e+00,-5.333333333328482695e-01,3.733333333335394855e+00,-1.333333333335758653e+00,1.066666666665696539e+00,3.466666666668970720e+00,-2.066666666667515528e+00,1.333333333332120674e+00,-1.666666666667879326e+00,-2.199999999998908606e+00,9.333333333343034610e-01,-8.399999999999636202e+00,4.666666666671517305e-01,2.866666666666787933e+00,-1.866666666666787933e+00,-2.666666666666060337e+00,-5.066666666667515528e+00,-2.533333333332848269e+00,2.333333333330301684e+00,-1.333333333332120674e+00,-5.866666666666787933e+00,-1.666666666666060337e+00,-2.000000000007275958e-01,2.000000000007275958e-01,8.666666666686069220e-01,6.666666666660603369e-01,-2.333333333332120674e+00,-5.199999999998908606e+00,-7.066666666667515528e+00,-1.333333333333939663e+00,4.333333333332120674e+00,3.733333333333575865e+00,-1.666666666667879326e+00,6.666666666660603369e-01,1.533333333334667259e+00,-6.666666666660603369e-01,1.466666666667151731e+00,-4.200000000000727596e+00,3.066666666667515528e+00,1.999999999989086064e-01,-1.733333333335394855e+00,1.066666666667515528e+00,5.399999999999636202e+00,3.466666666668970720e+00,1.000000000000000000e+00,-4.000000000001818989e+00,-4.933333333334303461e+00,1.399999999999636202e+00,-3.599999999998544808e+00,-5.866666666666787933e+00,2.400000000001455192e+00,-5.000000000000000000e+00,-1.266666666666424135e+00,-5.600000000000363798e+00,-3.466666666667151731e+00,-4.933333333334303461e+00,-5.333333333328482695e-01,-8.933333333332484472e+00,-4.733333333331756876e+00,-4.600000000000363798e+00,-2.400000000001455192e+00,-1.066666666665696539e+00,-4.000000000001818989e+00,-4.666666666653327411e-01,8.666666666667879326e-01,-2.333333333335758653e+00,1.000000000000000000e+00,2.666666666664241347e-01,3.333333333333939663e+00,2.133333333335031057e+00,1.533333333332848269e+00,-3.266666666664605145e+00,5.799999999999272404e+00,1.333333333333939663e+00,-2.066666666667515528e+00,1.666666666666060337e+00,1.799999999997453415e+00,-6.000000000003637979e-01,-4.666666666671517305e-01,-6.666666666660603369e-01
1.333333333332120674e+00,-2.666666666664241347e-01,-5.066666666665696539e+00,8.666666666667879326e-01,-3.399999999999636202e+00,-1.466666666668970720e+00,-2.000000000007275958e-01,-2.933333333332484472e+00,4.133333333333212067e+00,1.533333333334667259e+00,7.999999999974534148e-01,1.466666666667151731e+00,-3.533333333332848269e+00,7.200000000000727596e+00,1.033333333333212067e+01,1.273333333333357587e+01,1.153333333333466726e+01,2.166666666666424135e+01,1.200000000000181899e+01,1.700000000000000000e+01,1.766666666666787933e+01,1.906666666666569654e+01,1.726666666666642413e+01,1.479999999999927240e+01,1.493333333333248447e+01,2.126666666666824312e+01,2.406666666666569654e+01,2.460000000000036380e+01,1.673333333333357587e+01,1.373333333333175688e+01,1.433333333333393966e+01,1.066666666666787933e+01,9.133333333333212067e+00,1.113333333333321207e+01,1.366666666666606034e+01,1.413333333333503106e+01,6.933333333332484472e+00,1.319999999999890861e+01,8.200000000000727596e+00,1.126666666666642413e+01,7.733333333331756876e+00,4.400000000001455192e+00,5.333333333335758653e+00,4.533333333331029280e+00,2.066666666667515528e+00,-1.000000000001818989e+00,4.933333333334303461e+00,-6.199999999998908606e+00,1.933333333332484472e+00,-3.399999999999636202e+00,-1.066666666666606034e+01,-2.266666666666424135e+00,-3.733333333333575865e+00,-1.000000000000000000e+00,-8.000000000000000000e+00,-2.200000000000727596e+00,-6.533333333334667259e+00,-6.333333333333939663e+00,-3.466666666665332741e+00,-1.933333333332484472e+00,-3.800000000001091394e+00,-4.933333333330665482e+00,2.000000000000000000e+00,-1.013333333333321207e+01,-6.266666666666424135e+00,9.333333333343034610e-01,-1.733333333335394855e+00,-5.466666666667151731e+00,-3.000000000001818989e+00,-1.866666666664968943e+00,-7.733333333333575865e+00,-1.466666666663513752e+00,-6.866666666668606922e+00,-3.000000000000000000e+00,-7.333333333353948547e-01,-6.733333333333575865e+00,-5.000000000000000000e+00,-5.399999999999636202e+00,3.333333333339396631e-01,1.733333333333575865e+00,-4.066666666667515528e+00,-5.399999999999636202e+00,-5.399999999997817213e+00,-7.333333333353948547e-01,-3.799999999997453415e+00,-4.066666666667515528e+00,7.333333333317568759e-01,2.333333333332120674e+00,-1.600000000000363798e+00,-6.800000000001091394e+00,-1.799999999997453415e+00,-1.266666666666424135e+00,2.666666666664241347e-01,3.466666666663513752e+00,2.399999999999636202e+00,3.333333333337577642e+00,3.599999999996725819e+00,1.006666666666751553e+01,6.133333333333212067e+00,4.933333333334303461e+00,7.266666666668243124e+00,-3.333333333321206737e-01,1.933333333334303461e+00,6.466666666667151731e+00,6.733333333331756876e+00,4.666666666664241347e+00,4.466666666667151731e+00,2.599999999998544808e+00,-1.466666666665332741e+00,6.666666666751552839e-02,-5.000000000000000000e+00,-1.066666666665696539e+00,-9.333333333343034610e-01,-1.173333333333357587e+01,-3.533333333332848269e+00,-3.933333333334303461e+00,-2.000000000007275958e-01,-2.000000000001818989e+00,-6.999999999996362021e+00,-4.866666666664968943e+00,-5.066666666667515528e+00,-2.066666666667515528e+00,-7.466666666667151731e+00,-2.399999999999636202e+00,-4.866666666664968943e+00,1.133333333331393078e+00,-3.399999999997817213e+00,-7.400000000001455192e+00,-1.133333333333212067e+00,-3.199999999998908606e+00,-1.933333333334303461e+00,-7.333333333333939663e+00,6.000000000003637979e-01,-4.600000000000363798e+00,-4.399999999999636202e+00,-8.666666666667879326e-01,-6.733333333333575865e+00,1.199999999998908606e+00,-2.133333333333212067e+00,-5.466666666665332741e+00,-6.533333333332848269e+00,-3.000000000000000000e+00,-5.399999999999636202e+00,-2.800000000002910383e+00,-4.599999999998544808e+00,-4.000000000001818989e+00,-6.666666666642413475e-01,-6.933333333332484472e+00,-3.733333333335394855e+00,-2.599999999998544808e+00,-4.066666666669334518e+00,-1.999999999989086064e-01,-1.933333333334303461e+00,-4.533333333332848269e+00,-4.933333333334303461e+00,-3.333333333321206737e-01,-1.800000000001091394e+00,1.599999999998544808e+00,-1.599999999996725819e+00,-1.200000000000727596e+00,-3.933333333332484472e+00,-3.266666666666424135e+00,-1.866666666666787933e+00,-2.000000000000000000e+00,7.333333333335758653e-01,-1.733333333333575865e+00,-2.733333333333575865e+00,-6.000000000001818989e+00,-1.199999999997089617e+00,3.266666666666424135e+00,-4.399999999999636202e+00,-4.066666666665696539e+00,2.666666666646051453e-01,-3.533333333334667259e+00,-1.266666666668243124e+00,-1.266666666666424135e+00,-2.199999999998908606e+00,-3.466666666665332741e+00,-1.466666666667151731e+00,-4.066666666667515528e+00,-5.999999999985448085e-01,-1.200000000000727596e+00,-3.466666666667151731e+00,-5.199999999998908606e+00,-5.666666666667879326e+00,-2.333333333333939663e+00,-1.599999999998544808e+00,-7.000000000001818989e+00,3.333333333339396631e-01,-4.533333333331029280e+00,-2.466666666667151731e+00,-3.466666666667151731e+00,-2.799999999999272404e+00,-2.399999999999636202e+00,-1.066666666667515528e+00,-1.333333333332120674e-01,-5.000000000000000000e+00,-2.666666666664241347e-01,-2.666666666666060337e+00,-7.999999999992724042e-01,-1.666666666667879326e+00,-5.933333333332484472e+00,4.199999999998908606e+00,1.533333333332848269e+00,6.666666666660603369e-01,-3.333333333332120674e+00,-1.866666666666787933e+00,1.733333333333575865e+00,-1.533333333332848269e+00,-3.000000000000000000e+00,-1.666666666666060337e+00,2.199999999997089617e+00,5.333333333346672589e-01,4.799999999999272404e+00,-4.266666666664605145e+00,8.666666666667879326e-01,1.466666666665332741e+00,-5.399999999999636202e+00,-1.033333333333212067e+01,-2.933333333334303461e+00,7.999999999992724042e-01,2.666666666664241347e-01,-4.800000000001091394e+00,1.866666666668606922e+00,-5.066666666667515528e+00,-5.200000000000727596e+00,-6.066666666665696539e+00,-6.066666666665696539e+00,-7.066666666665696539e+00,4.266666666666424135e+00,-5.000000000000000000e+00,-1.800000000001091394e+00,2.666666666664241347e-01,2.733333333331756876e+00,-2.333333333333939663e+00,-1.133333333331393078e+00,1.399999999999636202e+00,0.000000000000000000e+00,-4.133333333333212067e+00,4.200000000000727596e+00,-2.866666666666787933e+00,1.666666666666060337e+00,-1.200000000000727596e+00,2.000000000007275958e-01,-4.399999999999636202e+00,-1.333333333333939663e+00,-1.000000000000000000e+00,-3.000000000000000000e+00,-3.999999999996362021e-01,-2.866666666668606922e+00,-5.666666666664241347e+00,-4.733333333333575865e+00,-1.133333333333212067e+00,-4.000000000000000000e+00,-2.466666666667151731e+00,3.333333333339396631e-01,-5.199999999998908606e+00,1.333333333313930780e-01,-5.066666666665696539e+00,-2.266666666666424135e+00,-1.066666666665696539e+00,-1.466666666670789709e+00,-4.733333333331756876e+00,-6.799999999999272404e+00,1.133333333333212067e+00,-1.400000000001455192e+00,-6.000000000021827873e-01,-3.866666666664968943e+00,1.866666666668606922e+00,-2.533333333332848269e+00,-1.399999999997817213e+00,-6.000000000003637979e-01,-1.866666666668606922e+00,-2.266666666668243124e+00,-3.399999999999636202e+00,1.133333333333212067e+00,-1.133333333333212067e+00,2.666666666682431241e-01,-7.333333333335758653e-01,-5.000000000001818989e+00,2.333333333333939663e+00,-2.599999999998544808e+00,-3.200000000000727596e+00,-3.599999999996725819e+00,6.666666666624223581e-01,-1.133333333331393078e+00,2.199999999997089617e+00,-1.733333333331756876e+00,1.933333333332484472e+00,1.866666666664968943e+00,-1.533333333331029280e+00,-1.866666666666787933e+00,7.333333333335758653e-01,-2.000000000007275958e-01,-1.999999999989086064e-01,-4.799999999999272404e+00,-2.666666666682431241e-01,-9.333333333324844716e-01,-2.000000000000000000e+00,-6.000000000001818989e+00,-4.599999999996725819e+00,-3.333333333333939663e+00,-2.533333333332848269e+00,-2.200000000002546585e+00,-2.533333333332848269e+00,-1.066666666667515528e+00,-3.866666666666787933e+00,-6.799999999999272404e+00,2.666666666682431241e-01,2.066666666665696539e+00,-2.866666666666787933e+00,-3.933333333332484472e+00,1.666666666667879326e+00,1.666666666666060337e+00
-1.733333333333575865e+00,5.666666666666060337e+00,-3.799999999999272404e+00,-5.333333333328482695e-01,1.333333333333939663e+00,-3.933333333334303461e+00,-2.000000000000000000e+00,-1.600000000000363798e+00,4.666666666653327411e-01,-2.066666666667515528e+00,-2.866666666666787933e+00,-6.666666666678793263e-01,1.466666666668970720e+00,7.199999999998908606e+00,1.366666666666606034e+01,1.720000000000072760e+01,1.560000000000036380e+01,2.486666666666860692e+01,2.453333333333284827e+01,2.580000000000109139e+01,3.179999999999927240e+01,3.320000000000072760e+01,3.039999999999781721e+01,2.793333333333248447e+01,3.453333333333284827e+01,3.473333333333357587e+01,3.133333333333393966e+01,2.939999999999963620e+01,2.513333333333321207e+01,1.820000000000072760e+01,1.206666666666569654e+01,1.533333333333393966e+01,6.933333333332484472e+00,4.533333333336486248e+00,5.333333333328482695e-01,4.199999999998908606e+00,1.733333333333575865e+00,-5.066666666663877550e+00,0.000000000000000000e+00,3.999999999996362021e-01,-4.000000000000000000e+00,-7.200000000000727596e+00,1.666666666666060337e+00,-6.066666666663877550e+00,-7.000000000000000000e+00,5.999999999967258191e-01,-6.599999999998544808e+00,-5.266666666668243124e+00,-7.266666666666424135e+00,-1.066666666667515528e+00,-1.093333333333248447e+01,-9.266666666666424135e+00,2.333333333332120674e+00,-3.933333333334303461e+00,-2.333333333332120674e+00,-4.733333333333575865e+00,3.133333333335031057e+00,-5.466666666667151731e+00,-2.599999999998544808e+00,-2.333333333333939663e+00,-6.066666666665696539e+00,-6.333333333333939663e+00,-2.000000000001818989e+00,-1.933333333332484472e+00,-3.000000000000000000e+00,2.866666666664968943e+00,-4.066666666669334518e+00,-9.133333333333212067e+00,-2.866666666663149954e+00,-1.493333333333430346e+01,-4.733333333333575865e+00,-7.333333333333939663e+00,-6.466666666665332741e+00,-2.000000000000000000e+00,-6.666666666642413475e-01,-2.666666666669698316e+00,8.000000000010913936e-01,-2.866666666666787933e+00,-2.666666666666060337e+00,-2.866666666668606922e+00,-4.666666666667879326e+00,-2.266666666666424135e+00,4.733333333333575865e+00,-2.599999999998544808e+00,3.733333333331756876e+00,2.800000000001091394e+00,3.999999999996362021e-01,-5.000000000000000000e+00,1.199999999998908606e+00,-2.266666666666424135e+00,3.333333333357586525e-01,-1.999999999989086064e-01,-6.666666666751552839e-02,-4.466666666667151731e+00,-3.333333333339396631e-01,-2.266666666668243124e+00,4.200000000002546585e+00,-1.066666666667515528e+00,-2.199999999998908606e+00,-1.933333333332484472e+00,-3.799999999999272404e+00,-2.600000000002182787e+00,2.000000000000000000e+00,-7.600000000000363798e+00,1.933333333332484472e+00,-5.200000000000727596e+00,-2.200000000000727596e+00,-2.999999999998181011e+00,5.333333333328482695e-01,-2.799999999999272404e+00,-3.333333333335758653e+00,-6.399999999999636202e+00,-2.999999999998181011e+00,-3.466666666667151731e+00,-2.466666666665332741e+00,-8.666666666667879326e-01,-2.066666666667515528e+00,1.466666666667151731e+00,1.200000000000727596e+00,-4.933333333330665482e+00,4.666666666635137517e-01,-3.066666666665696539e+00,-6.466666666667151731e+00,-4.066666666665696539e+00,-6.000000000003637979e-01,-7.333333333317568759e-01,-1.600000000002182787e+00,-3.666666666666060337e+00,2.666666666682431241e-01,1.999999999989086064e-01,1.999999999989086064e-01,-4.133333333331393078e+00,3.999999999978172127e-01,-3.533333333332848269e+00,-2.266666666666424135e+00,-6.000000000003637979e-01,-1.200000000002546585e+00,-3.333333333339396631e-01,-2.799999999999272404e+00,-3.266666666668243124e+00,-5.333333333330301684e+00,3.399999999999636202e+00,-3.266666666664605145e+00,-2.333333333333939663e+00,-4.133333333333212067e+00,-9.266666666664605145e+00,-6.666666666751552839e-02,-9.199999999998908606e+00,-4.400000000003274181e+00,-7.133333333331393078e+00,-5.333333333333939663e+00,-6.066666666665696539e+00,1.133333333331393078e+00,1.933333333332484472e+00,-3.133333333333212067e+00,-4.466666666667151731e+00,-6.266666666666424135e+00,-5.199999999998908606e+00,-3.000000000000000000e+00,7.999999999992724042e-01,6.000000000021827873e-01,3.066666666665696539e+00,-2.666666666667879326e+00,-3.333333333339396631e-01,4.466666666667151731e+00,5.466666666665332741e+00,-1.599999999998544808e+00,-4.066666666667515528e+00,-2.466666666667151731e+00,-6.666666666205856018e-02,1.666666666666060337e+00,-1.533333333334667259e+00,1.866666666664968943e+00,6.666666666660603369e-01,-1.000000000000000000e+00,-1.266666666668243124e+00,-8.599999999996725819e+00,-2.266666666668243124e+00,1.133333333333212067e+00,-3.333333333333939663e+00,-1.093333333333248447e+01,6.666666666569653898e-02,-5.199999999998908606e+00,-1.199999999998908606e+00,1.200000000000727596e+00,6.666666666660603369e-01,-4.866666666664968943e+00,-2.933333333334303461e+00,-5.600000000002182787e+00,-6.199999999997089617e+00,3.999999999978172127e-01,-4.133333333331393078e+00,5.466666666665332741e+00,-4.400000000001455192e+00,-4.399999999997817213e+00,-2.066666666667515528e+00,-1.666666666667879326e+00,2.399999999999636202e+00,2.199999999998908606e+00,-7.333333333330301684e+00,-2.266666666668243124e+00,2.466666666668970720e+00,-6.000000000021827873e-01,-3.999999999996362021e-01,-1.266666666668243124e+00,-2.399999999999636202e+00,1.066666666665696539e+00,-4.866666666664968943e+00,1.399999999999636202e+00,1.733333333331756876e+00,3.933333333336122450e+00,-1.866666666666787933e+00,2.666666666646051453e-01,-4.866666666664968943e+00,2.066666666667515528e+00,7.999999999992724042e-01,-9.333333333324844716e-01,-2.333333333332120674e+00,1.466666666667151731e+00,-4.333333333332120674e+00,-4.266666666666424135e+00,4.333333333332120674e+00,-1.333333333332120674e-01,-2.066666666667515528e+00,-6.666666666666060337e+00,-5.000000000000000000e+00,-2.466666666667151731e+00,-1.399999999999636202e+00,-6.333333333333939663e+00,-3.066666666665696539e+00,-4.466666666667151731e+00,-5.933333333334303461e+00,-1.133333333335031057e+00,-2.133333333331393078e+00,2.533333333332848269e+00,3.133333333331393078e+00,-6.866666666664968943e+00,-7.133333333331393078e+00,-2.600000000000363798e+00,2.533333333332848269e+00,-4.399999999999636202e+00,-5.400000000001455192e+00,-6.866666666666787933e+00,-1.133333333333212067e+00,-2.399999999999636202e+00,-1.733333333333575865e+00,-6.666666666751552839e-02,-7.333333333317568759e-01,-3.600000000000363798e+00,1.799999999999272404e+00,-2.799999999999272404e+00,-1.933333333332484472e+00,4.333333333332120674e+00,1.333333333333939663e+00,-2.133333333333212067e+00,1.799999999999272404e+00,8.666666666667879326e-01,2.866666666666787933e+00,1.999999999989086064e-01,-2.200000000000727596e+00,8.666666666667879326e-01,-2.000000000000000000e+00,-4.733333333331756876e+00,-2.666666666666060337e+00,-2.000000000000000000e+00,-5.866666666666787933e+00,-1.400000000001455192e+00,-1.666666666666060337e+00,-4.466666666667151731e+00,-3.266666666666424135e+00,7.333333333335758653e-01,1.466666666668970720e+00,-1.866666666666787933e+00,-1.733333333333575865e+00,8.666666666649689432e-01,-3.066666666665696539e+00,-1.266666666666424135e+00,6.666666666751552839e-02,5.333333333332120674e+00,-3.733333333337213844e+00,8.000000000010913936e-01,3.333333333321206737e-01,-6.066666666663877550e+00,-2.799999999997453415e+00,-3.466666666667151731e+00,-4.666666666667879326e+00,6.000000000021827873e-01,-1.933333333334303461e+00,7.333333333317568759e-01,-6.399999999999636202e+00,-1.333333333332120674e-01,-3.533333333334667259e+00,-2.000000000007275958e-01,-7.066666666665696539e+00,-1.999999999998181011e+00,-2.466666666668970720e+00,1.533333333332848269e+00,2.733333333333575865e+00,-2.066666666669334518e+00,5.333333333337577642e+00,1.733333333331756876e+00,-3.000000000000000000e+00,1.933333333334303461e+00,-5.199999999998908606e+00,-1.000000000000000000e+00,-1.333333333332120674e-01,7.333333333335758653e-01,-6.666666666678793263e-01,-6.666666666751552839e-02,1.199999999998908606e+00,1.933333333334303461e+00,-5.800000000001091394e+00,-7.866666666664968943e+00,-3.266666666666424135e+00
-1.933333333334303461e+00,-1.733333333331756876e+00,-3.733333333329937886e+00,3.199999999997089617e+00,-7.333333333353948547e-01,7.666666666669698316e+00,-1.533333333334667259e+00,3.333333333357586525e-01,-3.999999999996362021e-01,5.333333333310292801e-01,-3.866666666664968943e+00,-1.000000000001818989e+00,7.333333333335758653e-01,1.333333333333939663e+00,9.266666666666424135e+00,1.106666666666569654e+01,1.633333333333212067e+01,2.140000000000145519e+01,2.119999999999890861e+01,2.053333333333466726e+01,1.646666666666533274e+01,2.173333333333539485e+01,2.273333333333357587e+01,2.413333333333321207e+01,2.873333333333175688e+01,2.580000000000109139e+01,2.666666666666606034e+01,2.686666666666678793e+01,2.819999999999890861e+01,1.626666666666642413e+01,1.646666666666897072e+01,8.066666666665696539e+00,4.200000000000727596e+00,7.333333333335758653e-01,5.066666666665696539e+00,3.599999999998544808e+00,4.000000000001818989e+00,1.466666666667151731e+00,2.866666666666787933e+00,-3.800000000001091394e+00,-2.533333333332848269e+00,0.000000000000000000e+00,-1.933333333334303461e+00,-5.933333333332484472e+00,-6.466666666665332741e+00,-4.066666666667515528e+00,-4.266666666666424135e+00,-2.333333333332120674e+00,-2.666666666667879326e+00,-6.933333333332484472e+00,-7.333333333333939663e+00,-4.666666666666060337e+00,-4.800000000001091394e+00,-8.866666666666787933e+00,-4.666666666667879326e+00,-3.533333333334667259e+00,-4.733333333329937886e+00,-5.533333333334667259e+00,-7.333333333332120674e+00,-4.133333333333212067e+00,-3.466666666665332741e+00,-8.066666666671153507e+00,-3.933333333332484472e+00,-1.666666666666060337e+00,-4.133333333331393078e+00,-7.333333333335758653e-01,-5.466666666665332741e+00,-6.066666666667515528e+00,-1.600000000000363798e+00,-3.066666666667515528e+00,-3.800000000001091394e+00,-6.599999999998544808e+00,-5.799999999999272404e+00,-7.333333333353948547e-01,-2.066666666665696539e+00,-5.199999999998908606e+00,1.599999999998544808e+00,-4.400000000001455192e+00,-5.399999999999636202e+00,-2.866666666666787933e+00,-9.933333333332484472e+00,-7.333333333335758653e-01,-1.333333333332120674e+00,2.000000000001818989e+00,-3.400000000001455192e+00,-3.133333333333212067e+00,1.600000000000363798e+00,-2.866666666666787933e+00,-1.799999999999272404e+00,-1.200000000000727596e+00,-6.000000000021827873e-01,5.333333333328482695e-01,-4.333333333332120674e+00,4.666666666671517305e-01,-2.666666666664241347e-01,7.666666666667879326e+00,-6.666666666751552839e-02,2.000000000000000000e+00,-4.266666666666424135e+00,3.733333333331756876e+00,5.066666666667515528e+00,-1.733333333333575865e+00,5.266666666664605145e+00,4.066666666667515528e+00,-3.466666666667151731e+00,-1.999999999970896170e-01,-5.466666666668970720e+00,2.333333333333939663e+00,-1.133333333333212067e+00,-1.399999999999636202e+00,-6.200000000000727596e+00,-2.266666666666424135e+00,-3.000000000000000000e+00,-1.333333333332120674e-01,-9.866666666666787933e+00,-6.533333333334667259e+00,-3.666666666666060337e+00,-6.333333333332120674e+00,-5.066666666667515528e+00,-2.333333333332120674e+00,-4.000000000001818989e+00,9.333333333343034610e-01,-3.733333333333575865e+00,-2.666666666646051453e-01,1.599999999998544808e+00,-2.933333333332484472e+00,-3.333333333357586525e-01,-6.666666666569653898e-02,-1.266666666666424135e+00,-1.800000000001091394e+00,-1.199999999998908606e+00,-4.666666666667879326e+00,-6.666666666569653898e-02,-4.799999999999272404e+00,3.799999999999272404e+00,-3.333333333332120674e+00,-3.133333333333212067e+00,-4.133333333333212067e+00,-3.666666666667879326e+00,-4.799999999999272404e+00,-1.799999999999272404e+00,-4.266666666668243124e+00,-5.199999999998908606e+00,-5.466666666668970720e+00,-1.533333333332848269e+00,-1.533333333332848269e+00,-3.733333333333575865e+00,-3.066666666667515528e+00,2.000000000007275958e-01,-3.266666666666424135e+00,2.133333333331393078e+00,-3.533333333331029280e+00,2.000000000007275958e-01,-1.200000000000727596e+00,-1.533333333331029280e+00,-2.533333333334667259e+00,-6.133333333333212067e+00,-1.733333333333575865e+00,-3.399999999999636202e+00,6.666666666387754958e-02,-2.599999999998544808e+00,4.200000000002546585e+00,-3.800000000001091394e+00,-3.333333333333939663e+00,-6.800000000001091394e+00,-3.733333333331756876e+00,-2.399999999999636202e+00,1.533333333332848269e+00,-4.466666666667151731e+00,7.999999999992724042e-01,3.399999999999636202e+00,1.733333333333575865e+00,-3.866666666664968943e+00,6.000000000003637979e-01,-1.466666666667151731e+00,-2.800000000001091394e+00,-3.866666666666787933e+00,-3.733333333333575865e+00,-2.866666666666787933e+00,-6.666666666660603369e-01,-3.000000000000000000e+00,-1.733333333333575865e+00,-6.599999999998544808e+00,1.266666666666424135e+00,-3.866666666666787933e+00,-6.799999999999272404e+00,-3.000000000000000000e+00,2.266666666664605145e+00,2.866666666666787933e+00,-3.866666666666787933e+00,2.666666666664241347e-01,1.133333333333212067e+00,5.000000000000000000e+00,-5.333333333328482695e-01,1.000000000001818989e+00,1.866666666666787933e+00,6.000000000003637979e-01,-1.333333333350310568e-01,1.133333333331393078e+00,-1.600000000000363798e+00,1.666666666667879326e+00,-6.666666666751552839e-02,-5.466666666667151731e+00,-6.266666666666424135e+00,-1.533333333329210291e+00,-2.133333333336850046e+00,-3.399999999999636202e+00,-4.666666666666060337e+00,-7.333333333335758653e-01,-2.666666666646051453e-01,-8.333333333333939663e+00,-4.800000000001091394e+00,-1.333333333332120674e-01,-5.666666666666060337e+00,2.266666666664605145e+00,-2.066666666667515528e+00,-7.333333333299378864e-01,2.200000000000727596e+00,-1.200000000000727596e+00,1.999999999989086064e-01,-1.066666666665696539e+00,-3.866666666666787933e+00,-8.000000000010913936e-01,7.333333333317568759e-01,-3.133333333331393078e+00,3.333333333335758653e+00,2.333333333332120674e+00,4.666666666653327411e-01,-7.200000000000727596e+00,-6.933333333332484472e+00,-1.533333333332848269e+00,-1.600000000000363798e+00,-2.933333333334303461e+00,3.200000000000727596e+00,-3.866666666666787933e+00,-5.000000000000000000e+00,1.000000000000000000e+00,-7.999999999992724042e-01,-5.200000000000727596e+00,-2.933333333332484472e+00,-4.733333333333575865e+00,-2.133333333331393078e+00,-6.000000000021827873e-01,2.133333333331393078e+00,6.666666666660603369e-01,-6.533333333331029280e+00,-9.333333333343034610e-01,-3.333333333321206737e-01,-5.399999999999636202e+00,2.000000000000000000e+00,7.333333333335758653e-01,-1.000000000000000000e+00,-4.533333333332848269e+00,2.933333333332484472e+00,9.333333333324844716e-01,1.733333333333575865e+00,-1.333333333332120674e-01,-2.000000000000000000e+00,1.333333333332120674e-01,-1.666666666666060337e+00,4.266666666666424135e+00,1.933333333332484472e+00,-1.599999999996725819e+00,-5.333333333364862483e-01,-4.466666666665332741e+00,8.666666666649689432e-01,-6.533333333332848269e+00,4.266666666668243124e+00,-2.266666666666424135e+00,-3.866666666666787933e+00,-2.200000000000727596e+00,-4.600000000000363798e+00,3.999999999996362021e-01,1.000000000000000000e+00,-1.733333333333575865e+00,1.733333333333575865e+00,-6.066666666665696539e+00,-7.333333333335758653e-01,-2.599999999998544808e+00,0.000000000000000000e+00,-2.799999999999272404e+00,2.199999999997089617e+00,-5.799999999999272404e+00,-2.266666666666424135e+00,1.333333333332120674e-01,-9.333333333343034610e-01,1.333333333333939663e+00,-3.066666666667515528e+00,-6.000000000003637979e-01,-5.999999999985448085e-01,-7.733333333335394855e+00,3.333333333339396631e-01,-2.999999999998181011e+00,0.000000000000000000e+00,4.000000000001818989e+00,-3.637978807091712952e-12,2.266666666666424135e+00,9.333333333343034610e-01,-2.600000000000363798e+00,1.799999999999272404e+00,2.066666666665696539e+00,-1.199999999998908606e+00,-5.000000000000000000e+00,-1.466666666665332741e+00,-3.000000000000000000e+00,3.533333333331029280e+00,-2.133333333331393078e+00,1.866666666666787933e+00,-5.333333333328482695e-01,-5.200000000000727596e+00,-3.466666666665332741e+00,8.000000000010913936e-01,-1.466666666667151731e+00,-1.800000000001091394e+00
1.600000000000363798e+00,-4.999999999998181011e+00,3.999999999998181011e+00,1.266666666668243124e+00,1.066666666665696539e+00,-5.200000000000727596e+00,5.333333333310292801e-01,-9.999999999981810106e-01,-3.999999999996362021e-01,2.066666666667515528e+00,2.600000000000363798e+00,-2.933333333334303461e+00,-6.666666666569653898e-02,3.866666666664968943e+00,6.800000000001091394e+00,4.266666666664605145e+00,8.733333333335394855e+00,2.266666666664605145e+00,5.600000000000363798e+00,1.133333333333575865e+01,1.486666666666678793e+01,1.039999999999963620e+01,9.800000000001091394e+00,4.799999999999272404e+00,7.266666666666424135e+00,1.066666666666606034e+01,1.586666666666860692e+01,1.146666666666715173e+01,8.599999999998544808e+00,9.000000000000000000e+00,8.066666666665696539e+00,8.799999999999272404e+00,4.799999999999272404e+00,1.060000000000218279e+01,3.066666666665696539e+00,5.600000000000363798e+00,5.266666666666424135e+00,5.933333333334303461e+00,9.399999999999636202e+00,9.266666666666424135e+00,5.133333333335031057e+00,7.466666666665332741e+00,8.666666666666060337e+00,3.200000000000727596e+00,2.333333333333939663e+00,3.799999999999272404e+00,3.333333333339396631e-01,4.333333333332120674e+00,-1.399999999999636202e+00,-1.666666666664241347e+00,-4.600000000004001777e+00,-3.399999999997817213e+00,-2.333333333333939663e+00,-2.533333333332848269e+00,-6.399999999999636202e+00,-6.666666666667879326e+00,-8.066666666665696539e+00,-3.866666666666787933e+00,-3.600000000000363798e+00,-5.066666666665696539e+00,-4.400000000001455192e+00,-2.933333333332484472e+00,-6.666666666666060337e+00,-1.600000000000363798e+00,-1.866666666668606922e+00,2.866666666666787933e+00,-7.333333333335758653e-01,3.800000000001091394e+00,-2.333333333332120674e+00,-1.933333333334303461e+00,-7.999999999992724042e-01,1.799999999999272404e+00,-8.466666666667151731e+00,-6.199999999998908606e+00,-2.400000000003274181e+00,-3.399999999999636202e+00,-3.399999999999636202e+00,-6.000000000003637979e-01,-1.666666666664241347e+00,2.000000000007275958e-01,-7.600000000000363798e+00,-1.933333333334303461e+00,-6.866666666664968943e+00,-1.733333333331756876e+00,-3.466666666668970720e+00,-1.800000000001091394e+00,-2.199999999998908606e+00,7.333333333353948547e-01,6.799999999997453415e+00,1.400000000001455192e+00,-8.000000000010913936e-01,1.133333333333212067e+00,1.133333333331393078e+00,-1.733333333331756876e+00,-6.666666666678793263e-01,5.000000000000000000e+00,2.466666666667151731e+00,3.200000000000727596e+00,1.466666666667151731e+00,5.533333333334667259e+00,2.666666666664241347e-01,2.333333333333939663e+00,3.666666666664241347e+00,-6.000000000003637979e-01,5.333333333328482695e-01,3.600000000000363798e+00,8.000000000010913936e-01,-2.000000000007275958e-01,1.800000000001091394e+00,2.199999999998908606e+00,-4.266666666666424135e+00,-4.266666666664605145e+00,-1.666666666666060337e+00,-2.399999999999636202e+00,-5.333333333346672589e-01,-1.866666666666787933e+00,-4.666666666666060337e+00,-5.133333333333212067e+00,-2.533333333334667259e+00,-5.266666666666424135e+00,-2.466666666665332741e+00,-2.800000000001091394e+00,-1.000000000000000000e+00,-4.266666666666424135e+00,-2.600000000000363798e+00,6.666666666569653898e-02,-6.666666666751552839e-02,-3.666666666664241347e+00,-1.200000000000727596e+00,-2.600000000000363798e+00,2.266666666666424135e+00,1.333333333333939663e+00,3.000000000000000000e+00,-4.000000000000000000e+00,2.399999999999636202e+00,-2.866666666666787933e+00,-3.333333333321206737e-01,-3.933333333332484472e+00,-1.133333333336850046e+00,-3.799999999997453415e+00,-4.066666666667515528e+00,-2.200000000000727596e+00,-2.333333333332120674e+00,-5.199999999998908606e+00,-4.666666666667879326e+00,-2.466666666667151731e+00,-3.933333333334303461e+00,-4.866666666664968943e+00,-2.666666666664241347e-01,-2.266666666666424135e+00,-5.333333333346672589e-01,-1.200000000002546585e+00,2.466666666668970720e+00,-4.399999999999636202e+00,-1.800000000001091394e+00,9.999999999981810106e-01,-4.066666666665696539e+00,-3.999999999978172127e-01,4.666666666671517305e-01,-2.533333333334667259e+00,-4.799999999999272404e+00,-3.733333333333575865e+00,-1.666666666666060337e+00,-9.333333333343034610e-01,-4.200000000000727596e+00,-2.799999999999272404e+00,-1.600000000000363798e+00,-4.133333333333212067e+00,-1.799999999999272404e+00,-3.333333333333939663e+00,-4.533333333332848269e+00,6.000000000003637979e-01,-4.600000000000363798e+00,-2.866666666668606922e+00,2.666666666666060337e+00,-3.933333333332484472e+00,3.999999999996362021e-01,-1.399999999999636202e+00,-2.666666666664241347e-01,-4.199999999998908606e+00,1.133333333333212067e+00,1.333333333332120674e-01,-2.200000000000727596e+00,-2.000000000007275958e-01,1.400000000001455192e+00,1.933333333334303461e+00,-1.333333333333939663e+00,-3.266666666666424135e+00,-1.533333333332848269e+00,-4.666666666667879326e+00,1.800000000002910383e+00,-4.600000000000363798e+00,-1.333333333332120674e+00,-5.066666666669334518e+00,7.999999999992724042e-01,-3.933333333334303461e+00,-4.866666666668606922e+00,-1.933333333330665482e+00,-5.333333333335758653e+00,-5.200000000000727596e+00,-6.133333333331393078e+00,2.066666666667515528e+00,1.400000000001455192e+00,1.466666666667151731e+00,1.333333333332120674e-01,-5.333333333333939663e+00,2.200000000000727596e+00,-2.200000000002546585e+00,9.333333333343034610e-01,-1.133333333333212067e+00,-1.933333333332484472e+00,1.266666666666424135e+00,1.333333333333939663e+00,5.266666666666424135e+00,1.399999999997817213e+00,3.733333333333575865e+00,-1.053333333333284827e+01,-2.466666666667151731e+00,-3.666666666666060337e+00,7.333333333353948547e-01,2.533333333331029280e+00,-4.600000000000363798e+00,4.666666666689707199e-01,-3.333333333333939663e+00,-1.399999999999636202e+00,-1.399999999999636202e+00,-2.800000000001091394e+00,-4.400000000001455192e+00,-3.333333333332120674e+00,-1.066666666665696539e+00,-3.666666666667879326e+00,1.266666666668243124e+00,-4.666666666689707199e-01,-1.266666666666424135e+00,-5.133333333331393078e+00,-1.866666666668606922e+00,-2.666666666664241347e-01,-2.133333333333212067e+00,-1.666666666666060337e+00,1.933333333332484472e+00,-1.133333333331393078e+00,-4.666666666689707199e-01,1.400000000003274181e+00,1.600000000000363798e+00,-3.533333333334667259e+00,-1.933333333332484472e+00,-6.666666667115350720e-02,-6.666666666387754958e-02,2.066666666667515528e+00,4.466666666667151731e+00,1.733333333331756876e+00,5.066666666667515528e+00,-6.666666666678793263e-01,5.333333333310292801e-01,-6.399999999997817213e+00,-6.000000000003637979e-01,-1.333333333332120674e+00,1.399999999999636202e+00,-1.466666666667151731e+00,2.200000000000727596e+00,-6.666666666751552839e-02,-1.799999999999272404e+00,-1.533333333331029280e+00,-1.466666666668970720e+00,-4.599999999998544808e+00,-1.666666666666060337e+00,-1.600000000000363798e+00,-5.333333333346672589e-01,-3.000000000000000000e+00,5.066666666667515528e+00,2.533333333332848269e+00,-4.266666666668243124e+00,-3.533333333331029280e+00,-4.133333333333212067e+00,1.999999999998181011e+00,-1.066666666669334518e+00,1.799999999999272404e+00,1.133333333336850046e+00,-1.399999999999636202e+00,-3.800000000001091394e+00,-1.333333333333939663e+00,-7.733333333333575865e+00,-3.733333333331756876e+00,6.666666666678793263e-01,-3.266666666668243124e+00,-6.733333333333575865e+00,1.999999999989086064e-01,-3.666666666667879326e+00,6.666666666751552839e-02,-6.599999999998544808e+00,3.200000000000727596e+00,-4.000000000000000000e+00,-3.399999999999636202e+00,-3.133333333333212067e+00,8.666666666649689432e-01,-1.466666666667151731e+00,4.266666666664605145e+00,1.133333333335031057e+00,-4.733333333331756876e+00,1.600000000000363798e+00,2.533333333334667259e+00,-2.133333333333212067e+00,3.066666666667515528e+00,4.666666666653327411e-01,3.999999999996362021e-01,-5.200000000000727596e+00,2.066666666665696539e+00,-5.333333333328482695e-01,3.333333333333939663e+00,1.000000000000000000e+00,-8.666666666667879326e-01,-3.733333333335394855e+00,1.466666666668970720e+00,5.733333333331756876e+00
2.600000000000363798e+00,1.666666666666060337e+00,-1.999999999998181011e+00,2.533333333332848269e+00,-3.333333333321206737e-01,-2.133333333335031057e+00,0.000000000000000000e+00,-5.133333333333212067e+00,8.666666666649689432e-01,-6.666666666569653898e-02,-8.666666666667879326e-01,-2.799999999999272404e+00,4.800000000001091394e+00,2.333333333332120674e+00,8.133333333333212067e+00,9.333333333332120674e+00,1.326666666666824312e+01,1.453333333333284827e+01,1.013333333333321207e+01,1.240000000000145519e+01,1.613333333333321207e+01,1.300000000000000000e+01,1.519999999999890861e+01,1.079999999999927240e+01,1.393333333333430346e+01,1.173333333333357587e+01,1.266666666666606034e+01,6.799999999999272404e+00,5.200000000000727596e+00,5.200000000000727596e+00,2.666666666664241347e-01,-1.199999999998908606e+00,-3.133333333333212067e+00,3.133333333333212067e+00,5.333333333328482695e-01,0.000000000000000000e+00,-3.066666666665696539e+00,-2.466666666668970720e+00,-3.266666666666424135e+00,-4.933333333334303461e+00,-1.399999999999636202e+00,-3.333333333333939663e+00,-1.266666666664605145e+00,1.066666666665696539e+00,-2.266666666666424135e+00,2.000000000007275958e-01,-1.733333333333575865e+00,-8.666666666667879326e-01,-7.600000000000363798e+00,-3.199999999998908606e+00,-7.866666666666787933e+00,-2.266666666666424135e+00,-4.533333333334667259e+00,-2.133333333333212067e+00,1.333333333350310568e-01,-5.533333333334667259e+00,1.066666666667515528e+00,-5.266666666668243124e+00,-2.000000000000000000e+00,-5.199999999998908606e+00,-6.133333333333212067e+00,-8.000000000010913936e-01,-4.799999999999272404e+00,4.666666666671517305e-01,-2.933333333334303461e+00,1.600000000000363798e+00,-3.466666666665332741e+00,-3.666666666667879326e+00,-3.333333333339396631e-01,-2.733333333333575865e+00,6.000000000003637979e-01,1.399999999999636202e+00,1.533333333332848269e+00,-3.666666666666060337e+00,-1.866666666666787933e+00,-8.666666666667879326e-01,-5.133333333333212067e+00,-2.133333333333212067e+00,-1.733333333333575865e+00,-1.599999999998544808e+00,-1.866666666666787933e+00,2.266666666668243124e+00,4.066666666665696539e+00,-2.533333333334667259e+00,-1.933333333334303461e+00,-7.333333333317568759e-01,-3.533333333332848269e+00,-2.333333333335758653e+00,4.133333333335031057e+00,8.000000000010913936e-01,1.333333333313930780e-01,4.666666666653327411e-01,2.600000000000363798e+00,3.333333333339396631e-01,3.333333333333939663e+00,6.666666666660603369e-01,-1.133333333333212067e+00,-3.666666666666060337e+00,1.999999999998181011e+00,3.800000000002910383e+00,3.999999999978172127e-01,2.533333333334667259e+00,3.000000000000000000e+00,-3.933333333332484472e+00,7.333333333317568759e-01,-6.000000000003637979e-01,1.800000000001091394e+00,2.466666666665332741e+00,-3.200000000000727596e+00,-3.599999999998544808e+00,1.066666666667515528e+00,-1.266666666666424135e+00,3.333333333339396631e-01,-2.000000000025465852e-01,-2.933333333332484472e+00,-1.333333333332120674e-01,-5.266666666666424135e+00,-2.333333333332120674e+00,-2.200000000000727596e+00,4.000000000014551915e-01,-2.466666666668970720e+00,-2.599999999998544808e+00,-6.399999999999636202e+00,2.066666666667515528e+00,-9.333333333324844716e-01,-3.600000000000363798e+00,1.133333333333212067e+00,1.600000000000363798e+00,-5.933333333336122450e+00,-3.333333333339396631e-01,-2.000000000001818989e+00,-3.666666666664241347e+00,-2.866666666668606922e+00,2.000000000025465852e-01,-4.066666666667515528e+00,-1.466666666665332741e+00,-2.266666666666424135e+00,0.000000000000000000e+00,-2.866666666668606922e+00,-3.333333333321206737e-01,-1.666666666666060337e+00,-5.133333333333212067e+00,-7.066666666667515528e+00,3.600000000000363798e+00,1.666666666667879326e+00,-3.533333333334667259e+00,6.466666666665332741e+00,-1.933333333332484472e+00,-9.333333333343034610e-01,2.666666666682431241e-01,-5.399999999999636202e+00,-8.000000000010913936e-01,-5.333333333328482695e-01,-1.533333333332848269e+00,-2.066666666667515528e+00,-9.333333333361224504e-01,7.333333333353948547e-01,2.266666666666424135e+00,-4.000000000000000000e+00,-3.599999999998544808e+00,-2.533333333332848269e+00,-6.533333333332848269e+00,2.133333333331393078e+00,-3.333333333332120674e+00,-4.333333333333939663e+00,7.133333333333212067e+00,-2.199999999998908606e+00,-2.000000000003637979e+00,1.733333333333575865e+00,-1.999999999989086064e-01,-2.799999999999272404e+00,-5.066666666665696539e+00,2.466666666665332741e+00,-3.399999999997817213e+00,-5.600000000002182787e+00,6.666666666678793263e-01,1.399999999999636202e+00,-2.333333333332120674e+00,1.599999999998544808e+00,1.866666666666787933e+00,-5.066666666665696539e+00,-9.333333333343034610e-01,-2.800000000001091394e+00,-1.599999999998544808e+00,-2.866666666666787933e+00,7.333333333335758653e-01,2.399999999999636202e+00,-6.133333333333212067e+00,-9.333333333361224504e-01,1.933333333336122450e+00,-1.333333333332120674e-01,-4.000000000014551915e-01,-5.866666666664968943e+00,-5.933333333334303461e+00,-5.199999999998908606e+00,2.200000000000727596e+00,-2.000000000001818989e+00,1.266666666666424135e+00,-3.666666666666060337e+00,4.000000000000000000e+00,-1.133333333333212067e+00,-3.466666666667151731e+00,6.666666666569653898e-02,3.333333333339396631e-01,-1.066666666665696539e+00,-5.333333333328482695e-01,1.666666666666060337e+00,3.533333333332848269e+00,6.799999999999272404e+00,1.600000000000363798e+00,-5.400000000001455192e+00,6.666666666660603369e-01,4.666666666689707199e-01,-3.066666666665696539e+00,-7.533333333332848269e+00,-2.666666666664241347e-01,3.066666666667515528e+00,-2.666666666669698316e+00,5.333333333346672589e-01,2.266666666666424135e+00,-6.666666666751552839e-02,-3.399999999999636202e+00,-2.733333333333575865e+00,-3.000000000000000000e+00,2.600000000002182787e+00,-6.000000000003637979e-01,-6.666666666751552839e-02,-5.333333333333939663e+00,3.266666666666424135e+00,1.333333333332120674e-01,3.200000000000727596e+00,-2.066666666667515528e+00,-3.400000000001455192e+00,-3.199999999995270628e+00,-2.866666666670425911e+00,-1.999999999989086064e-01,-3.266666666666424135e+00,1.533333333334667259e+00,-3.866666666666787933e+00,-1.533333333334667259e+00,2.066666666665696539e+00,-1.533333333331029280e+00,3.133333333331393078e+00,1.200000000000727596e+00,-2.399999999999636202e+00,-3.000000000000000000e+00,-1.600000000000363798e+00,4.666666666653327411e-01,4.666666666653327411e-01,-5.133333333331393078e+00,-2.199999999998908606e+00,7.999999999992724042e-01,-5.333333333333939663e+00,-1.599999999998544808e+00,-6.266666666666424135e+00,-3.199999999998908606e+00,-3.266666666668243124e+00,-5.999999999985448085e-01,-2.200000000002546585e+00,-6.666666666678793263e-01,-3.999999999998181011e+00,-2.333333333332120674e+00,1.599999999998544808e+00,-2.066666666667515528e+00,-1.199999999998908606e+00,-2.200000000000727596e+00,-1.399999999999636202e+00,1.466666666667151731e+00,-3.599999999998544808e+00,9.999999999963620212e-01,-1.333333333332120674e-01,4.000000000000000000e+00,-1.933333333332484472e+00,-4.133333333333212067e+00,-2.600000000000363798e+00,-2.866666666666787933e+00,3.200000000000727596e+00,-1.000000000000000000e+00,-2.133333333331393078e+00,1.933333333332484472e+00,3.333333333339396631e-01,-3.333333333357586525e-01,-1.599999999998544808e+00,3.333333333332120674e+00,-3.199999999998908606e+00,9.333333333343034610e-01,-3.266666666668243124e+00,-3.333333333333939663e+00,-3.333333333321206737e-01,1.133333333333212067e+00,1.200000000000727596e+00,-5.333333333346672589e-01,-5.333333333328482695e-01,1.333333333333939663e+00,6.666666666660603369e-01,-2.200000000000727596e+00,-3.133333333333212067e+00,-2.799999999999272404e+00,-1.666666666667879326e+00,6.600000000002182787e+00,-2.333333333333939663e+00,2.000000000007275958e-01,2.866666666664968943e+00,1.066666666669334518e+00,1.733333333331756876e+00,-1.600000000000363798e+00,-3.866666666664968943e+00,-1.266666666668243124e+00,1.333333333333939663e+00,-5.200000000000727596e+00,-1.399999999999636202e+00,2.733333333331756876e+00,2.400000000001455192e+00,-1.133333333333212067e+00
-1.666666666667879326e+00,2.733333333331756876e+00,-3.333333333332120674e+00,3.400000000001455192e+00,-6.666666666751552839e-02,-4.000000000000000000e+00,-1.266666666664605145e+00,-2.066666666667515528e+00,-3.866666666668606922e+00,-2.933333333334303461e+00,7.333333333317568759e-01,-7.999999999974534148e-01,-1.333333333332120674e-01,3.000000000001818989e+00,8.066666666665696539e+00,7.733333333333575865e+00,1.073333333333175688e+01,1.579999999999927240e+01,1.286666666666860692e+01,1.233333333333393966e+01,1.426666666666824312e+01,1.139999999999963620e+01,1.653333333333102928e+01,1.540000000000145519e+01,1.660000000000036380e+01,1.659999999999854481e+01,1.426666666666460515e+01,1.313333333333503106e+01,7.599999999998544808e+00,6.866666666664968943e+00,9.733333333335394855e+00,-2.466666666663513752e+00,2.933333333332484472e+00,-3.266666666666424135e+00,-2.999999999998181011e+00,-1.333333333335758653e+00,5.000000000000000000e+00,-3.933333333332484472e+00,-4.733333333333575865e+00,-2.000000000007275958e-01,-5.799999999999272404e+00,-2.733333333335394855e+00,-4.733333333333575865e+00,5.333333333364862483e-01,-4.466666666667151731e+00,-5.999999999998181011e+00,1.999999999998181011e+00,-9.666666666667879326e+00,-1.800000000001091394e+00,1.533333333332848269e+00,-5.333333333310292801e-01,-4.933333333336122450e+00,-4.733333333331756876e+00,6.666666666751552839e-02,-2.133333333333212067e+00,6.666666666751552839e-02,-2.066666666667515528e+00,3.333333333339396631e-01,-3.133333333333212067e+00,2.933333333334303461e+00,-4.266666666668243124e+00,-3.866666666666787933e+00,-4.000000000001818989e+00,-4.200000000000727596e+00,-6.133333333331393078e+00,-2.466666666667151731e+00,-8.733333333333575865e+00,2.933333333332484472e+00,-6.600000000000363798e+00,1.000000000001818989e+00,-2.599999999998544808e+00,-1.666666666666060337e+00,-1.600000000000363798e+00,-8.000000000010913936e-01,-8.266666666668243124e+00,4.733333333335394855e+00,6.666666666642413475e-01,1.400000000003274181e+00,-6.000000000021827873e-01,2.866666666666787933e+00,-4.399999999999636202e+00,2.733333333333575865e+00,-8.666666666686069220e-01,4.466666666667151731e+00,-2.733333333331756876e+00,-2.933333333332484472e+00,-1.000000000000000000e+00,5.333333333328482695e-01,3.999999999978172127e-01,1.533333333332848269e+00,-5.599999999998544808e+00,-1.533333333332848269e+00,4.600000000000363798e+00,-2.333333333333939663e+00,-6.000000000003637979e-01,1.733333333335394855e+00,-1.000000000000000000e+00,-3.666666666667879326e+00,-1.533333333332848269e+00,-4.066666666667515528e+00,2.066666666667515528e+00,1.400000000001455192e+00,-4.533333333334667259e+00,-3.866666666668606922e+00,-8.666666666667879326e-01,1.600000000000363798e+00,1.799999999999272404e+00,-2.599999999998544808e+00,3.733333333335394855e+00,-6.666666666678793263e-01,-2.399999999999636202e+00,5.333333333328482695e-01,1.733333333333575865e+00,-2.266666666668243124e+00,3.399999999999636202e+00,1.799999999999272404e+00,7.333333333353948547e-01,2.000000000001818989e+00,3.733333333331756876e+00,-2.600000000000363798e+00,-1.666666666666060337e+00,-7.199999999998908606e+00,-3.133333333335031057e+00,-3.066666666667515528e+00,5.333333333328482695e-01,2.133333333335031057e+00,-2.666666666667879326e+00,-3.066666666667515528e+00,-3.066666666667515528e+00,-1.333333333332120674e-01,-3.599999999998544808e+00,-5.800000000001091394e+00,-5.399999999997817213e+00,-8.666666666666060337e+00,4.000000000014551915e-01,-1.066666666667515528e+00,1.866666666664968943e+00,-4.933333333336122450e+00,-4.866666666666787933e+00,-3.733333333333575865e+00,-4.333333333332120674e+00,1.200000000002546585e+00,2.133333333331393078e+00,3.333333333333939663e+00,-6.666666666660603369e-01,7.333333333335758653e-01,8.666666666667879326e-01,0.000000000000000000e+00,3.666666666666060337e+00,-2.600000000000363798e+00,7.333333333317568759e-01,-3.333333333303016843e-01,2.000000000000000000e+00,2.199999999998908606e+00,-3.333333333333939663e+00,7.333333333353948547e-01,-2.000000000000000000e+00,-1.200000000000727596e+00,-1.666666666666060337e+00,-5.600000000000363798e+00,-6.066666666665696539e+00,-6.666666666660603369e-01,3.333333333303016843e-01,-1.933333333332484472e+00,2.466666666667151731e+00,-1.933333333332484472e+00,3.333333333321206737e-01,-3.600000000002182787e+00,7.333333333353948547e-01,2.600000000000363798e+00,-8.666666666667879326e-01,-3.333333333333939663e+00,-3.466666666667151731e+00,-7.333333333317568759e-01,-2.066666666665696539e+00,1.599999999998544808e+00,-3.800000000001091394e+00,-2.799999999999272404e+00,3.333333333339396631e-01,-6.600000000000363798e+00,-3.333333333333939663e+00,-4.000000000000000000e+00,-2.266666666666424135e+00,-2.466666666667151731e+00,-1.333333333332120674e-01,-2.866666666666787933e+00,2.666666666664241347e-01,-3.199999999998908606e+00,-3.533333333334667259e+00,1.400000000001455192e+00,-3.733333333335394855e+00,-5.333333333310292801e-01,9.333333333324844716e-01,-2.466666666665332741e+00,1.600000000000363798e+00,1.999999999998181011e+00,-1.599999999998544808e+00,1.999999999989086064e-01,-2.666666666664241347e-01,-2.200000000000727596e+00,-2.933333333334303461e+00,-4.066666666665696539e+00,4.466666666667151731e+00,-8.666666666686069220e-01,2.400000000003274181e+00,1.466666666663513752e+00,-2.266666666664605145e+00,-2.133333333333212067e+00,1.266666666666424135e+00,-4.266666666668243124e+00,-4.133333333333212067e+00,9.333333333343034610e-01,-1.000000000000000000e+00,-3.199999999998908606e+00,-4.800000000001091394e+00,4.000000000014551915e-01,-6.000000000003637979e-01,-5.200000000000727596e+00,-3.999999999996362021e-01,-8.733333333333575865e+00,1.333333333332120674e-01,-4.666666666689707199e-01,4.666666666671517305e-01,-8.733333333331756876e+00,4.400000000001455192e+00,6.200000000000727596e+00,3.999999999978172127e-01,2.199999999998908606e+00,2.000000000007275958e-01,1.200000000000727596e+00,3.266666666668243124e+00,3.866666666666787933e+00,-8.666666666667879326e-01,-2.933333333334303461e+00,-2.199999999998908606e+00,4.666666666671517305e-01,1.333333333332120674e+00,-4.866666666666787933e+00,1.933333333334303461e+00,-2.000000000000000000e+00,-7.400000000001455192e+00,-6.000000000001818989e+00,-1.066666666665696539e+00,-1.399999999999636202e+00,-2.333333333333939663e+00,-3.466666666663513752e+00,-3.333333333339396631e-01,-4.266666666666424135e+00,-2.200000000000727596e+00,4.466666666665332741e+00,-7.066666666667515528e+00,-1.333333333313930780e-01,3.066666666667515528e+00,1.799999999999272404e+00,-1.333333333350310568e-01,-8.666666666649689432e-01,7.333333333317568759e-01,1.733333333333575865e+00,-4.600000000000363798e+00,-8.666666666667879326e-01,-5.399999999999636202e+00,-2.066666666665696539e+00,3.000000000000000000e+00,2.533333333334667259e+00,-2.866666666668606922e+00,1.000000000000000000e+00,-2.666666666664241347e+00,-3.933333333336122450e+00,-3.799999999999272404e+00,-6.466666666667151731e+00,-1.200000000000727596e+00,4.666666666671517305e-01,-5.733333333333575865e+00,2.666666666666060337e+00,-3.999999999996362021e-01,1.933333333332484472e+00,-2.399999999997817213e+00,-2.533333333332848269e+00,-6.000000000003637979e-01,1.200000000000727596e+00,-2.466666666667151731e+00,-4.266666666666424135e+00,-8.666666666686069220e-01,2.000000000025465852e-01,2.133333333333212067e+00,-2.000000000001818989e+00,-4.266666666666424135e+00,1.999999999989086064e-01,-4.799999999999272404e+00,7.999999999992724042e-01,-5.333333333328482695e-01,-8.666666666649689432e-01,5.999999999985448085e-01,-2.666666666666060337e+00,-2.733333333333575865e+00,4.133333333333212067e+00,-6.666666666678793263e-01,-7.999999999992724042e-01,-2.199999999998908606e+00,3.999999999996362021e-01,1.600000000000363798e+00,1.533333333332848269e+00,1.066666666665696539e+00,1.000000000000000000e+00,-4.199999999998908606e+00,5.999999999985448085e-01,-2.199999999998908606e+00,-6.666666666569653898e-02,-7.999999999992724042e-01,-6.666666666569653898e-02,-4.066666666669334518e+00,4.733333333333575865e+00,-3.466666666667151731e+00,1.400000000001455192e+00
-3.199999999998908606e+00,-2.000000000000000000e+00,-5.133333333333212067e+00,1.000000000000000000e+00,-4.133333333333212067e+00,4.799999999999272404e+00,-6.000000000001818989e+00,2.000000000025465852e-01,4.666666666689707199e-01,-8.666666666667879326e-01,1.600000000000363798e+00,3.666666666666060337e+00,8.000000000010913936e-01,3.399999999997817213e+00,1.259999999999854481e+01,1.606666666666751553e+01,1.186666666666678793e+01,2.346666666666715173e+01,2.039999999999781721e+01,2.560000000000036380e+01,2.320000000000072760e+01,2.540000000000145519e+01,2.213333333333321207e+01,2.086666666666860692e+01,2.093333333333066548e+01,2.460000000000036380e+01,2.713333333333321207e+01,2.273333333333357587e+01,2.079999999999927240e+01,1.199999999999818101e+01,7.533333333332848269e+00,1.066666666666787933e+01,4.866666666666787933e+00,-5.333333333328482695e-01,-4.533333333332848269e+00,2.066666666667515528e+00,6.666666666751552839e-02,-3.733333333333575865e+00,5.999999999985448085e-01,3.333333333339396631e-01,-1.599999999998544808e+00,-8.533333333334667259e+00,-2.600000000000363798e+00,-5.866666666666787933e+00,-2.266666666664605145e+00,-4.333333333333939663e+00,-6.000000000001818989e+00,-7.133333333331393078e+00,-7.866666666666787933e+00,-1.133333333336850046e+00,-7.199999999998908606e+00,-8.733333333333575865e+00,-3.466666666667151731e+00,-2.733333333331756876e+00,-6.199999999998908606e+00,-3.666666666667879326e+00,-1.800000000001091394e+00,-2.333333333333939663e+00,-6.000000000000000000e+00,-3.733333333331756876e+00,-3.733333333335394855e+00,-1.999999999998181011e+00,-4.866666666666787933e+00,2.533333333332848269e+00,-3.599999999998544808e+00,-4.533333333334667259e+00,1.133333333333212067e+00,-7.733333333331756876e+00,-8.733333333333575865e+00,1.333333333313930780e-01,-3.733333333329937886e+00,-2.266666666668243124e+00,-1.160000000000036380e+01,-9.999999999981810106e-01,-3.400000000001455192e+00,-3.200000000000727596e+00,-1.999999999998181011e+00,-5.333333333328482695e-01,-5.466666666668970720e+00,-7.999999999974534148e-01,2.333333333332120674e+00,-2.800000000001091394e+00,4.600000000000363798e+00,2.933333333332484472e+00,-3.466666666667151731e+00,-4.133333333331393078e+00,-3.200000000000727596e+00,6.000000000003637979e-01,-9.333333333324844716e-01,-2.000000000000000000e+00,1.666666666666060337e+00,1.466666666665332741e+00,-1.333333333332120674e-01,1.999999999989086064e-01,-4.933333333332484472e+00,2.000000000007275958e-01,3.999999999978172127e-01,-7.999999999974534148e-01,-6.666666666751552839e-02,-1.333333333332120674e+00,-8.000000000010913936e-01,3.000000000001818989e+00,4.399999999997817213e+00,-1.666666666666060337e+00,-3.066666666665696539e+00,-3.533333333332848269e+00,-5.799999999999272404e+00,-2.799999999999272404e+00,-3.866666666670425911e+00,-2.666666666666060337e+00,-9.933333333330665482e+00,-4.400000000003274181e+00,-3.666666666664241347e+00,-4.600000000000363798e+00,-2.000000000007275958e-01,-6.666666666569653898e-02,-3.400000000001455192e+00,-1.199999999998908606e+00,1.999999999989086064e-01,-1.533333333334667259e+00,1.733333333335394855e+00,2.333333333333939663e+00,-4.266666666664605145e+00,2.000000000007275958e-01,3.799999999997453415e+00,4.533333333332848269e+00,7.333333333335758653e-01,8.666666666667879326e-01,-2.200000000002546585e+00,-3.600000000000363798e+00,-2.399999999999636202e+00,-3.066666666665696539e+00,-6.533333333334667259e+00,-4.666666666635137517e-01,9.333333333324844716e-01,-3.199999999998908606e+00,-1.466666666667151731e+00,1.133333333333212067e+00,2.333333333333939663e+00,-1.066666666665696539e+00,-4.866666666666787933e+00,-2.133333333335031057e+00,-3.533333333332848269e+00,1.199999999998908606e+00,-1.933333333332484472e+00,1.133333333333212067e+00,1.666666666666060337e+00,9.866666666666787933e+00,9.333333333324844716e-01,1.200000000000727596e+00,2.799999999999272404e+00,-1.533333333332848269e+00,5.466666666665332741e+00,4.000000000001818989e+00,1.533333333332848269e+00,4.400000000001455192e+00,5.799999999999272404e+00,4.466666666665332741e+00,1.333333333335758653e+00,5.000000000000000000e+00,6.666666666642413475e-01,-6.666666666569653898e-02,-3.066666666665696539e+00,1.399999999999636202e+00,-1.466666666665332741e+00,-2.000000000003637979e+00,2.000000000007275958e-01,-5.399999999999636202e+00,-6.666666666667879326e+00,-4.066666666667515528e+00,-5.399999999999636202e+00,-5.333333333328482695e-01,-1.133333333331393078e+00,-1.866666666666787933e+00,-1.066666666667515528e+00,-1.399999999997817213e+00,-4.000000000000000000e+00,-7.800000000001091394e+00,-4.733333333333575865e+00,-6.800000000002910383e+00,-6.666666666666060337e+00,-1.866666666666787933e+00,-5.866666666666787933e+00,-4.866666666666787933e+00,-3.866666666666787933e+00,2.200000000000727596e+00,-3.533333333332848269e+00,-3.666666666666060337e+00,-5.466666666665332741e+00,-3.399999999999636202e+00,-1.333333333333939663e+00,1.599999999998544808e+00,6.666666666569653898e-02,-4.666666666653327411e-01,5.200000000000727596e+00,1.133333333335031057e+00,-3.666666666667879326e+00,7.333333333317568759e-01,-3.999999999996362021e-01,-6.666666666569653898e-02,-6.466666666667151731e+00,-4.399999999997817213e+00,-9.333333333361224504e-01,-7.999999999974534148e-01,-5.133333333333212067e+00,-1.666666666669698316e+00,-2.599999999996725819e+00,1.266666666666424135e+00,-5.333333333335758653e+00,-2.066666666667515528e+00,-3.733333333333575865e+00,-4.600000000000363798e+00,3.333333333333939663e+00,0.000000000000000000e+00,-2.199999999998908606e+00,2.533333333332848269e+00,-3.666666666666060337e+00,-5.200000000000727596e+00,-2.599999999998544808e+00,-1.066666666665696539e+00,-2.400000000001455192e+00,-1.333333333333939663e+00,-7.266666666666424135e+00,-1.533333333332848269e+00,-4.199999999998908606e+00,-1.818989403545856476e-12,8.666666666667879326e-01,-7.333333333333939663e+00,-5.333333333328482695e-01,-2.399999999997817213e+00,-3.333333333333939663e+00,-2.066666666667515528e+00,-2.133333333331393078e+00,4.666666666635137517e-01,-2.599999999998544808e+00,-3.533333333334667259e+00,-2.933333333334303461e+00,2.266666666668243124e+00,-3.466666666667151731e+00,-2.666666666667879326e+00,1.466666666668970720e+00,-1.733333333335394855e+00,-2.200000000000727596e+00,-3.199999999998908606e+00,-2.466666666667151731e+00,-5.333333333328482695e-01,2.666666666682431241e-01,-2.666666666666060337e+00,-2.266666666666424135e+00,-1.466666666667151731e+00,-4.666666666667879326e+00,-2.666666666666060337e+00,-4.399999999999636202e+00,-3.333333333339396631e-01,-5.333333333332120674e+00,-5.333333333335758653e+00,-3.733333333333575865e+00,2.133333333333212067e+00,-3.599999999998544808e+00,-2.933333333332484472e+00,-6.400000000001455192e+00,-4.133333333331393078e+00,1.666666666667879326e+00,-9.333333333343034610e-01,-3.266666666666424135e+00,1.733333333333575865e+00,-3.733333333333575865e+00,-1.399999999999636202e+00,-1.733333333335394855e+00,3.066666666665696539e+00,3.666666666667879326e+00,6.666666666696983157e-01,-4.666666666667879326e+00,-1.466666666667151731e+00,1.666666666666060337e+00,1.999999999989086064e-01,1.818989403545856476e-12,-3.600000000002182787e+00,6.666666666660603369e-01,5.266666666666424135e+00,-4.333333333333939663e+00,-6.000000000003637979e-01,-1.999999999989086064e-01,-1.933333333334303461e+00,-4.266666666666424135e+00,-4.733333333331756876e+00,1.000000000000000000e+00,1.600000000000363798e+00,-2.533333333334667259e+00,-2.466666666667151731e+00,3.600000000002182787e+00,-2.266666666666424135e+00,-7.999999999992724042e-01,-5.333333333332120674e+00,-3.933333333332484472e+00,1.399999999997817213e+00,-1.818989403545856476e-12,-2.666666666646051453e-01,-6.666666666660603369e-01,6.666666666751552839e-02,-3.466666666667151731e+00,-6.400000000003274181e+00,-4.666666666671517305e-01,3.333333333333939663e+00,-1.000000000001818989e+00,-6.799999999999272404e+00,-9.333333333306654822e-01,2.999999999998181011e+00,8.000000000010913936e-01,-1.999999999998181011e+00,-2.400000000001455192e+00,-1.466666666667151731e+00,-5.533333333331029280e+00,-2.666666666664241347e-01
-3.333333333357586525e-01,2.666666666669698316e+00,7.999999999974534148e-01,-1.666666666664241347e+00,5.133333333331393078e+00,3.799999999999272404e+00,-9.333333333324844716e-01,-1.933333333334303461e+00,-1.066666666667515528e+00,1.333333333332120674e-01,-1.733333333331756876e+00,-3.000000000001818989e+00,-2.866666666664968943e+00,7.999999999992724042e-01,2.600000000000363798e+00,8.866666666668606922e+00,5.000000000000000000e+00,1.406666666666569654e+01,8.533333333332848269e+00,7.733333333335394855e+00,9.466666666665332741e+00,1.386666666666678793e+01,1.239999999999963620e+01,1.679999999999927240e+01,1.080000000000109139e+01,1.439999999999963620e+01,2.193333333333430346e+01,1.626666666666642413e+01,1.226666666666642413e+01,1.193333333333430346e+01,3.866666666664968943e+00,4.800000000001091394e+00,-2.200000000000727596e+00,2.866666666666787933e+00,1.866666666668606922e+00,-8.666666666667879326e-01,-2.733333333333575865e+00,-9.333333333361224504e-01,-3.533333333332848269e+00,1.333333333330301684e+00,-7.066666666665696539e+00,-7.733333333329937886e+00,-8.266666666666424135e+00,3.000000000000000000e+00,1.799999999999272404e+00,5.333333333328482695e-01,-2.800000000001091394e+00,-2.666666666666060337e+00,-3.466666666665332741e+00,-2.266666666666424135e+00,-2.066666666669334518e+00,1.466666666667151731e+00,-2.133333333333212067e+00,-3.333333333357586525e-01,-5.333333333328482695e-01,-1.533333333332848269e+00,8.666666666667879326e-01,-2.733333333331756876e+00,-8.066666666665696539e+00,-9.466666666667151731e+00,-6.066666666665696539e+00,-1.800000000001091394e+00,-2.200000000000727596e+00,-6.666666666642413475e-01,-2.800000000001091394e+00,-1.333333333350310568e-01,-4.399999999999636202e+00,-2.466666666665332741e+00,-5.333333333333939663e+00,-6.733333333333575865e+00,4.800000000001091394e+00,-3.200000000000727596e+00,1.066666666665696539e+00,2.133333333333212067e+00,9.333333333343034610e-01,-1.733333333333575865e+00,-1.333333333330301684e+00,5.333333333328482695e-01,-6.666666666678793263e-01,2.799999999999272404e+00,-2.066666666665696539e+00,-6.000000000003637979e-01,-3.266666666666424135e+00,2.866666666666787933e+00,-7.333333333335758653e-01,-1.600000000000363798e+00,-5.999999999985448085e-01,-2.400000000001455192e+00,1.533333333332848269e+00,-1.066666666669334518e+00,2.733333333335394855e+00,2.666666666667879326e+00,2.266666666666424135e+00,-1.599999999998544808e+00,-4.666666666671517305e-01,1.866666666666787933e+00,-1.533333333332848269e+00,4.399999999999636202e+00,2.399999999999636202e+00,3.999999999998181011e+00,1.333333333332120674e-01,9.333333333324844716e-01,3.466666666667151731e+00,-1.266666666664605145e+00,-1.199999999998908606e+00,-6.666666666678793263e-01,-2.066666666669334518e+00,-4.666666666666060337e+00,-1.800000000001091394e+00,-4.666666666666060337e+00,-2.666666666646051453e-01,-2.066666666665696539e+00,-5.999999999985448085e-01,-1.000000000001818989e+00,1.733333333331756876e+00,-2.200000000000727596e+00,-1.200000000000727596e+00,-6.000000000003637979e-01,-1.399999999999636202e+00,1.000000000001818989e+00,-1.133333333333212067e+00,-3.533333333331029280e+00,9.333333333324844716e-01,-1.400000000001455192e+00,-3.399999999999636202e+00,-8.000000000010913936e-01,4.200000000000727596e+00,-1.133333333333212067e+00,-2.333333333335758653e+00,-3.066666666663877550e+00,-6.666666666660603369e-01,-8.000000000010913936e-01,-2.666666666646051453e-01,-5.333333333364862483e-01,-3.733333333331756876e+00,1.533333333331029280e+00,6.000000000003637979e-01,-1.000000000000000000e+00,6.000000000003637979e-01,4.800000000002910383e+00,5.333333333328482695e-01,-1.133333333335031057e+00,-1.333333333332120674e+00,-1.399999999999636202e+00,-3.533333333334667259e+00,-7.333333333317568759e-01,5.333333333328482695e-01,-7.400000000001455192e+00,-1.199999999998908606e+00,-1.266666666666424135e+00,-1.800000000001091394e+00,-8.666666666649689432e-01,1.199999999998908606e+00,3.999999999996362021e-01,-4.666666666667879326e+00,-8.066666666665696539e+00,-6.000000000003637979e-01,-7.333333333335758653e-01,-6.000000000003637979e-01,-1.266666666666424135e+00,-3.333333333339396631e-01,-4.266666666666424135e+00,4.066666666665696539e+00,-5.733333333331756876e+00,2.266666666666424135e+00,-5.333333333333939663e+00,1.799999999999272404e+00,-3.733333333333575865e+00,-4.333333333333939663e+00,-1.200000000000727596e+00,1.000000000003637979e+00,-1.866666666666787933e+00,-3.199999999998908606e+00,-2.399999999999636202e+00,-4.666666666653327411e-01,-7.333333333335758653e-01,-2.666666666664241347e-01,9.333333333343034610e-01,1.266666666664605145e+00,-4.466666666668970720e+00,-6.000000000003637979e-01,-6.066666666665696539e+00,-1.066666666665696539e+00,3.599999999998544808e+00,-1.399999999997817213e+00,-3.800000000001091394e+00,-5.666666666667879326e+00,9.333333333343034610e-01,-4.133333333333212067e+00,-2.466666666667151731e+00,-3.666666666667879326e+00,-7.933333333330665482e+00,-6.066666666667515528e+00,-4.133333333335031057e+00,-3.799999999997453415e+00,-4.600000000000363798e+00,3.533333333332848269e+00,-4.666666666666060337e+00,-9.733333333333575865e+00,-1.066666666667515528e+00,1.666666666667879326e+00,-9.333333333343034610e-01,-3.866666666666787933e+00,1.333333333332120674e-01,-4.000000000014551915e-01,-3.000000000000000000e+00,3.466666666667151731e+00,1.133333333335031057e+00,-2.066666666667515528e+00,4.533333333332848269e+00,3.200000000000727596e+00,-2.333333333333939663e+00,0.000000000000000000e+00,1.333333333333939663e+00,4.066666666667515528e+00,-2.000000000007275958e-01,3.200000000000727596e+00,9.333333333324844716e-01,2.933333333334303461e+00,-6.066666666667515528e+00,3.999999999996362021e-01,-2.399999999999636202e+00,-5.199999999998908606e+00,2.199999999998908606e+00,-3.466666666667151731e+00,-1.599999999998544808e+00,-3.133333333335031057e+00,-1.266666666668243124e+00,1.266666666666424135e+00,-8.199999999998908606e+00,-2.333333333332120674e+00,-2.400000000001455192e+00,-1.333333333313930780e-01,-3.999999999998181011e+00,4.199999999998908606e+00,-4.666666666653327411e-01,1.199999999998908606e+00,-1.133333333331393078e+00,-2.200000000000727596e+00,-3.600000000000363798e+00,-2.200000000000727596e+00,-5.066666666665696539e+00,-6.666666666751552839e-02,-8.333333333335758653e+00,5.933333333332484472e+00,-4.000000000014551915e-01,-6.333333333332120674e+00,-3.599999999998544808e+00,-6.333333333332120674e+00,-1.933333333334303461e+00,-4.733333333331756876e+00,1.733333333331756876e+00,1.133333333333212067e+00,-1.466666666663513752e+00,3.999999999978172127e-01,-4.333333333332120674e+00,-4.666666666671517305e-01,-2.066666666669334518e+00,5.466666666667151731e+00,-6.200000000000727596e+00,3.000000000000000000e+00,2.333333333333939663e+00,-7.999999999992724042e-01,3.533333333332848269e+00,-4.666666666667879326e+00,7.333333333353948547e-01,-3.866666666664968943e+00,1.999999999989086064e-01,-2.266666666666424135e+00,8.666666666667879326e-01,2.333333333333939663e+00,-5.333333333328482695e-01,2.266666666666424135e+00,-2.666666666682431241e-01,-1.266666666666424135e+00,-3.600000000000363798e+00,5.333333333346672589e-01,-1.066666666665696539e+00,-1.866666666668606922e+00,4.666666666671517305e-01,-1.818989403545856476e-12,-3.933333333332484472e+00,-1.266666666666424135e+00,1.799999999999272404e+00,-3.133333333333212067e+00,-2.799999999999272404e+00,-2.066666666665696539e+00,-5.866666666666787933e+00,-2.066666666667515528e+00,1.133333333333212067e+00,-3.466666666665332741e+00,-5.333333333364862483e-01,-6.000000000003637979e-01,-2.666666666664241347e-01,1.199999999998908606e+00,-5.266666666664605145e+00,4.800000000001091394e+00,-3.333333333333939663e+00,1.533333333332848269e+00,4.000000000000000000e+00,-6.000000000003637979e-01,5.000000000000000000e+00,1.600000000000363798e+00,-5.000000000001818989e+00,-2.599999999998544808e+00,2.533333333334667259e+00,-5.599999999998544808e+00,1.066666666665696539e+00,-1.999999999989086064e-01,-2.066666666667515528e+00,-2.466666666667151731e+00,-5.933333333334303461e+00,-2.066666666667515528e+00,-4.133333333333212067e+00
-6.666666666660603369e-01,-5.066666666667515528e+00,1.399999999999636202e+00,-6.666666666751552839e-02,4.666666666653327411e-01,8.666666666686069220e-01,1.266666666666424135e+00,-4.333333333332120674e+00,3.199999999998908606e+00,-4.399999999999636202e+00,-2.799999999999272404e+00,-3.133333333333212067e+00,-2.666666666664241347e-01,3.800000000001091394e+00,2.073333333333357587e+01,1.620000000000072760e+01,1.973333333333175688e+01,1.673333333333175688e+01,2.000000000000000000e+01,1.513333333333321207e+01,1.959999999999854481e+01,2.393333333333430346e+01,2.766666666666787933e+01,2.586666666666678793e+01,3.573333333333357587e+01,3.406666666666751553e+01,2.533333333333393966e+01,2.993333333333248447e+01,2.333333333333212067e+01,1.579999999999927240e+01,1.433333333333212067e+01,9.266666666666424135e+00,8.600000000000363798e+00,9.533333333332848269e+00,1.260000000000218279e+01,6.333333333332120674e+00,-1.999999999989086064e-01,-2.800000000001091394e+00,-6.866666666666787933e+00,-7.466666666665332741e+00,-1.119999999999890861e+01,-3.466666666667151731e+00,-9.466666666667151731e+00,-4.200000000000727596e+00,-1.099999999999818101e+01,-9.866666666666787933e+00,-4.733333333335394855e+00,-6.399999999999636202e+00,-1.200000000000181899e+01,-6.666666666666060337e+00,-4.066666666665696539e+00,-7.466666666667151731e+00,-7.266666666666424135e+00,-4.266666666664605145e+00,-6.266666666666424135e+00,-6.600000000000363798e+00,-8.533333333332848269e+00,-8.000000000001818989e+00,-1.033333333333393966e+01,-8.666666666649689432e-01,-5.466666666667151731e+00,-4.266666666666424135e+00,-1.399999999997817213e+00,-3.866666666666787933e+00,-7.066666666667515528e+00,-7.466666666667151731e+00,-1.800000000002910383e+00,-3.733333333331756876e+00,-6.733333333335394855e+00,-5.466666666663513752e+00,-7.866666666668606922e+00,-3.933333333334303461e+00,2.000000000007275958e-01,-1.533333333332848269e+00,-5.133333333333212067e+00,-1.866666666664968943e+00,-4.266666666666424135e+00,-8.466666666667151731e+00,-1.599999999998544808e+00,-4.066666666667515528e+00,-2.000000000001818989e+00,-9.333333333343034610e-01,-1.399999999999636202e+00,-8.666666666667879326e-01,4.666666666689707199e-01,6.466666666667151731e+00,-6.666666666569653898e-02,3.666666666664241347e+00,1.399999999997817213e+00,1.600000000002182787e+00,6.466666666665332741e+00,7.799999999999272404e+00,5.933333333334303461e+00,4.599999999998544808e+00,1.200000000000000000e+01,6.266666666666424135e+00,8.666666666666060337e+00,8.600000000002182787e+00,1.026666666666642413e+01,9.466666666668970720e+00,8.933333333330665482e+00,1.159999999999854481e+01,2.133333333335031057e+00,8.866666666666787933e+00,8.000000000000000000e+00,-2.399999999999636202e+00,1.466666666667151731e+00,4.600000000000363798e+00,6.466666666665332741e+00,6.666666666751552839e-02,-4.000000000014551915e-01,-2.599999999998544808e+00,5.333333333328482695e-01,4.666666666671517305e-01,2.666666666682431241e-01,-3.733333333333575865e+00,-5.599999999998544808e+00,2.666666666664241347e-01,-6.266666666668243124e+00,-1.133333333333212067e+00,-4.666666666689707199e-01,-2.066666666663877550e+00,-3.200000000002546585e+00,8.000000000010913936e-01,-3.466666666665332741e+00,3.000000000000000000e+00,1.799999999999272404e+00,-3.600000000002182787e+00,4.000000000014551915e-01,-4.200000000000727596e+00,3.266666666666424135e+00,2.066666666667515528e+00,-3.466666666665332741e+00,5.399999999999636202e+00,-3.266666666666424135e+00,2.866666666664968943e+00,3.333333333339396631e-01,-1.066666666665696539e+00,-6.000000000001818989e+00,-1.666666666664241347e+00,-3.666666666666060337e+00,-2.200000000000727596e+00,-4.000000000014551915e-01,-3.666666666667879326e+00,3.933333333332484472e+00,-2.999999999998181011e+00,-3.466666666663513752e+00,3.599999999998544808e+00,-3.799999999999272404e+00,4.866666666666787933e+00,3.133333333331393078e+00,-1.266666666666424135e+00,9.333333333324844716e-01,1.999999999989086064e-01,1.818989403545856476e-12,5.333333333346672589e-01,-3.266666666668243124e+00,0.000000000000000000e+00,-3.333333333333939663e+00,-5.933333333334303461e+00,-4.599999999998544808e+00,-6.666666666660603369e-01,-3.199999999998908606e+00,-3.733333333335394855e+00,-9.599999999998544808e+00,-5.399999999999636202e+00,-5.866666666668606922e+00,-6.666666666666060337e+00,-6.600000000000363798e+00,-4.666666666667879326e+00,-4.399999999999636202e+00,-1.200000000000727596e+00,-2.999999999998181011e+00,-5.133333333333212067e+00,-1.333333333333939663e+00,-3.000000000000000000e+00,-1.266666666666424135e+00,-4.533333333332848269e+00,8.666666666667879326e-01,-9.333333333324844716e-01,-3.000000000000000000e+00,2.799999999999272404e+00,-2.666666666664241347e-01,-1.666666666667879326e+00,-2.000000000000000000e+00,-6.200000000002546585e+00,-4.333333333330301684e+00,-6.200000000000727596e+00,-3.266666666666424135e+00,-5.666666666666060337e+00,-2.999999999998181011e+00,-8.066666666667515528e+00,-5.333333333346672589e-01,-4.000000000000000000e+00,-1.066666666665696539e+00,-2.666666666664241347e-01,-3.800000000001091394e+00,-1.333333333332120674e-01,-2.399999999999636202e+00,-3.333333333321206737e-01,6.066666666667515528e+00,1.133333333331393078e+00,6.666666666569653898e-02,1.200000000000727596e+00,2.866666666664968943e+00,-7.333333333335758653e-01,-1.866666666663149954e+00,-1.800000000001091394e+00,-5.666666666666060337e+00,-5.000000000000000000e+00,-8.733333333335394855e+00,-3.799999999999272404e+00,-1.333333333333939663e+00,1.666666666666060337e+00,-1.733333333333575865e+00,-6.533333333332848269e+00,-3.600000000000363798e+00,-3.066666666665696539e+00,-3.999999999998181011e+00,-1.020000000000072760e+01,-3.266666666666424135e+00,3.333333333333939663e+00,-2.466666666668970720e+00,-1.466666666667151731e+00,-2.866666666664968943e+00,-1.333333333332120674e-01,-3.599999999998544808e+00,-3.266666666668243124e+00,-2.133333333333212067e+00,-7.200000000000727596e+00,-1.799999999999272404e+00,-1.333333333333939663e+00,-9.333333333343034610e-01,-3.666666666666060337e+00,-1.066666666665696539e+00,-2.666666666666060337e+00,-8.000000000010913936e-01,-4.666666666666060337e+00,-3.133333333333212067e+00,-3.000000000000000000e+00,-1.999999999989086064e-01,1.799999999999272404e+00,-2.733333333333575865e+00,-2.866666666668606922e+00,-2.266666666666424135e+00,-3.399999999999636202e+00,-4.200000000000727596e+00,-3.266666666664605145e+00,3.133333333333212067e+00,2.600000000000363798e+00,-1.266666666666424135e+00,-8.200000000002546585e+00,1.466666666667151731e+00,-7.333333333317568759e-01,-1.266666666666424135e+00,-4.466666666667151731e+00,-4.199999999998908606e+00,-3.533333333332848269e+00,-7.333333333335758653e-01,1.933333333332484472e+00,-8.000000000010913936e-01,-6.666666666751552839e-02,-1.866666666666787933e+00,-3.199999999998908606e+00,-2.599999999998544808e+00,-2.933333333334303461e+00,6.000000000003637979e-01,-6.199999999998908606e+00,-1.333333333335758653e+00,-5.333333333346672589e-01,5.333333333346672589e-01,-2.866666666666787933e+00,-3.199999999998908606e+00,-1.866666666666787933e+00,-3.399999999999636202e+00,6.666666666569653898e-02,-2.533333333332848269e+00,-1.800000000001091394e+00,-1.133333333331393078e+00,-1.266666666666424135e+00,-9.333333333306654822e-01,1.533333333331029280e+00,-1.666666666667879326e+00,-4.666666666671517305e-01,7.333333333335758653e-01,-2.000000000001818989e+00,-1.066666666665696539e+00,-6.666666666751552839e-02,-4.999999999998181011e+00,-1.933333333334303461e+00,-6.600000000000363798e+00,-3.933333333332484472e+00,-4.666666666671517305e-01,-1.866666666664968943e+00,-4.066666666665696539e+00,-2.133333333336850046e+00,-5.000000000000000000e+00,-1.466666666665332741e+00,-1.333333333332120674e+00,-5.733333333335394855e+00,4.666666666671517305e-01,-2.600000000000363798e+00,-3.133333333333212067e+00,-3.466666666665332741e+00,-1.466666666667151731e+00,3.333333333339396631e-01,-1.533333333332848269e+00,-1.266666666664605145e+00,-3.266666666668243124e+00,-8.000000000010913936e-01,2.533333333334667259e+00,2.466666666667151731e+00,-2.600000000002182787e+00,-2.533333333332848269e+00
4.266666666664605145e+00,-2.133333333331393078e+00,2.533333333332848269e+00,-9.999999999981810106e-01,-4.133333333333212067e+00,2.133333333331393078e+00,1.000000000000000000e+00,1.333333333313930780e-01,1.533333333336486248e+00,-3.333333333335758653e+00,-4.799999999999272404e+00,4.666666666671517305e-01,-1.666666666667879326e+00,4.066666666667515528e+00,8.866666666668606922e+00,7.399999999999636202e+00,9.933333333334303461e+00,1.266666666666787933e+01,1.353333333333284827e+01,1.346666666666715173e+01,9.333333333332120674e+00,1.139999999999963620e+01,1.200000000000000000e+01,1.166666666666606034e+01,1.726666666666642413e+01,1.586666666666496894e+01,1.320000000000436557e+01,1.959999999999672582e+01,1.266666666666787933e+01,4.733333333333575865e+00,5.066666666665696539e+00,5.133333333333212067e+00,2.466666666668970720e+00,2.600000000000363798e+00,7.599999999998544808e+00,5.066666666667515528e+00,-2.666666666682431241e-01,3.333333333339396631e-01,2.400000000001455192e+00,2.733333333331756876e+00,-5.333333333328482695e-01,-1.066666666667515528e+00,-4.733333333333575865e+00,-6.666666666660603369e-01,-3.000000000000000000e+00,-1.333333333332120674e+00,-2.599999999998544808e+00,-7.333333333335758653e+00,-5.000000000000000000e+00,-3.666666666666060337e+00,-6.133333333333212067e+00,-4.933333333334303461e+00,-2.200000000000727596e+00,-3.199999999998908606e+00,-1.120000000000072760e+01,-5.600000000000363798e+00,-7.466666666665332741e+00,-7.933333333332484472e+00,-4.333333333333939663e+00,3.799999999999272404e+00,-1.133333333333212067e+00,-2.733333333333575865e+00,2.666666666646051453e-01,-2.933333333332484472e+00,-8.933333333332484472e+00,-2.799999999999272404e+00,3.333333333333939663e+00,-4.466666666668970720e+00,-2.533333333332848269e+00,-6.666666666660603369e-01,6.666666666642413475e-01,-2.799999999997453415e+00,-4.666666666671517305e-01,-3.600000000000363798e+00,-5.000000000000000000e+00,-1.800000000001091394e+00,-2.666666666664241347e-01,-3.133333333333212067e+00,2.066666666667515528e+00,2.599999999998544808e+00,-1.533333333332848269e+00,-2.600000000000363798e+00,1.000000000000000000e+00,-3.066666666667515528e+00,-8.666666666649689432e-01,3.333333333339396631e-01,6.600000000000363798e+00,9.200000000000727596e+00,1.073333333333175688e+01,1.086666666666496894e+01,8.266666666668243124e+00,1.773333333333357587e+01,1.539999999999963620e+01,1.426666666666824312e+01,1.913333333333321207e+01,2.300000000000000000e+01,2.153333333333284827e+01,2.666666666666606034e+01,3.086666666666860692e+01,2.700000000000000000e+01,2.899999999999818101e+01,2.986666666666678793e+01,2.420000000000254659e+01,2.313333333333139308e+01,2.173333333333175688e+01,1.866666666666787933e+01,1.260000000000218279e+01,1.773333333333357587e+01,1.953333333333102928e+01,1.840000000000145519e+01,1.706666666666569654e+01,1.586666666666678793e+01,1.466666666666424135e+01,1.320000000000072760e+01,1.573333333333175688e+01,7.666666666667879326e+00,4.266666666668243124e+00,2.999999999998181011e+00,3.066666666667515528e+00,4.066666666667515528e+00,5.000000000000000000e+00,5.466666666667151731e+00,6.933333333330665482e+00,7.800000000002910383e+00,2.666666666664241347e-01,4.600000000000363798e+00,9.333333333332120674e+00,1.533333333332848269e+00,6.666666666569653898e-02,-1.066666666663877550e+00,6.466666666665332741e+00,4.399999999999636202e+00,8.200000000002546585e+00,8.133333333333212067e+00,3.599999999998544808e+00,1.013333333333503106e+01,3.466666666665332741e+00,-1.133333333333212067e+00,-6.399999999999636202e+00,1.799999999999272404e+00,-5.399999999999636202e+00,-4.533333333334667259e+00,-5.533333333334667259e+00,2.000000000000000000e+00,6.866666666666787933e+00,1.799999999999272404e+00,4.866666666668606922e+00,9.333333333324844716e-01,-1.133333333333212067e+00,3.200000000002546585e+00,-3.200000000000727596e+00,3.000000000000000000e+00,5.999999999998181011e+00,4.933333333334303461e+00,1.466666666665332741e+00,4.066666666669334518e+00,-1.000000000001818989e+00,4.400000000001455192e+00,-8.200000000000727596e+00,-5.866666666666787933e+00,-6.666666666667879326e+00,-1.039999999999781721e+01,-7.133333333333212067e+00,-6.933333333334303461e+00,-6.466666666667151731e+00,-1.333333333333939663e+00,-9.533333333332848269e+00,-8.600000000000363798e+00,-5.266666666664605145e+00,-5.933333333334303461e+00,-6.199999999998908606e+00,-1.733333333335394855e+00,-4.133333333335031057e+00,-9.999999999981810106e-01,-8.600000000000363798e+00,-2.866666666666787933e+00,-2.999999999998181011e+00,-3.266666666666424135e+00,1.066666666667515528e+00,-5.600000000002182787e+00,-1.059999999999854481e+01,4.333333333333939663e+00,-2.600000000002182787e+00,-6.333333333333939663e+00,-3.933333333332484472e+00,-5.799999999999272404e+00,-8.933333333334303461e+00,-1.253333333333102928e+01,-5.133333333333212067e+00,-2.000000000000000000e+00,-5.799999999999272404e+00,-2.933333333334303461e+00,-3.200000000002546585e+00,-1.066666666667515528e+00,1.666666666669698316e+00,7.133333333331393078e+00,-9.999999999981810106e-01,7.333333333335758653e-01,5.133333333331393078e+00,6.533333333334667259e+00,6.733333333331756876e+00,6.133333333333212067e+00,9.200000000000727596e+00,-1.333333333332120674e-01,-6.666666666624223581e-01,3.199999999998908606e+00,-2.333333333333939663e+00,1.999999999989086064e-01,-4.000000000001818989e+00,5.333333333328482695e-01,-6.933333333334303461e+00,-4.466666666665332741e+00,-3.066666666665696539e+00,-4.133333333335031057e+00,-9.066666666665696539e+00,-6.399999999999636202e+00,-1.046666666666715173e+01,-6.266666666668243124e+00,2.000000000007275958e-01,-3.600000000000363798e+00,-6.799999999997453415e+00,-6.666666666678793263e-01,-4.533333333331029280e+00,-7.866666666666787933e+00,-1.006666666666569654e+01,-7.066666666667515528e+00,-1.026666666666824312e+01,-7.266666666666424135e+00,-5.333333333332120674e+00,-7.399999999999636202e+00,-7.600000000000363798e+00,-5.933333333334303461e+00,-1.866666666668606922e+00,-8.199999999998908606e+00,-6.666666666660603369e-01,-4.399999999997817213e+00,-7.800000000001091394e+00,-3.800000000001091394e+00,-4.000000000000000000e+00,-6.666666666569653898e-02,-2.000000000001818989e+00,-3.266666666664605145e+00,-9.333333333335758653e+00,-5.199999999998908606e+00,-1.933333333334303461e+00,-4.466666666665332741e+00,-2.866666666666787933e+00,-9.533333333332848269e+00,-4.000000000014551915e-01,-1.333333333332120674e-01,-1.333333333333939663e+00,-1.866666666666787933e+00,-4.333333333332120674e+00,-1.333333333332120674e+00,-4.133333333333212067e+00,-2.400000000001455192e+00,6.666666666569653898e-02,5.799999999999272404e+00,-5.133333333331393078e+00,1.466666666667151731e+00,-1.999999999989086064e-01,1.333333333332120674e-01,-3.199999999998908606e+00,-4.866666666668606922e+00,-5.400000000001455192e+00,-2.399999999997817213e+00,-3.266666666668243124e+00,-1.800000000001091394e+00,-1.466666666667151731e+00,-4.733333333333575865e+00,7.333333333335758653e-01,-6.933333333332484472e+00,-5.399999999999636202e+00,-2.666666666666060337e+00,-1.193333333333248447e+01,-3.333333333332120674e+00,-1.133333333336850046e+00,8.000000000010913936e-01,-4.266666666666424135e+00,-7.733333333333575865e+00,-1.040000000000145519e+01,-2.733333333335394855e+00,-3.666666666664241347e+00,-5.933333333332484472e+00,-3.666666666664241347e+00,-6.799999999999272404e+00,-6.666666666933451779e-02,-3.599999999998544808e+00,-2.466666666668970720e+00,-4.666666666653327411e-01,-5.399999999999636202e+00,-4.466666666668970720e+00,-6.399999999999636202e+00,-6.666666666660603369e-01,-1.266666666666424135e+00,1.533333333334667259e+00,-4.333333333333939663e+00,-4.333333333333939663e+00,-3.999999999996362021e-01,-6.400000000001455192e+00,-9.333333333343034610e-01,-1.333333333333939663e+00,-3.133333333333212067e+00,-3.599999999998544808e+00,-4.066666666665696539e+00,-6.666666666569653898e-02,-6.133333333333212067e+00,0.000000000000000000e+00,-6.466666666667151731e+00,-4.866666666668606922e+00,-3.133333333333212067e+00,-2.199999999998908606e+00,-3.533333333332848269e+00,-5.599999999998544808e+00
-7.333333333335758653e-01,-3.066666666667515528e+00,-2.799999999997453415e+00,3.133333333331393078e+00,-4.466666666665332741e+00,2.666666666664241347e-01,-2.466666666665332741e+00,1.866666666664968943e+00,6.666666666751552839e-02,-1.600000000000363798e+00,2.066666666665696539e+00,-1.333333333332120674e-01,-3.399999999999636202e+00,-6.666666666569653898e-02,5.666666666666060337e+00,2.266666666666424135e+00,6.199999999998908606e+00,1.246666666666897072e+01,3.066666666663877550e+00,4.933333333336122450e+00,9.200000000000727596e+00,6.333333333332120674e+00,6.533333333332848269e+00,8.333333333335758653e+00,8.199999999998908606e+00,9.866666666664968943e+00,6.866666666666787933e+00,1.326666666666642413e+01,6.266666666666424135e+00,7.066666666669334518e+00,9.533333333332848269e+00,2.733333333333575865e+00,5.133333333335031057e+00,3.399999999999636202e+00,3.133333333331393078e+00,-1.533333333332848269e+00,6.733333333333575865e+00,2.733333333331756876e+00,6.666666666666060337e+00,1.466666666665332741e+00,1.466666666668970720e+00,7.466666666667151731e+00,-3.000000000001818989e+00,4.800000000002910383e+00,-3.000000000001818989e+00,-4.000000000014551915e-01,-1.133333333333212067e+00,-5.533333333332848269e+00,-6.000000000003637979e-01,1.133333333333212067e+00,1.200000000000727596e+00,-7.999999999992724042e-01,-1.000000000000000000e+00,-3.800000000001091394e+00,-2.600000000000363798e+00,-4.266666666664605145e+00,-5.600000000000363798e+00,-2.666666666682431241e-01,-2.933333333332484472e+00,-1.599999999998544808e+00,-1.599999999998544808e+00,4.666666666671517305e-01,-2.400000000001455192e+00,-5.400000000001455192e+00,-1.333333333332120674e-01,-1.333333333333939663e+00,-8.200000000000727596e+00,2.666666666682431241e-01,-2.866666666666787933e+00,-4.066666666667515528e+00,-9.333333333343034610e-01,-9.333333333324844716e-01,-1.533333333332848269e+00,4.666666666653327411e-01,1.333333333333939663e+00,6.666666666666060337e+00,9.599999999998544808e+00,9.266666666670062114e+00,1.546666666666715173e+01,1.339999999999781721e+01,1.433333333333393966e+01,1.646666666666715173e+01,1.426666666666642413e+01,2.460000000000036380e+01,2.673333333333357587e+01,2.853333333333466726e+01,2.786666666666314995e+01,3.226666666666824312e+01,2.833333333333393966e+01,3.793333333333066548e+01,2.893333333333430346e+01,2.693333333333430346e+01,3.300000000000000000e+01,3.239999999999963620e+01,3.333333333333393966e+01,3.359999999999854481e+01,3.193333333333430346e+01,3.020000000000072760e+01,2.539999999999963620e+01,2.480000000000109139e+01,1.960000000000036380e+01,1.833333333333212067e+01,1.446666666666533274e+01,1.493333333333248447e+01,8.266666666666424135e+00,6.333333333337577642e+00,3.466666666667151731e+00,3.599999999998544808e+00,7.333333333335758653e-01,3.733333333333575865e+00,1.666666666666060337e+00,6.666666666666060337e+00,3.000000000000000000e+00,5.200000000002546585e+00,1.266666666664605145e+00,1.866666666666787933e+00,3.466666666667151731e+00,4.000000000000000000e+00,7.000000000000000000e+00,-4.666666666671517305e-01,5.199999999998908606e+00,1.073333333333175688e+01,4.066666666669334518e+00,1.066666666667515528e+00,-2.600000000000363798e+00,-3.866666666666787933e+00,-2.266666666666424135e+00,-3.133333333333212067e+00,-8.533333333334667259e+00,-1.400000000001455192e+00,-2.799999999999272404e+00,-5.466666666667151731e+00,-4.733333333331756876e+00,-9.666666666667879326e+00,-2.799999999999272404e+00,-3.399999999999636202e+00,-8.333333333333939663e+00,-4.666666666653327411e-01,-5.066666666667515528e+00,-5.133333333333212067e+00,-3.600000000000363798e+00,-6.533333333332848269e+00,-8.266666666666424135e+00,-3.599999999998544808e+00,-1.466666666667151731e+00,-4.866666666666787933e+00,-1.933333333336122450e+00,-4.399999999997817213e+00,2.599999999998544808e+00,-4.600000000000363798e+00,-6.199999999997089617e+00,-4.333333333335758653e+00,-9.666666666666060337e+00,-4.666666666653327411e-01,8.666666666649689432e-01,-2.133333333333212067e+00,2.933333333332484472e+00,1.413333333333321207e+01,1.006666666666569654e+01,4.933333333334303461e+00,7.066666666667515528e+00,6.599999999998544808e+00,1.233333333333393966e+01,1.399999999997817213e+00,7.266666666666424135e+00,9.800000000001091394e+00,1.060000000000036380e+01,1.046666666666897072e+01,3.666666666666060337e+00,-2.666666666682431241e-01,4.466666666668970720e+00,-2.333333333335758653e+00,-9.666666666667879326e+00,-8.799999999997453415e+00,-3.000000000000000000e+00,-5.133333333331393078e+00,-6.000000000001818989e+00,-6.666666666666060337e+00,-6.266666666668243124e+00,-3.733333333333575865e+00,-5.600000000000363798e+00,-9.266666666664605145e+00,-1.213333333333503106e+01,-4.799999999999272404e+00,-1.866666666666787933e+00,-3.733333333331756876e+00,-4.666666666653327411e-01,1.266666666666424135e+00,-4.466666666667151731e+00,-7.266666666666424135e+00,-5.600000000000363798e+00,-5.066666666665696539e+00,-5.533333333332848269e+00,-4.466666666667151731e+00,-3.933333333336122450e+00,-9.333333333332120674e+00,-2.533333333334667259e+00,-1.533333333331029280e+00,-1.733333333333575865e+00,-5.466666666667151731e+00,-3.133333333331393078e+00,-7.000000000000000000e+00,-9.733333333333575865e+00,-6.000000000021827873e-01,-7.266666666668243124e+00,1.000000000000000000e+00,-2.000000000000000000e+00,-5.199999999998908606e+00,6.666666666751552839e-02,-1.333333333333939663e+00,3.199999999998908606e+00,1.666666666666060337e+00,-2.666666666646051453e-01,-2.000000000000000000e+00,1.200000000000727596e+00,-2.866666666666787933e+00,-1.666666666667879326e+00,1.733333333335394855e+00,-2.133333333335031057e+00,1.733333333331756876e+00,-5.266666666668243124e+00,-2.199999999998908606e+00,-2.266666666666424135e+00,-3.800000000001091394e+00,-5.533333333331029280e+00,-2.066666666665696539e+00,-6.333333333333939663e+00,-5.333333333333939663e+00,-3.866666666666787933e+00,-7.933333333334303461e+00,-3.066666666665696539e+00,-6.733333333333575865e+00,-8.933333333332484472e+00,-4.200000000000727596e+00,-3.466666666665332741e+00,-3.400000000001455192e+00,-3.533333333331029280e+00,-4.666666666671517305e-01,-1.600000000000363798e+00,-1.933333333332484472e+00,6.000000000003637979e-01,5.333333333333939663e+00,5.399999999999636202e+00,7.266666666664605145e+00,5.533333333332848269e+00,5.266666666664605145e+00,9.133333333335031057e+00,1.260000000000218279e+01,6.533333333332848269e+00,8.333333333335758653e+00,7.466666666663513752e+00,8.466666666667151731e+00,5.866666666666787933e+00,4.266666666666424135e+00,6.599999999998544808e+00,-9.999999999981810106e-01,-6.266666666666424135e+00,-1.799999999999272404e+00,-2.266666666666424135e+00,1.533333333332848269e+00,-6.800000000001091394e+00,-1.733333333331756876e+00,-2.600000000000363798e+00,-3.133333333333212067e+00,-2.933333333334303461e+00,-5.599999999998544808e+00,-6.133333333335031057e+00,-4.333333333332120674e+00,-2.666666666664241347e-01,-2.999999999998181011e+00,-6.000000000021827873e-01,3.999999999996362021e-01,6.666666666569653898e-02,-8.733333333335394855e+00,-4.133333333333212067e+00,1.066666666665696539e+00,-1.933333333332484472e+00,-8.333333333332120674e+00,-2.000000000000000000e+00,-6.733333333331756876e+00,-2.666666666664241347e-01,-3.000000000000000000e+00,-3.333333333339396631e-01,-6.933333333334303461e+00,-3.199999999998908606e+00,-5.266666666666424135e+00,-6.733333333333575865e+00,-4.799999999999272404e+00,-1.400000000001455192e+00,-3.533333333332848269e+00,-4.800000000001091394e+00,-8.266666666666424135e+00,1.266666666666424135e+00,-3.600000000000363798e+00,-3.666666666666060337e+00,-4.933333333330665482e+00,-5.800000000001091394e+00,-6.266666666666424135e+00,-2.133333333333212067e+00,2.733333333331756876e+00,-3.199999999998908606e+00,-2.666666666682431241e-01,-2.733333333333575865e+00,1.399999999999636202e+00,-5.800000000001091394e+00,-2.133333333333212067e+00,-3.333333333321206737e-01,-7.266666666666424135e+00,1.133333333333212067e+00,-3.866666666666787933e+00,-1.199999999998908606e+00,1.400000000001455192e+00,-4.200000000000727596e+00,-4.066666666667515528e+00
-2.933333333334303461e+00,-7.266666666666424135e+00,-2.666666666667879326e+00,9.333333333324844716e-01,2.866666666666787933e+00,-1.466666666665332741e+00,3.133333333333212067e+00,-1.000000000000000000e+00,-1.333333333350310568e-01,-3.266666666666424135e+00,-1.666666666667879326e+00,-3.199999999997089617e+00,-3.066666666667515528e+00,-7.333333333335758653e-01,1.133333333333212067e+00,5.066666666665696539e+00,3.400000000001455192e+00,8.066666666665696539e+00,4.466666666667151731e+00,5.933333333334303461e+00,2.800000000001091394e+00,6.066666666667515528e+00,2.533333333332848269e+00,1.066666666666606034e+01,3.466666666665332741e+00,5.733333333331756876e+00,9.399999999999636202e+00,7.733333333331756876e+00,8.800000000002910383e+00,7.066666666667515528e+00,2.266666666664605145e+00,5.600000000000363798e+00,-3.999999999978172127e-01,1.866666666666787933e+00,-6.666666666569653898e-02,4.199999999998908606e+00,-2.666666666664241347e-01,5.666666666667879326e+00,1.333333333332120674e-01,2.266666666666424135e+00,1.466666666665332741e+00,-1.266666666668243124e+00,-8.666666666649689432e-01,-2.266666666666424135e+00,-2.133333333335031057e+00,-8.666666666667879326e-01,-1.866666666666787933e+00,4.466666666667151731e+00,1.466666666668970720e+00,-1.733333333333575865e+00,-1.333333333332120674e-01,-2.466666666667151731e+00,1.466666666665332741e+00,-7.333333333333939663e+00,3.133333333333212067e+00,-7.600000000000363798e+00,-2.266666666664605145e+00,1.066666666667515528e+00,2.000000000000000000e+00,3.666666666667879326e+00,-2.866666666666787933e+00,1.666666666664241347e+00,-9.333333333332120674e+00,-2.733333333335394855e+00,-8.666666666667879326e-01,-2.800000000001091394e+00,3.333333333332120674e+00,-9.133333333333212067e+00,3.533333333332848269e+00,-1.733333333331756876e+00,3.666666666667879326e+00,-1.333333333332120674e+00,-4.800000000001091394e+00,-2.533333333334667259e+00,-7.066666666667515528e+00,1.933333333334303461e+00,-1.799999999999272404e+00,4.000000000001818989e+00,-1.800000000001091394e+00,2.733333333331756876e+00,3.133333333333212067e+00,3.000000000000000000e+00,2.800000000001091394e+00,6.666666666678793263e-01,1.999999999989086064e-01,2.266666666666424135e+00,-6.666666666660603369e-01,5.533333333332848269e+00,3.200000000000727596e+00,6.533333333331029280e+00,-5.133333333331393078e+00,1.133333333333212067e+00,-6.666666666642413475e-01,1.266666666666424135e+00,2.200000000000727596e+00,4.133333333331393078e+00,-5.333333333333939663e+00,5.466666666665332741e+00,2.600000000000363798e+00,8.666666666667879326e-01,2.600000000002182787e+00,8.133333333333212067e+00,5.066666666667515528e+00,-1.818989403545856476e-12,-5.333333333328482695e-01,6.600000000000363798e+00,2.066666666663877550e+00,3.533333333334667259e+00,3.399999999999636202e+00,1.333333333350310568e-01,-3.333333333332120674e+00,4.466666666667151731e+00,-1.533333333336486248e+00,-4.666666666653327411e-01,2.266666666664605145e+00,-1.666666666667879326e+00,-7.533333333332848269e+00,-4.733333333333575865e+00,-1.399999999997817213e+00,-5.266666666666424135e+00,-1.066666666665696539e+00,-2.466666666668970720e+00,-3.533333333331029280e+00,-3.866666666666787933e+00,-2.600000000000363798e+00,3.000000000000000000e+00,4.000000000014551915e-01,3.133333333333212067e+00,-1.533333333334667259e+00,-2.533333333334667259e+00,-3.999999999996362021e-01,1.066666666665696539e+00,-1.466666666667151731e+00,2.799999999999272404e+00,5.866666666668606922e+00,-2.000000000007275958e-01,-5.333333333310292801e-01,3.666666666664241347e+00,2.666666666682431241e-01,-4.666666666671517305e-01,-7.866666666666787933e+00,-7.066666666667515528e+00,-6.000000000000000000e+00,-3.800000000001091394e+00,-1.733333333333575865e+00,-1.866666666666787933e+00,1.933333333334303461e+00,2.333333333333939663e+00,-4.066666666665696539e+00,-1.733333333333575865e+00,-1.533333333334667259e+00,2.000000000007275958e-01,-2.733333333331756876e+00,-1.200000000000727596e+00,-1.333333333332120674e-01,6.399999999999636202e+00,3.133333333333212067e+00,-1.866666666666787933e+00,5.000000000000000000e+00,-2.866666666668606922e+00,4.866666666666787933e+00,-7.333333333335758653e-01,-2.866666666666787933e+00,-7.333333333299378864e-01,-8.000000000010913936e-01,6.666666666751552839e-02,3.799999999999272404e+00,-1.866666666666787933e+00,4.799999999999272404e+00,-3.933333333330665482e+00,-6.133333333333212067e+00,-2.000000000001818989e+00,2.533333333332848269e+00,0.000000000000000000e+00,6.000000000003637979e-01,-6.866666666666787933e+00,-2.200000000000727596e+00,1.266666666666424135e+00,-3.533333333332848269e+00,6.666666666751552839e-02,-2.466666666668970720e+00,-3.466666666668970720e+00,-7.333333333317568759e-01,-2.466666666665332741e+00,2.399999999999636202e+00,-1.333333333313930780e-01,-1.666666666666060337e+00,-3.999999999998181011e+00,-7.866666666670425911e+00,9.333333333361224504e-01,2.199999999998908606e+00,1.333333333350310568e-01,-6.933333333334303461e+00,-1.818989403545856476e-12,-5.733333333331756876e+00,9.333333333324844716e-01,-4.533333333332848269e+00,-4.799999999999272404e+00,-6.000000000000000000e+00,0.000000000000000000e+00,3.533333333332848269e+00,-1.266666666666424135e+00,3.266666666666424135e+00,5.533333333334667259e+00,-1.400000000001455192e+00,-4.000000000000000000e+00,-1.733333333333575865e+00,2.733333333333575865e+00,5.933333333332484472e+00,-1.733333333333575865e+00,-9.999999999981810106e-01,2.066666666665696539e+00,2.866666666668606922e+00,2.533333333332848269e+00,-2.466666666668970720e+00,-2.399999999999636202e+00,2.466666666665332741e+00,-4.933333333332484472e+00,-4.066666666667515528e+00,3.333333333357586525e-01,7.199999999998908606e+00,1.999999999989086064e-01,1.400000000001455192e+00,-1.000000000000000000e+00,5.533333333334667259e+00,3.199999999998908606e+00,-2.066666666667515528e+00,4.799999999999272404e+00,-1.333333333332120674e-01,-4.133333333333212067e+00,-2.466666666667151731e+00,-2.666666666666060337e+00,1.133333333331393078e+00,-6.666666666569653898e-02,-7.333333333335758653e-01,-7.666666666666060337e+00,-5.866666666668606922e+00,-4.266666666662786156e+00,-2.866666666666787933e+00,-5.133333333333212067e+00,-6.333333333332120674e+00,-2.333333333333939663e+00,-4.333333333332120674e+00,1.133333333329574089e+00,5.666666666664241347e+00,8.000000000010913936e-01,-1.999999999970896170e-01,-9.333333333324844716e-01,6.666666666678793263e-01,-2.400000000001455192e+00,-2.000000000007275958e-01,3.799999999997453415e+00,1.400000000003274181e+00,-3.400000000001455192e+00,-9.999999999981810106e-01,-8.000000000010913936e-01,2.666666666682431241e-01,3.999999999996362021e-01,-2.466666666667151731e+00,-1.466666666667151731e+00,-1.066666666667515528e+00,-6.333333333333939663e+00,6.000000000021827873e-01,-4.333333333333939663e+00,6.666666666751552839e-02,2.333333333333939663e+00,-2.000000000000000000e+00,-8.000000000029103830e-01,-2.733333333333575865e+00,-5.333333333328482695e-01,-3.200000000000727596e+00,-5.999999999985448085e-01,-1.400000000001455192e+00,-1.066666666663877550e+00,-5.200000000002546585e+00,-1.066666666665696539e+00,4.333333333333939663e+00,2.000000000001818989e+00,3.999999999978172127e-01,4.000000000014551915e-01,7.999999999992724042e-01,-1.466666666665332741e+00,-4.333333333335758653e+00,2.933333333334303461e+00,-2.000000000007275958e-01,2.933333333334303461e+00,-4.200000000000727596e+00,-5.533333333332848269e+00,-3.600000000000363798e+00,-2.000000000007275958e-01,-4.400000000001455192e+00,-2.066666666665696539e+00,-6.666666666667879326e+00,-2.733333333329937886e+00,-4.066666666669334518e+00,-7.399999999999636202e+00,-5.000000000001818989e+00,-3.133333333329574089e+00,-5.533333333334667259e+00,-5.333333333328482695e-01,-4.933333333330665482e+00,-3.000000000000000000e+00,-1.800000000001091394e+00,0.000000000000000000e+00,-1.066666666667515528e+00,-1.466666666667151731e+00,-2.266666666668243124e+00,-1.000000000000000000e+00,-3.933333333332484472e+00,1.333333333332120674e-01,5.333333333346672589e-01,1.199999999998908606e+00,4.333333333332120674e+00,2.399999999999636202e+00
1.266666666664605145e+00,-3.599999999996725819e+00,-5.333333333333939663e+00,7.333333333353948547e-01,-8.000000000010913936e-01,-2.000000000007275958e-01,-3.800000000001091394e+00,-5.599999999998544808e+00,4.799999999999272404e+00,1.799999999999272404e+00,-1.600000000000363798e+00,-1.599999999998544808e+00,1.333333333333939663e+00,3.200000000000727596e+00,6.466666666665332741e+00,3.666666666667879326e+00,5.000000000000000000e+00,3.533333333332848269e+00,4.133333333333212067e+00,2.399999999997817213e+00,9.333333333333939663e+00,6.666666666666060337e+00,5.066666666667515528e+00,2.000000000000000000e+00,2.466666666667151731e+00,4.733333333333575865e+00,4.399999999999636202e+00,1.066666666669334518e+00,-1.933333333336122450e+00,3.533333333334667259e+00,3.533333333331029280e+00,3.666666666667879326e+00,3.533333333332848269e+00,3.133333333335031057e+00,6.266666666664605145e+00,-1.399999999999636202e+00,-1.399999999999636202e+00,6.266666666668243124e+00,-2.133333333333212067e+00,3.933333333334303461e+00,1.133333333333212067e+00,4.666666666671517305e-01,-8.000000000010913936e-01,6.333333333333939663e+00,-1.933333333334303461e+00,-6.066666666667515528e+00,-1.466666666667151731e+00,-2.933333333334303461e+00,-1.266666666666424135e+00,-2.999999999998181011e+00,-2.866666666666787933e+00,-2.866666666666787933e+00,-2.333333333333939663e+00,-1.466666666665332741e+00,-3.133333333333212067e+00,-5.266666666666424135e+00,1.400000000001455192e+00,-2.866666666668606922e+00,-6.866666666668606922e+00,-3.200000000000727596e+00,-1.333333333332120674e-01,2.666666666664241347e-01,1.333333333333939663e+00,-5.199999999998908606e+00,-5.799999999999272404e+00,-2.933333333334303461e+00,6.000000000021827873e-01,-3.466666666667151731e+00,1.733333333331756876e+00,4.666666666671517305e-01,3.199999999997089617e+00,-3.866666666666787933e+00,-5.333333333328482695e-01,2.600000000000363798e+00,3.333333333335758653e+00,4.999999999998181011e+00,2.466666666667151731e+00,8.533333333334667259e+00,1.066666666666606034e+01,1.060000000000036380e+01,1.413333333333503106e+01,8.266666666664605145e+00,7.799999999999272404e+00,1.240000000000145519e+01,1.459999999999854481e+01,2.186666666666678793e+01,2.246666666666715173e+01,2.339999999999963620e+01,1.513333333333321207e+01,1.973333333333357587e+01,1.446666666666715173e+01,1.420000000000072760e+01,1.286666666666496894e+01,1.240000000000327418e+01,1.353333333333102928e+01,1.366666666666787933e+01,2.059999999999854481e+01,1.766666666666787933e+01,1.386666666666496894e+01,1.173333333333357587e+01,3.599999999998544808e+00,6.666666666678793263e-01,5.599999999998544808e+00,8.066666666669334518e+00,3.999999999998181011e+00,6.000000000000000000e+00,1.100000000000000000e+01,5.333333333333939663e+00,5.466666666667151731e+00,5.533333333332848269e+00,2.666666666666060337e+00,2.133333333335031057e+00,8.399999999999636202e+00,5.866666666666787933e+00,3.399999999999636202e+00,5.666666666667879326e+00,1.039999999999963620e+01,3.466666666663513752e+00,3.666666666667879326e+00,3.533333333334667259e+00,7.999999999992724042e-01,1.599999999998544808e+00,4.400000000001455192e+00,-1.066666666667515528e+00,2.333333333335758653e+00,1.333333333332120674e-01,7.333333333335758653e-01,-4.333333333337577642e+00,-5.599999999998544808e+00,-7.999999999992724042e-01,-2.533333333332848269e+00,-5.000000000000000000e+00,-2.000000000000000000e+00,1.000000000000000000e+00,-1.266666666666424135e+00,2.200000000000727596e+00,-2.133333333335031057e+00,-8.666666666667879326e-01,7.133333333333212067e+00,1.533333333334667259e+00,4.066666666667515528e+00,8.666666666649689432e-01,2.800000000001091394e+00,5.466666666667151731e+00,3.733333333333575865e+00,2.999999999998181011e+00,2.000000000000000000e+00,3.199999999998908606e+00,4.200000000000727596e+00,4.000000000000000000e+00,4.266666666668243124e+00,2.266666666664605145e+00,-3.599999999998544808e+00,-6.666666666642413475e-01,-9.333333333343034610e-01,-4.399999999999636202e+00,-4.466666666665332741e+00,-3.600000000002182787e+00,-1.266666666666424135e+00,-5.333333333333939663e+00,-1.733333333333575865e+00,-1.733333333333575865e+00,-5.266666666668243124e+00,-9.333333333332120674e+00,-5.733333333331756876e+00,-9.066666666665696539e+00,-1.400000000001455192e+00,-2.666666666667879326e+00,-9.600000000000363798e+00,-3.733333333331756876e+00,-1.666666666667879326e+00,-1.733333333333575865e+00,-5.600000000000363798e+00,-9.866666666664968943e+00,-6.399999999999636202e+00,-2.000000000000000000e+00,-4.466666666667151731e+00,-3.600000000000363798e+00,-2.666666666667879326e+00,-8.666666666667879326e-01,-2.400000000001455192e+00,-6.066666666663877550e+00,-2.933333333334303461e+00,2.933333333332484472e+00,-1.266666666666424135e+00,-2.799999999997453415e+00,-2.666666666667879326e+00,2.333333333333939663e+00,2.800000000001091394e+00,1.999999999989086064e-01,-5.466666666667151731e+00,-6.399999999999636202e+00,-4.666666666653327411e-01,-6.000000000003637979e-01,-2.199999999998908606e+00,-3.000000000001818989e+00,-3.999999999996362021e-01,3.333333333321206737e-01,-1.600000000000363798e+00,1.733333333333575865e+00,6.333333333332120674e+00,8.000000000000000000e+00,4.200000000000727596e+00,1.599999999998544808e+00,7.400000000001455192e+00,2.866666666668606922e+00,1.120000000000072760e+01,7.399999999997817213e+00,4.666666666667879326e+00,2.666666666666060337e+00,9.133333333333212067e+00,4.266666666666424135e+00,5.866666666666787933e+00,9.333333333343034610e-01,1.799999999999272404e+00,-6.666666666678793263e-01,-3.599999999998544808e+00,-7.199999999998908606e+00,-2.333333333335758653e+00,-1.599999999998544808e+00,1.466666666665332741e+00,-5.066666666665696539e+00,-4.800000000001091394e+00,-6.666666666678793263e-01,2.666666666664241347e-01,-7.333333333317568759e-01,-1.333333333313930780e-01,-5.933333333332484472e+00,3.333333333339396631e-01,1.999999999989086064e-01,-6.666666666666060337e+00,-6.533333333336486248e+00,-2.600000000000363798e+00,-4.666666666671517305e-01,-6.666666666666060337e+00,-5.933333333332484472e+00,-4.466666666667151731e+00,-3.333333333321206737e-01,-4.866666666666787933e+00,-4.133333333333212067e+00,-6.866666666664968943e+00,-7.600000000000363798e+00,-3.733333333333575865e+00,-3.266666666668243124e+00,-6.999999999998181011e+00,-2.933333333334303461e+00,-2.666666666667879326e+00,-6.666666666569653898e-02,-5.733333333333575865e+00,-3.333333333303016843e-01,-1.333333333350310568e-01,-2.133333333333212067e+00,-6.200000000000727596e+00,-2.666666666682431241e-01,-4.733333333333575865e+00,-2.800000000001091394e+00,-2.533333333331029280e+00,-1.933333333332484472e+00,-5.200000000000727596e+00,-5.266666666668243124e+00,5.333333333346672589e-01,-2.466666666667151731e+00,-4.733333333333575865e+00,-7.333333333335758653e-01,-7.599999999998544808e+00,-4.266666666666424135e+00,-2.533333333334667259e+00,-4.333333333332120674e+00,-6.133333333335031057e+00,-4.666666666689707199e-01,4.933333333336122450e+00,2.000000000000000000e+00,3.466666666667151731e+00,5.799999999999272404e+00,9.266666666668243124e+00,4.199999999998908606e+00,8.133333333333212067e+00,8.466666666665332741e+00,2.600000000000363798e+00,9.066666666665696539e+00,5.400000000003274181e+00,5.733333333331756876e+00,4.799999999999272404e+00,9.000000000000000000e+00,3.800000000002910383e+00,-1.333333333333939663e+00,-2.666666666667879326e+00,2.200000000000727596e+00,-4.600000000000363798e+00,-5.133333333331393078e+00,-1.800000000001091394e+00,-7.066666666665696539e+00,-8.333333333333939663e+00,-2.600000000002182787e+00,-5.066666666665696539e+00,-4.666666666666060337e+00,-5.066666666665696539e+00,-3.600000000002182787e+00,-5.733333333333575865e+00,-6.733333333333575865e+00,-5.399999999995998223e+00,-4.000000000032741809e-01,-7.933333333332484472e+00,-6.733333333333575865e+00,-7.999999999992724042e-01,-6.533333333332848269e+00,-2.000000000001818989e+00,-1.133333333331393078e+00,-1.133333333335031057e+00,-2.933333333334303461e+00,2.733333333331756876e+00,2.066666666665696539e+00,-3.333333333333939663e+00,-6.466666666663513752e+00
9.333333333324844716e-01,-2.666666666667879326e+00,1.733333333335394855e+00,1.733333333333575865e+00,3.533333333332848269e+00,4.666666666671517305e-01,4.133333333333212067e+00,-2.333333333332120674e+00,0.000000000000000000e+00,-1.600000000000363798e+00,5.333333333346672589e-01,1.333333333332120674e-01,-1.266666666666424135e+00,-3.000000000000000000e+00,3.599999999998544808e+00,4.266666666668243124e+00,2.933333333330665482e+00,4.333333333333939663e+00,3.866666666666787933e+00,2.666666666664241347e-01,3.933333333334303461e+00,4.666666666671517305e-01,7.466666666665332741e+00,4.266666666666424135e+00,9.333333333324844716e-01,5.799999999999272404e+00,4.200000000000727596e+00,8.866666666666787933e+00,6.733333333333575865e+00,5.400000000001455192e+00,3.266666666666424135e+00,2.266666666666424135e+00,4.866666666666787933e+00,4.666666666666060337e+00,3.733333333333575865e+00,3.666666666666060337e+00,7.733333333333575865e+00,3.799999999999272404e+00,3.933333333334303461e+00,6.066666666667515528e+00,1.266666666666424135e+00,2.399999999999636202e+00,8.666666666686069220e-01,2.733333333333575865e+00,-6.666666666933451779e-02,-3.600000000000363798e+00,-1.933333333334303461e+00,6.666666666751552839e-02,-3.733333333333575865e+00,2.000000000000000000e+00,3.999999999996362021e-01,-3.466666666665332741e+00,-2.799999999999272404e+00,-1.466666666667151731e+00,-2.400000000001455192e+00,-3.999999999996362021e-01,-4.599999999998544808e+00,-5.133333333333212067e+00,-3.466666666668970720e+00,-2.466666666667151731e+00,1.066666666667515528e+00,-2.733333333333575865e+00,-6.399999999999636202e+00,-1.866666666666787933e+00,-1.999999999989086064e-01,-2.799999999999272404e+00,-4.066666666667515528e+00,-1.333333333333939663e+00,-1.999999999998181011e+00,-9.333333333343034610e-01,-3.200000000000727596e+00,2.666666666666060337e+00,-1.466666666667151731e+00,8.666666666686069220e-01,-2.800000000001091394e+00,-3.599999999998544808e+00,3.999999999996362021e-01,1.800000000001091394e+00,1.266666666666424135e+00,-4.466666666667151731e+00,2.533333333332848269e+00,3.466666666667151731e+00,-9.333333333324844716e-01,1.266666666666424135e+00,1.000000000000000000e+00,-4.000000000014551915e-01,1.000000000001818989e+00,3.799999999999272404e+00,-1.666666666667879326e+00,2.466666666667151731e+00,5.199999999998908606e+00,4.866666666668606922e+00,2.999999999998181011e+00,1.600000000002182787e+00,5.266666666664605145e+00,2.333333333333939663e+00,0.000000000000000000e+00,5.799999999999272404e+00,7.133333333333212067e+00,1.200000000000727596e+00,7.266666666666424135e+00,3.200000000000727596e+00,6.800000000001091394e+00,7.466666666665332741e+00,2.466666666665332741e+00,1.866666666666787933e+00,2.799999999999272404e+00,5.466666666667151731e+00,3.800000000001091394e+00,3.866666666668606922e+00,3.733333333331756876e+00,3.066666666667515528e+00,2.666666666664241347e-01,-9.333333333343034610e-01,1.199999999998908606e+00,-9.333333333324844716e-01,-1.333333333313930780e-01,-1.733333333333575865e+00,-2.600000000002182787e+00,3.333333333335758653e+00,-1.466666666667151731e+00,2.799999999999272404e+00,-5.666666666666060337e+00,-6.666666666933451779e-02,-5.999999999998181011e+00,-6.133333333335031057e+00,2.000000000000000000e+00,-1.066666666665696539e+00,-2.866666666664968943e+00,4.600000000000363798e+00,-3.200000000000727596e+00,-6.666666666569653898e-02,-1.266666666668243124e+00,5.933333333334303461e+00,-7.333333333335758653e-01,2.200000000000727596e+00,-5.333333333346672589e-01,3.933333333332484472e+00,1.000000000000000000e+00,4.133333333333212067e+00,2.200000000000727596e+00,-1.600000000000363798e+00,1.400000000001455192e+00,1.066666666665696539e+00,-2.200000000002546585e+00,5.400000000001455192e+00,-1.333333333333939663e+00,1.333333333333939663e+00,-4.533333333331029280e+00,2.666666666664241347e-01,2.533333333332848269e+00,-2.000000000007275958e-01,2.933333333334303461e+00,-3.200000000000727596e+00,1.666666666666060337e+00,2.666666666682431241e-01,1.066666666665696539e+00,-1.600000000000363798e+00,3.999999999996362021e-01,-2.933333333332484472e+00,3.333333333339396631e-01,-9.333333333343034610e-01,-2.733333333333575865e+00,-2.799999999999272404e+00,1.399999999999636202e+00,-3.733333333333575865e+00,-4.933333333334303461e+00,-2.533333333332848269e+00,-2.000000000007275958e-01,-5.200000000000727596e+00,1.266666666668243124e+00,-1.466666666665332741e+00,3.999999999996362021e-01,-2.799999999999272404e+00,1.333333333332120674e-01,-8.199999999998908606e+00,3.733333333331756876e+00,3.133333333335031057e+00,2.866666666664968943e+00,-2.000000000000000000e+00,-1.800000000001091394e+00,4.266666666668243124e+00,-4.533333333334667259e+00,1.333333333332120674e-01,6.666666666660603369e-01,-6.666666666660603369e-01,-1.533333333331029280e+00,1.666666666666060337e+00,-3.999999999996362021e-01,1.533333333332848269e+00,3.933333333332484472e+00,-4.600000000000363798e+00,-3.133333333331393078e+00,-1.066666666667515528e+00,-1.600000000000363798e+00,2.933333333332484472e+00,-2.800000000001091394e+00,-4.666666666653327411e-01,-6.666666666660603369e-01,1.066666666665696539e+00,6.000000000003637979e-01,2.266666666668243124e+00,-1.066666666667515528e+00,3.399999999999636202e+00,3.666666666667879326e+00,-3.000000000000000000e+00,-2.666666666664241347e-01,-4.666666666671517305e-01,-6.666666666678793263e-01,6.666666666678793263e-01,-5.333333333333939663e+00,-2.400000000001455192e+00,1.266666666666424135e+00,2.200000000000727596e+00,-2.866666666666787933e+00,-4.600000000000363798e+00,-5.333333333332120674e+00,-3.133333333333212067e+00,-2.533333333334667259e+00,-5.799999999999272404e+00,2.733333333333575865e+00,2.066666666665696539e+00,1.466666666667151731e+00,-1.333333333332120674e-01,-6.266666666666424135e+00,1.066666666665696539e+00,-5.533333333332848269e+00,-2.533333333332848269e+00,-4.533333333334667259e+00,-8.666666666649689432e-01,1.799999999999272404e+00,2.066666666667515528e+00,-2.733333333333575865e+00,-3.600000000000363798e+00,-1.533333333332848269e+00,-3.933333333334303461e+00,-6.533333333332848269e+00,-4.533333333334667259e+00,-2.199999999998908606e+00,1.600000000000363798e+00,-1.000000000000000000e+00,4.200000000000727596e+00,-2.666666666682431241e-01,1.600000000000363798e+00,1.933333333334303461e+00,-2.333333333333939663e+00,-2.266666666666424135e+00,-1.533333333332848269e+00,-9.333333333343034610e-01,-3.733333333333575865e+00,-2.266666666668243124e+00,9.333333333343034610e-01,-3.333333333332120674e+00,-2.133333333335031057e+00,1.066666666667515528e+00,-3.199999999998908606e+00,-5.866666666666787933e+00,0.000000000000000000e+00,-1.733333333333575865e+00,-2.733333333333575865e+00,-1.600000000000363798e+00,-7.999999999992724042e-01,3.266666666666424135e+00,2.133333333333212067e+00,1.866666666666787933e+00,-1.533333333332848269e+00,-3.333333333339396631e-01,5.533333333332848269e+00,1.199999999998908606e+00,-1.999999999989086064e-01,1.399999999999636202e+00,3.199999999998908606e+00,-1.199999999998908606e+00,-2.933333333334303461e+00,-2.000000000000000000e+00,-5.133333333333212067e+00,-7.999999999974534148e-01,-9.333333333343034610e-01,-3.666666666666060337e+00,6.666666666751552839e-02,3.333333333321206737e-01,-2.599999999998544808e+00,-3.600000000000363798e+00,-3.533333333336486248e+00,-3.599999999998544808e+00,-5.733333333333575865e+00,-1.599999999998544808e+00,-3.733333333333575865e+00,-1.333333333332120674e-01,4.666666666671517305e-01,1.399999999999636202e+00,-1.333333333313930780e-01,-4.400000000001455192e+00,-4.200000000000727596e+00,-3.666666666666060337e+00,3.999999999996362021e-01,1.999999999998181011e+00,-1.600000000000363798e+00,-2.333333333332120674e+00,2.266666666666424135e+00,1.000000000000000000e+00,4.666666666653327411e-01,1.266666666668243124e+00,-1.733333333335394855e+00,-3.266666666664605145e+00,1.933333333332484472e+00,-4.133333333331393078e+00,5.999999999985448085e-01,2.266666666666424135e+00,-7.333333333317568759e-01,-1.066666666665696539e+00,-3.000000000000000000e+00,-4.600000000002182787e+00,6.666666666751552839e-02
-8.000000000010913936e-01,2.133333333333212067e+00,-8.666666666667879326e-01,3.799999999999272404e+00,-1.533333333334667259e+00,-4.933333333332484472e+00,4.933333333332484472e+00,-1.933333333332484472e+00,-4.666666666653327411e-01,3.733333333333575865e+00,-2.000000000007275958e-01,-8.133333333333212067e+00,9.333333333306654822e-01,1.533333333334667259e+00,6.666666666666060337e+00,1.266666666666424135e+00,1.866666666666787933e+00,7.066666666667515528e+00,3.466666666667151731e+00,1.019999999999890861e+01,1.000000000000181899e+01,7.000000000000000000e+00,9.066666666665696539e+00,1.120000000000072760e+01,6.133333333333212067e+00,7.933333333334303461e+00,1.473333333333357587e+01,7.466666666665332741e+00,9.600000000000363798e+00,7.600000000000363798e+00,8.533333333331029280e+00,3.133333333333212067e+00,4.266666666668243124e+00,6.466666666665332741e+00,-6.666666666569653898e-02,2.666666666667879326e+00,-6.666666666569653898e-02,1.333333333332120674e+00,-1.066666666667515528e+00,2.466666666667151731e+00,6.133333333333212067e+00,-7.333333333317568759e-01,5.333333333328482695e-01,-2.466666666667151731e+00,-3.266666666666424135e+00,-2.799999999999272404e+00,3.066666666665696539e+00,-4.933333333332484472e+00,-5.000000000000000000e+00,-3.400000000001455192e+00,-6.399999999999636202e+00,-5.799999999999272404e+00,-2.666666666682431241e-01,1.666666666666060337e+00,-6.066666666667515528e+00,-4.333333333333939663e+00,-3.999999999996362021e-01,-3.000000000000000000e+00,-3.266666666664605145e+00,-1.133333333331393078e+00,-2.066666666669334518e+00,-4.666666666664241347e+00,-3.000000000000000000e+00,2.666666666664241347e+00,-2.399999999999636202e+00,2.000000000000000000e+00,-7.999999999992724042e-01,-6.333333333333939663e+00,-3.533333333334667259e+00,-1.799999999999272404e+00,-6.333333333333939663e+00,-6.133333333333212067e+00,-1.733333333333575865e+00,1.199999999998908606e+00,-1.733333333331756876e+00,-5.666666666666060337e+00,-1.399999999999636202e+00,2.666666666664241347e-01,-4.866666666666787933e+00,7.333333333335758653e-01,-6.666666666569653898e-02,-7.333333333317568759e-01,-7.333333333335758653e-01,4.666666666653327411e-01,-8.666666666667879326e-01,2.599999999998544808e+00,2.400000000001455192e+00,-4.266666666668243124e+00,1.066666666665696539e+00,3.600000000000363798e+00,2.133333333335031057e+00,2.933333333334303461e+00,1.266666666664605145e+00,2.000000000007275958e-01,-3.333333333339396631e-01,-2.399999999999636202e+00,1.600000000000363798e+00,2.799999999999272404e+00,-1.333333333332120674e-01,2.866666666666787933e+00,2.000000000025465852e-01,2.333333333332120674e+00,2.466666666667151731e+00,-9.333333333343034610e-01,5.333333333346672589e-01,-9.333333333343034610e-01,-4.000000000000000000e+00,-1.666666666664241347e+00,3.333333333321206737e-01,4.866666666664968943e+00,-3.333333333339396631e-01,1.333333333333939663e+00,1.666666666666060337e+00,-2.933333333332484472e+00,-3.200000000002546585e+00,2.000000000001818989e+00,-3.199999999998908606e+00,4.666666666671517305e-01,4.333333333333939663e+00,-3.666666666666060337e+00,1.333333333330301684e+00,2.866666666666787933e+00,-3.333333333339396631e-01,-1.733333333333575865e+00,-5.266666666666424135e+00,3.666666666664241347e+00,-9.333333333306654822e-01,-4.666666666653327411e-01,-3.666666666667879326e+00,1.533333333334667259e+00,-5.266666666666424135e+00,-2.800000000001091394e+00,2.666666666667879326e+00,-1.600000000000363798e+00,-2.400000000001455192e+00,-2.600000000000363798e+00,-1.133333333333212067e+00,-1.066666666665696539e+00,3.666666666666060337e+00,-3.999999999996362021e-01,-2.866666666666787933e+00,1.333333333332120674e-01,-5.466666666667151731e+00,2.666666666666060337e+00,-5.466666666665332741e+00,7.333333333335758653e-01,8.666666666649689432e-01,-2.266666666664605145e+00,-3.666666666667879326e+00,-2.933333333332484472e+00,1.133333333333212067e+00,2.666666666664241347e-01,-8.000000000010913936e-01,-8.533333333332848269e+00,-5.999999999985448085e-01,8.666666666686069220e-01,-3.933333333334303461e+00,3.133333333333212067e+00,4.399999999999636202e+00,6.266666666666424135e+00,3.199999999997089617e+00,-1.399999999999636202e+00,1.400000000001455192e+00,-3.466666666665332741e+00,1.199999999998908606e+00,6.000000000003637979e-01,-3.133333333335031057e+00,-1.000000000000000000e+00,6.199999999998908606e+00,-3.466666666663513752e+00,-3.399999999999636202e+00,3.466666666665332741e+00,-8.666666666667879326e-01,-7.866666666664968943e+00,-1.933333333334303461e+00,-2.733333333333575865e+00,-2.133333333335031057e+00,-2.866666666666787933e+00,3.666666666667879326e+00,-1.266666666666424135e+00,-1.466666666665332741e+00,-8.000000000029103830e-01,-8.666666666649689432e-01,-1.333333333335758653e+00,5.933333333332484472e+00,-1.599999999998544808e+00,-5.399999999997817213e+00,-2.733333333333575865e+00,0.000000000000000000e+00,-1.133333333333212067e+00,-3.666666666666060337e+00,-3.066666666669334518e+00,-1.533333333332848269e+00,-7.133333333333212067e+00,-4.666666666671517305e-01,3.200000000000727596e+00,-1.466666666665332741e+00,-6.000000000003637979e-01,-4.733333333331756876e+00,-5.799999999999272404e+00,-2.333333333333939663e+00,-1.466666666668970720e+00,-4.400000000001455192e+00,-2.133333333333212067e+00,-3.600000000000363798e+00,-1.533333333331029280e+00,-5.333333333310292801e-01,-1.600000000002182787e+00,1.818989403545856476e-12,-2.133333333336850046e+00,-6.333333333333939663e+00,1.533333333332848269e+00,0.000000000000000000e+00,-2.466666666665332741e+00,5.333333333346672589e-01,3.466666666667151731e+00,-1.399999999999636202e+00,3.933333333332484472e+00,-3.399999999999636202e+00,-8.666666666649689432e-01,-2.666666666667879326e+00,3.933333333332484472e+00,-2.533333333332848269e+00,-4.666666666671517305e-01,-1.000000000000000000e+00,-2.066666666665696539e+00,-3.466666666667151731e+00,-2.133333333333212067e+00,-2.200000000000727596e+00,-1.466666666667151731e+00,-4.866666666664968943e+00,-2.866666666668606922e+00,3.999999999996362021e-01,-1.599999999998544808e+00,-3.333333333333939663e+00,-5.333333333346672589e-01,-3.199999999998908606e+00,-9.333333333343034610e-01,1.333333333332120674e-01,-3.933333333332484472e+00,-3.999999999996362021e-01,-5.000000000000000000e+00,-5.133333333333212067e+00,2.800000000001091394e+00,-2.800000000001091394e+00,-2.866666666666787933e+00,-2.066666666665696539e+00,-4.933333333334303461e+00,4.733333333333575865e+00,3.600000000000363798e+00,3.333333333339396631e-01,-8.666666666667879326e-01,5.333333333346672589e-01,-1.133333333333212067e+00,3.466666666667151731e+00,-9.333333333343034610e-01,-6.000000000021827873e-01,3.133333333335031057e+00,-1.800000000002910383e+00,-1.600000000000363798e+00,3.400000000001455192e+00,5.999999999985448085e-01,1.999999999970896170e-01,-7.733333333329937886e+00,-7.266666666666424135e+00,-3.466666666663513752e+00,-4.933333333332484472e+00,-2.400000000003274181e+00,-1.799999999999272404e+00,-2.066666666667515528e+00,-2.399999999999636202e+00,2.266666666666424135e+00,-3.133333333333212067e+00,1.818989403545856476e-12,1.999999999989086064e-01,-3.066666666667515528e+00,-1.866666666664968943e+00,-2.933333333332484472e+00,5.333333333332120674e+00,4.666666666671517305e-01,3.733333333331756876e+00,4.533333333332848269e+00,-2.199999999998908606e+00,4.000000000014551915e-01,-6.000000000021827873e-01,6.666666666660603369e-01,-2.933333333332484472e+00,-4.666666666671517305e-01,-4.199999999998908606e+00,-2.066666666665696539e+00,1.799999999999272404e+00,-2.666666666667879326e+00,-6.666666666751552839e-02,-2.599999999998544808e+00,6.666666666569653898e-02,-5.200000000000727596e+00,-3.133333333333212067e+00,-3.133333333329574089e+00,-5.200000000000727596e+00,-2.533333333334667259e+00,-1.799999999999272404e+00,2.733333333333575865e+00,-1.933333333334303461e+00,3.000000000000000000e+00,-1.333333333332120674e+00,-3.933333333334303461e+00,3.600000000000363798e+00,1.066666666667515528e+00,-1.666666666667879326e+00,-8.666666666667879326e-01,2.066666666667515528e+00,3.333333333321206737e-01,6.666666666751552839e-02,-7.999999999992724042e-01
5.333333333328482695e-01,-1.599999999998544808e+00,-7.333333333335758653e-01,-3.866666666664968943e+00,-1.866666666668606922e+00,9.333333333324844716e-01,-1.933333333332484472e+00,2.866666666668606922e+00,-7.333333333335758653e-01,2.733333333331756876e+00,1.333333333333939663e+00,9.333333333324844716e-01,2.133333333331393078e+00,1.666666666666060337e+00,1.733333333335394855e+00,-5.333333333328482695e-01,7.533333333332848269e+00,6.800000000001091394e+00,6.399999999999636202e+00,7.933333333334303461e+00,4.066666666667515528e+00,8.866666666664968943e+00,7.066666666667515528e+00,5.333333333332120674e+00,4.066666666665696539e+00,3.933333333336122450e+00,4.266666666666424135e+00,5.000000000000000000e+00,6.799999999999272404e+00,7.333333333333939663e+00,3.933333333332484472e+00,2.000000000007275958e-01,4.199999999998908606e+00,8.200000000000727596e+00,1.020000000000072760e+01,1.733333333333212067e+01,1.013333333333321207e+01,1.106666666666751553e+01,1.086666666666678793e+01,1.546666666666715173e+01,1.240000000000145519e+01,1.453333333333284827e+01,1.119999999999890861e+01,1.106666666666569654e+01,8.466666666667151731e+00,1.233333333333393966e+01,8.599999999998544808e+00,5.933333333332484472e+00,1.066666666665696539e+00,7.333333333335758653e-01,-7.466666666665332741e+00,-3.066666666665696539e+00,-1.599999999998544808e+00,3.333333333339396631e-01,-3.866666666668606922e+00,-4.399999999999636202e+00,-6.599999999998544808e+00,-1.600000000002182787e+00,-5.733333333333575865e+00,-2.733333333331756876e+00,-5.000000000001818989e+00,-4.866666666664968943e+00,-2.933333333336122450e+00,-2.466666666663513752e+00,-5.600000000002182787e+00,-3.133333333331393078e+00,-7.666666666666060337e+00,-5.466666666668970720e+00,-6.533333333332848269e+00,-5.999999999985448085e-01,-3.533333333332848269e+00,-4.000000000001818989e+00,-5.266666666668243124e+00,-3.733333333331756876e+00,-7.333333333335758653e-01,-1.266666666666424135e+00,4.666666666671517305e-01,-5.600000000000363798e+00,-1.200000000000727596e+00,-1.333333333332120674e+00,-5.333333333346672589e-01,1.066666666667515528e+00,6.666666666751552839e-02,3.466666666665332741e+00,-4.066666666665696539e+00,3.999999999996362021e-01,5.733333333333575865e+00,2.200000000000727596e+00,2.000000000000000000e+00,2.733333333333575865e+00,-2.399999999999636202e+00,2.866666666666787933e+00,5.799999999997453415e+00,3.133333333331393078e+00,-1.066666666665696539e+00,-1.066666666665696539e+00,9.333333333324844716e-01,2.200000000002546585e+00,6.666666666569653898e-02,1.799999999999272404e+00,2.400000000001455192e+00,-3.666666666667879326e+00,-2.666666666682431241e-01,-1.999999999998181011e+00,-5.600000000000363798e+00,2.866666666668606922e+00,-2.333333333332120674e+00,-3.999999999996362021e-01,-6.266666666668243124e+00,1.399999999997817213e+00,6.666666666660603369e-01,-1.533333333334667259e+00,-1.666666666666060337e+00,-2.066666666665696539e+00,1.266666666666424135e+00,3.333333333332120674e+00,2.133333333333212067e+00,-1.533333333329210291e+00,-7.333333333335758653e-01,3.999999999998181011e+00,-1.733333333331756876e+00,-2.600000000000363798e+00,-7.999999999992724042e-01,3.866666666666787933e+00,-1.200000000000727596e+00,-2.466666666667151731e+00,-1.933333333332484472e+00,-1.399999999999636202e+00,-2.733333333333575865e+00,-3.000000000001818989e+00,-4.733333333331756876e+00,-2.533333333332848269e+00,-3.333333333339396631e-01,-3.933333333336122450e+00,-3.133333333333212067e+00,-3.666666666667879326e+00,3.533333333336486248e+00,-4.200000000000727596e+00,-5.200000000000727596e+00,1.466666666668970720e+00,-7.999999999992724042e-01,5.333333333310292801e-01,-1.999999999998181011e+00,-1.666666666667879326e+00,-2.133333333333212067e+00,-2.333333333333939663e+00,-3.799999999999272404e+00,-8.000000000010913936e-01,3.000000000000000000e+00,-5.466666666667151731e+00,3.800000000001091394e+00,-4.399999999999636202e+00,1.133333333333212067e+00,6.000000000003637979e-01,-4.600000000000363798e+00,1.866666666666787933e+00,-2.200000000000727596e+00,-5.133333333333212067e+00,-4.666666666671517305e-01,-2.466666666667151731e+00,-3.933333333334303461e+00,1.666666666666060337e+00,-1.999999999998181011e+00,-2.600000000000363798e+00,3.999999999996362021e-01,-5.066666666667515528e+00,-3.199999999998908606e+00,-2.000000000000000000e+00,-3.466666666667151731e+00,-6.000000000003637979e-01,-3.599999999998544808e+00,-6.666666666751552839e-02,3.999999999996362021e-01,-7.999999999974534148e-01,-3.666666666667879326e+00,-4.599999999998544808e+00,-5.066666666665696539e+00,-4.466666666667151731e+00,-1.333333333350310568e-01,-3.000000000000000000e+00,-6.000000000021827873e-01,-3.333333333321206737e-01,-4.133333333333212067e+00,-2.666666666667879326e+00,-2.666666666646051453e-01,-6.266666666664605145e+00,-2.533333333332848269e+00,-8.000000000029103830e-01,-4.600000000000363798e+00,-1.666666666667879326e+00,4.000000000014551915e-01,-2.466666666665332741e+00,9.999999999981810106e-01,-3.333333333332120674e+00,-2.466666666667151731e+00,-7.066666666663877550e+00,-6.666666666751552839e-02,-3.399999999999636202e+00,3.733333333333575865e+00,-6.666666666667879326e+00,3.999999999996362021e-01,-2.933333333334303461e+00,1.066666666665696539e+00,-1.866666666664968943e+00,-8.000000000010913936e-01,-2.399999999999636202e+00,4.000000000014551915e-01,-3.266666666668243124e+00,-4.000000000000000000e+00,-2.733333333331756876e+00,4.666666666671517305e-01,-8.133333333335031057e+00,2.399999999999636202e+00,-3.533333333332848269e+00,-2.866666666666787933e+00,-1.466666666665332741e+00,1.199999999998908606e+00,-3.666666666667879326e+00,-6.133333333331393078e+00,-2.000000000000000000e+00,0.000000000000000000e+00,-6.066666666663877550e+00,-6.066666666667515528e+00,1.333333333332120674e-01,3.066666666663877550e+00,-8.000000000010913936e-01,3.066666666665696539e+00,-2.666666666666060337e+00,-5.999999999998181011e+00,5.000000000001818989e+00,8.666666666649689432e-01,-4.066666666665696539e+00,-2.666666666682431241e-01,4.800000000001091394e+00,-8.666666666686069220e-01,-2.733333333331756876e+00,2.466666666665332741e+00,8.000000000010913936e-01,-3.466666666667151731e+00,-5.133333333335031057e+00,-5.999999999985448085e-01,-3.800000000001091394e+00,-3.733333333331756876e+00,2.266666666666424135e+00,1.466666666667151731e+00,1.400000000001455192e+00,4.666666666653327411e-01,-7.133333333333212067e+00,-2.133333333333212067e+00,1.466666666665332741e+00,1.866666666668606922e+00,-5.133333333335031057e+00,-3.200000000000727596e+00,-1.133333333333212067e+00,7.333333333335758653e-01,-4.599999999998544808e+00,-3.866666666668606922e+00,2.200000000002546585e+00,-4.600000000000363798e+00,-8.266666666668243124e+00,-3.533333333332848269e+00,-3.733333333335394855e+00,7.333333333335758653e-01,-3.066666666665696539e+00,-8.133333333331393078e+00,-4.933333333334303461e+00,2.866666666666787933e+00,3.333333333321206737e-01,-1.600000000000363798e+00,-6.666666666569653898e-02,9.333333333343034610e-01,3.399999999999636202e+00,-2.333333333333939663e+00,-2.133333333333212067e+00,1.533333333332848269e+00,-1.533333333332848269e+00,6.666666666751552839e-02,-1.000000000000000000e+00,9.333333333343034610e-01,1.733333333331756876e+00,-3.266666666666424135e+00,-4.400000000001455192e+00,2.266666666666424135e+00,-5.866666666666787933e+00,-2.933333333332484472e+00,-2.200000000002546585e+00,-4.866666666664968943e+00,-6.199999999998908606e+00,-7.999999999992724042e-01,-5.533333333332848269e+00,-6.666666666751552839e-02,-6.733333333331756876e+00,-2.866666666666787933e+00,-5.333333333333939663e+00,-8.000000000010913936e-01,-1.466666666667151731e+00,2.600000000000363798e+00,-3.933333333330665482e+00,4.466666666667151731e+00,-4.666666666671517305e-01,-2.066666666667515528e+00,-2.666666666682431241e-01,-6.666666666569653898e-02,-3.333333333332120674e+00,8.666666666667879326e-01,-5.400000000001455192e+00,5.399999999999636202e+00,-1.399999999999636202e+00,8.666666666667879326e-01,-1.266666666666424135e+00,5.000000000000000000e+00,-2.466666666667151731e+00,-2.066666666667515528e+00,-2.000000000007275958e-01
-3.466666666668970720e+00,2.000000000001818989e+00,-5.333333333346672589e-01,-5.333333333328482695e-01,-2.000000000007275958e-01,-1.866666666666787933e+00,-6.399999999999636202e+00,-2.733333333335394855e+00,2.333333333333939663e+00,3.133333333333212067e+00,2.533333333334667259e+00,-9.533333333332848269e+00,-2.733333333333575865e+00,-6.666666666751552839e-02,2.733333333333575865e+00,9.333333333343034610e-01,2.266666666666424135e+00,5.533333333332848269e+00,3.999999999996362021e-01,6.066666666665696539e+00,1.766666666666787933e+01,1.493333333333612245e+01,1.179999999999745341e+01,1.546666666666897072e+01,1.466666666666606034e+01,1.173333333333357587e+01,2.253333333333284827e+01,1.380000000000109139e+01,1.813333333333139308e+01,1.426666666666642413e+01,1.560000000000218279e+01,1.299999999999818101e+01,1.686666666666678793e+01,1.233333333333393966e+01,8.599999999998544808e+00,1.999999999989086064e-01,4.133333333335031057e+00,1.800000000001091394e+00,1.333333333332120674e-01,-2.533333333334667259e+00,-2.000000000000000000e+00,6.666666666660603369e-01,2.133333333333212067e+00,-2.000000000000000000e+00,6.666666666751552839e-02,-1.733333333333575865e+00,-3.333333333333939663e+00,-1.099999999999818101e+01,-4.866666666668606922e+00,-2.666666666664241347e-01,-2.666666666667879326e+00,-4.666666666653327411e-01,-1.666666666664241347e+00,-1.933333333334303461e+00,-4.666666666671517305e-01,-3.600000000000363798e+00,-4.666666666689707199e-01,-4.933333333332484472e+00,-3.466666666663513752e+00,-5.800000000001091394e+00,-1.733333333333575865e+00,-3.200000000000727596e+00,1.600000000000363798e+00,1.533333333332848269e+00,-1.333333333332120674e-01,2.266666666668243124e+00,-7.333333333335758653e+00,-9.999999999981810106e-01,-2.200000000000727596e+00,-1.733333333331756876e+00,4.666666666671517305e-01,-2.933333333334303461e+00,-1.599999999998544808e+00,6.666666666642413475e-01,7.999999999992724042e-01,-5.333333333333939663e+00,1.866666666666787933e+00,-3.133333333333212067e+00,-1.733333333333575865e+00,-6.533333333331029280e+00,-1.866666666666787933e+00,9.333333333343034610e-01,1.266666666666424135e+00,-1.933333333334303461e+00,-3.866666666666787933e+00,-8.000000000010913936e-01,1.818989403545856476e-12,-5.399999999999636202e+00,-5.799999999999272404e+00,-3.066666666669334518e+00,-1.866666666666787933e+00,-1.266666666668243124e+00,2.266666666666424135e+00,-2.533333333331029280e+00,7.333333333353948547e-01,-6.533333333332848269e+00,-4.933333333334303461e+00,-7.666666666669698316e+00,-2.866666666666787933e+00,-2.466666666667151731e+00,0.000000000000000000e+00,-3.799999999997453415e+00,3.999999999978172127e-01,2.933333333334303461e+00,-1.333333333313930780e-01,4.199999999998908606e+00,-2.933333333330665482e+00,3.999999999978172127e-01,-2.866666666666787933e+00,-3.333333333333939663e+00,6.133333333335031057e+00,1.033333333333212067e+01,9.933333333332484472e+00,1.080000000000109139e+01,9.466666666668970720e+00,7.999999999998181011e+00,1.179999999999927240e+01,1.253333333333284827e+01,9.666666666666060337e+00,8.533333333334667259e+00,6.399999999999636202e+00,8.133333333333212067e+00,1.266666666664605145e+00,1.213333333333685005e+01,1.479999999999927240e+01,2.333333333332120674e+00,1.733333333331756876e+00,-3.999999999978172127e-01,2.799999999999272404e+00,2.333333333333939663e+00,-2.199999999998908606e+00,-8.333333333333939663e+00,-2.000000000000000000e+00,-5.333333333332120674e+00,-3.733333333335394855e+00,-1.600000000000363798e+00,-9.333333333343034610e-01,-2.666666666682431241e-01,-9.000000000000000000e+00,-8.599999999996725819e+00,-1.866666666668606922e+00,-2.133333333333212067e+00,-1.266666666664605145e+00,-8.866666666668606922e+00,-5.466666666665332741e+00,-3.466666666665332741e+00,1.266666666666424135e+00,-1.733333333333575865e+00,2.666666666646051453e-01,-3.733333333331756876e+00,-2.200000000000727596e+00,-4.866666666664968943e+00,-1.733333333335394855e+00,5.266666666666424135e+00,-4.666666666653327411e-01,-4.066666666665696539e+00,-3.866666666666787933e+00,1.866666666664968943e+00,-1.599999999998544808e+00,-7.333333333317568759e-01,-2.666666666666060337e+00,-4.333333333333939663e+00,-4.866666666666787933e+00,-4.200000000002546585e+00,-1.533333333334667259e+00,6.666666666751552839e-02,-3.333333333321206737e-01,-6.666666666678793263e-01,-6.066666666665696539e+00,-2.066666666667515528e+00,-6.666666666660603369e-01,1.333333333333939663e+00,-1.666666666666060337e+00,3.533333333334667259e+00,4.133333333331393078e+00,9.866666666666787933e+00,6.666666666667879326e+00,1.086666666666496894e+01,6.199999999998908606e+00,1.000000000000000000e+01,2.933333333336122450e+00,1.266666666666606034e+01,7.533333333332848269e+00,1.186666666666678793e+01,8.799999999999272404e+00,6.733333333333575865e+00,5.533333333334667259e+00,4.133333333333212067e+00,1.133333333331393078e+00,-3.533333333332848269e+00,-2.733333333331756876e+00,-1.466666666667151731e+00,-8.066666666667515528e+00,6.000000000003637979e-01,-4.800000000001091394e+00,-2.266666666666424135e+00,-7.399999999997817213e+00,-1.466666666668970720e+00,-6.399999999999636202e+00,-6.999999999998181011e+00,-1.333333333350310568e-01,-8.466666666667151731e+00,-2.200000000000727596e+00,-3.399999999999636202e+00,3.133333333335031057e+00,-1.400000000001455192e+00,-6.666666666569653898e-02,3.666666666666060337e+00,-2.200000000000727596e+00,2.533333333334667259e+00,-1.800000000001091394e+00,-2.866666666664968943e+00,-2.066666666669334518e+00,-2.933333333330665482e+00,3.933333333332484472e+00,-3.599999999998544808e+00,1.933333333332484472e+00,-5.199999999998908606e+00,-4.666666666689707199e-01,-5.333333333333939663e+00,-6.533333333334667259e+00,-2.000000000007275958e-01,-6.866666666664968943e+00,-3.066666666667515528e+00,-7.666666666667879326e+00,-2.399999999997817213e+00,-3.933333333332484472e+00,-3.266666666666424135e+00,-2.666666666666060337e+00,-9.600000000002182787e+00,5.333333333328482695e-01,-5.333333333332120674e+00,-2.399999999999636202e+00,-1.333333333333939663e+00,-7.999999999992724042e-01,-1.000000000000000000e+00,-5.999999999998181011e+00,6.000000000003637979e-01,-4.933333333334303461e+00,-1.666666666667879326e+00,-4.533333333332848269e+00,1.466666666665332741e+00,-3.933333333332484472e+00,-4.199999999998908606e+00,-1.333333333350310568e-01,-6.266666666664605145e+00,-3.133333333333212067e+00,3.999999999996362021e-01,-4.000000000000000000e+00,-4.600000000000363798e+00,-4.733333333333575865e+00,8.666666666667879326e-01,-2.666666666666060337e+00,-1.599999999998544808e+00,2.666666666646051453e-01,-2.666666666667879326e+00,-5.399999999997817213e+00,-1.666666666669698316e+00,-2.799999999999272404e+00,-3.066666666665696539e+00,-3.999999999996362021e-01,2.733333333333575865e+00,-4.466666666667151731e+00,-5.999999999985448085e-01,-1.800000000002910383e+00,2.600000000002182787e+00,-6.800000000002910383e+00,7.333333333353948547e-01,-5.066666666667515528e+00,-3.000000000000000000e+00,1.666666666667879326e+00,1.666666666666060337e+00,-2.133333333335031057e+00,3.133333333333212067e+00,-3.133333333333212067e+00,-7.333333333299378864e-01,-2.066666666667515528e+00,-3.000000000000000000e+00,-2.933333333334303461e+00,-8.000000000010913936e-01,-6.666666666660603369e-01,-3.799999999999272404e+00,-7.066666666667515528e+00,4.533333333332848269e+00,-7.466666666665332741e+00,-3.466666666667151731e+00,-6.600000000000363798e+00,-3.333333333321206737e-01,-2.866666666666787933e+00,8.666666666649689432e-01,-4.666666666666060337e+00,-2.733333333333575865e+00,-1.666666666666060337e+00,-5.133333333333212067e+00,1.266666666666424135e+00,-2.800000000001091394e+00,1.399999999999636202e+00,9.333333333343034610e-01,-4.399999999999636202e+00,3.066666666667515528e+00,-2.266666666666424135e+00,-6.666666666569653898e-02,-4.400000000001455192e+00,-9.333333333324844716e-01,2.466666666665332741e+00,2.200000000000727596e+00,-3.200000000000727596e+00,2.133333333333212067e+00,-5.999999999985448085e-01,-8.666666666686069220e-01,-4.066666666665696539e+00,2.400000000001455192e+00,-8.266666666666424135e+00,-3.000000000003637979e+00
2.866666666666787933e+00,3.333333333357586525e-01,5.333333333310292801e-01,-4.466666666665332741e+00,-1.133333333331393078e+00,-1.600000000000363798e+00,2.333333333333939663e+00,-2.266666666668243124e+00,-5.933333333332484472e+00,-2.200000000000727596e+00,2.533333333331029280e+00,-1.000000000000000000e+00,-5.266666666666424135e+00,-4.666666666653327411e-01,-4.000000000014551915e-01,2.266666666666424135e+00,-1.466666666667151731e+00,1.266666666666424135e+00,4.533333333336486248e+00,3.933333333332484472e+00,8.399999999999636202e+00,4.466666666665332741e+00,6.400000000001455192e+00,1.099999999999818101e+01,8.933333333334303461e+00,2.600000000000363798e+00,8.333333333333939663e+00,1.253333333333284827e+01,2.066666666667515528e+00,7.066666666665696539e+00,3.866666666666787933e+00,1.133333333333212067e+00,5.333333333328482695e-01,-3.333333333339396631e-01,1.666666666666060337e+00,1.133333333333212067e+00,-3.333333333321206737e-01,-3.999999999978172127e-01,-1.333333333332120674e-01,1.599999999998544808e+00,2.000000000000000000e+00,-1.933333333332484472e+00,-3.000000000000000000e+00,-1.333333333335758653e+00,-1.333333333332120674e+00,-5.333333333328482695e-01,5.133333333333212067e+00,3.333333333333939663e+00,-4.800000000001091394e+00,-1.599999999998544808e+00,-6.666666666751552839e-02,-2.533333333334667259e+00,-2.666666666666060337e+00,-4.066666666667515528e+00,-4.733333333331756876e+00,-2.000000000000000000e+00,-3.333333333321206737e-01,-2.199999999998908606e+00,1.333333333313930780e-01,-4.266666666666424135e+00,-3.133333333333212067e+00,-5.333333333333939663e+00,-5.466666666667151731e+00,4.266666666666424135e+00,1.599999999998544808e+00,-7.999999999992724042e-01,-4.199999999998908606e+00,-1.133333333333212067e+00,9.333333333343034610e-01,-2.800000000001091394e+00,1.133333333335031057e+00,-2.000000000000000000e+00,-1.818989403545856476e-12,-6.333333333333939663e+00,6.666666666569653898e-02,-4.866666666666787933e+00,-1.866666666666787933e+00,2.400000000001455192e+00,-3.266666666664605145e+00,-4.600000000002182787e+00,-5.599999999998544808e+00,1.399999999999636202e+00,-1.600000000002182787e+00,-1.933333333332484472e+00,4.000000000014551915e-01,-6.733333333331756876e+00,6.666666666642413475e-01,-7.066666666667515528e+00,3.666666666667879326e+00,-2.733333333333575865e+00,1.399999999999636202e+00,1.733333333333575865e+00,-4.333333333333939663e+00,2.799999999999272404e+00,4.066666666669334518e+00,7.333333333317568759e-01,-6.000000000003637979e-01,5.333333333346672589e-01,-8.666666666667879326e-01,0.000000000000000000e+00,3.666666666666060337e+00,-7.999999999992724042e-01,1.133333333331393078e+00,2.266666666668243124e+00,4.866666666664968943e+00,6.666666666696983157e-01,-5.333333333346672589e-01,-3.266666666664605145e+00,-3.400000000001455192e+00,-9.200000000000727596e+00,6.666666666678793263e-01,-3.133333333333212067e+00,-3.266666666666424135e+00,-1.733333333333575865e+00,3.000000000000000000e+00,-4.733333333335394855e+00,-7.199999999998908606e+00,7.333333333317568759e-01,-6.600000000000363798e+00,-5.600000000000363798e+00,3.133333333335031057e+00,-3.066666666665696539e+00,6.266666666668243124e+00,1.600000000000363798e+00,1.666666666667879326e+00,-2.133333333336850046e+00,4.066666666667515528e+00,2.666666666666060337e+00,2.399999999999636202e+00,-4.866666666664968943e+00,5.866666666664968943e+00,1.600000000000363798e+00,-2.000000000007275958e-01,-1.133333333333212067e+00,6.666666666678793263e-01,-7.733333333335394855e+00,-2.599999999998544808e+00,-5.333333333333939663e+00,7.999999999992724042e-01,4.666666666689707199e-01,-5.800000000001091394e+00,-2.333333333333939663e+00,5.333333333328482695e-01,-6.533333333332848269e+00,-3.666666666666060337e+00,-6.533333333334667259e+00,3.133333333333212067e+00,-1.533333333334667259e+00,1.666666666667879326e+00,-1.333333333313930780e-01,-6.666666666660603369e-01,2.066666666665696539e+00,2.866666666666787933e+00,-6.333333333333939663e+00,2.866666666664968943e+00,1.866666666668606922e+00,9.333333333306654822e-01,-1.733333333331756876e+00,2.533333333334667259e+00,1.666666666666060337e+00,4.666666666671517305e-01,-1.933333333332484472e+00,-1.266666666668243124e+00,-4.466666666667151731e+00,-1.999999999998181011e+00,-6.666666666678793263e-01,-2.933333333332484472e+00,-9.333333333324844716e-01,-1.466666666667151731e+00,-3.066666666665696539e+00,9.333333333324844716e-01,-5.266666666670062114e+00,-1.333333333330301684e+00,-1.199999999998908606e+00,-2.533333333332848269e+00,1.533333333332848269e+00,-1.333333333332120674e-01,-2.533333333334667259e+00,3.466666666667151731e+00,1.733333333331756876e+00,1.800000000001091394e+00,2.133333333333212067e+00,-5.199999999998908606e+00,4.199999999997089617e+00,-4.666666666671517305e-01,-1.000000000000000000e+00,3.933333333334303461e+00,-3.333333333321206737e-01,-2.533333333334667259e+00,1.466666666667151731e+00,-1.133333333335031057e+00,2.666666666700621136e-01,-6.666666666569653898e-02,-6.000000000003637979e-01,-4.066666666669334518e+00,-4.133333333331393078e+00,-2.266666666666424135e+00,-7.333333333317568759e-01,-7.333333333372138441e-01,6.666666666678793263e-01,1.866666666668606922e+00,-4.333333333335758653e+00,1.200000000000727596e+00,4.200000000000727596e+00,-2.133333333333212067e+00,-3.266666666668243124e+00,-6.866666666666787933e+00,2.133333333335031057e+00,-2.000000000000000000e+00,-1.799999999999272404e+00,5.133333333333212067e+00,-2.133333333333212067e+00,6.533333333332848269e+00,-1.400000000001455192e+00,-2.000000000001818989e+00,-3.266666666666424135e+00,7.333333333353948547e-01,-6.533333333334667259e+00,-5.666666666666060337e+00,-7.333333333335758653e-01,3.266666666666424135e+00,4.066666666665696539e+00,-6.666666666660603369e-01,5.333333333346672589e-01,3.266666666666424135e+00,-2.133333333331393078e+00,2.266666666666424135e+00,-5.200000000000727596e+00,-4.199999999998908606e+00,-3.333333333357586525e-01,-1.066666666665696539e+00,-1.066666666665696539e+00,-3.200000000000727596e+00,2.000000000000000000e+00,-3.133333333333212067e+00,-3.199999999998908606e+00,7.333333333335758653e-01,-2.866666666670425911e+00,-8.666666666686069220e-01,-4.266666666662786156e+00,1.000000000001818989e+00,-1.733333333333575865e+00,-2.666666666664241347e+00,3.333333333328482695e+00,5.333333333310292801e-01,-2.666666666627861559e-01,1.333333333332120674e+00,4.466666666665332741e+00,-6.666666666678793263e-01,-9.333333333324844716e-01,-1.933333333332484472e+00,-5.266666666666424135e+00,0.000000000000000000e+00,-3.133333333335031057e+00,3.400000000001455192e+00,-4.333333333332120674e+00,-2.200000000000727596e+00,1.266666666666424135e+00,-2.266666666666424135e+00,-3.399999999999636202e+00,-2.199999999998908606e+00,-1.600000000002182787e+00,-2.933333333332484472e+00,-7.066666666665696539e+00,3.333333333333939663e+00,-1.600000000002182787e+00,-4.666666666671517305e-01,-3.399999999997817213e+00,4.533333333331029280e+00,-3.333333333333939663e+00,-1.066666666665696539e+00,1.000000000000000000e+00,-2.666666666664241347e-01,-3.799999999999272404e+00,0.000000000000000000e+00,-3.999999999996362021e-01,-1.266666666666424135e+00,2.200000000000727596e+00,2.666666666666060337e+00,-1.399999999999636202e+00,1.000000000000000000e+00,5.333333333328482695e-01,3.066666666667515528e+00,-5.866666666664968943e+00,-1.133333333336850046e+00,-3.333333333332120674e+00,-1.399999999999636202e+00,-4.666666666671517305e-01,1.133333333331393078e+00,-3.999999999996362021e-01,1.818989403545856476e-12,-2.600000000000363798e+00,-3.333333333333939663e+00,5.333333333328482695e-01,-3.799999999999272404e+00,-5.733333333333575865e+00,-2.733333333331756876e+00,-1.600000000000363798e+00,1.600000000000363798e+00,-8.666666666667879326e-01,1.133333333333212067e+00,-2.466666666667151731e+00,-1.199999999998908606e+00,1.533333333331029280e+00,-3.266666666664605145e+00,-1.333333333333939663e+00,2.266666666666424135e+00,2.000000000000000000e+00,7.333333333335758653e-01,1.799999999997453415e+00,4.999999999998181011e+00,3.933333333334303461e+00,3.000000000000000000e+00,7.333333333353948547e-01
-3.933333333332484472e+00,-1.066666666667515528e+00,-5.399999999995998223e+00,-3.600000000002182787e+00,-1.333333333313930780e-01,1.999999999989086064e-01,3.666666666666060337e+00,-1.999999999989086064e-01,-2.666666666666060337e+00,-3.066666666667515528e+00,2.133333333333212067e+00,-1.666666666667879326e+00,4.000000000000000000e+00,1.333333333332120674e-01,4.400000000001455192e+00,5.133333333333212067e+00,-1.000000000000000000e+00,5.133333333333212067e+00,4.533333333334667259e+00,1.133333333333212067e+00,7.999999999974534148e-01,2.000000000001818989e+00,5.666666666664241347e+00,6.800000000001091394e+00,8.266666666668243124e+00,8.133333333333212067e+00,7.333333333332120674e+00,4.733333333335394855e+00,-8.666666666667879326e-01,6.399999999997817213e+00,6.000000000021827873e-01,4.066666666665696539e+00,4.800000000001091394e+00,-2.066666666667515528e+00,2.933333333332484472e+00,1.200000000000727596e+00,4.399999999999636202e+00,-2.066666666667515528e+00,-1.533333333334667259e+00,1.066666666665696539e+00,-2.600000000000363798e+00,-8.266666666662786156e+00,-3.066666666667515528e+00,4.466666666665332741e+00,-4.733333333331756876e+00,-2.399999999997817213e+00,7.999999999992724042e-01,3.999999999978172127e-01,6.399999999999636202e+00,-1.800000000001091394e+00,-3.999999999996362021e-01,-2.333333333330301684e+00,-6.000000000003637979e-01,2.066666666667515528e+00,-7.399999999999636202e+00,-2.799999999999272404e+00,5.999999999998181011e+00,-1.133333333335031057e+00,-3.466666666667151731e+00,6.666666666569653898e-02,-3.666666666667879326e+00,-6.666666666569653898e-02,-5.266666666666424135e+00,-7.799999999997453415e+00,7.333333333317568759e-01,-9.333333333306654822e-01,-1.000000000000000000e+00,1.799999999999272404e+00,-4.466666666665332741e+00,-2.000000000007275958e-01,-3.333333333339396631e-01,1.266666666666424135e+00,-1.733333333333575865e+00,-2.666666666664241347e-01,-2.666666666666060337e+00,4.133333333331393078e+00,-3.399999999999636202e+00,-2.266666666668243124e+00,1.000000000000000000e+00,-1.199999999997089617e+00,-2.133333333335031057e+00,-3.733333333333575865e+00,-5.666666666664241347e+00,-1.466666666667151731e+00,5.066666666665696539e+00,-1.333333333333939663e+00,-3.600000000000363798e+00,4.666666666671517305e-01,2.000000000007275958e-01,1.999999999998181011e+00,6.666666666751552839e-02,3.333333333339396631e-01,1.133333333333212067e+00,-2.066666666667515528e+00,-6.666666666569653898e-02,-2.733333333335394855e+00,2.666666666667879326e+00,1.399999999999636202e+00,2.266666666668243124e+00,-6.666666666660603369e-01,3.999999999996362021e-01,6.666666666660603369e-01,-2.466666666665332741e+00,-2.399999999999636202e+00,-2.333333333335758653e+00,-4.733333333331756876e+00,-2.000000000007275958e-01,1.199999999998908606e+00,1.333333333335758653e+00,-1.733333333333575865e+00,3.600000000000363798e+00,-1.400000000001455192e+00,2.200000000000727596e+00,-1.800000000001091394e+00,-2.600000000000363798e+00,4.666666666653327411e-01,-1.999999999989086064e-01,-4.000000000014551915e-01,2.200000000000727596e+00,-1.066666666665696539e+00,3.533333333332848269e+00,-4.399999999999636202e+00,-2.666666666666060337e+00,9.333333333324844716e-01,-6.000000000003637979e-01,-1.000000000000000000e+00,-3.866666666664968943e+00,1.999999999989086064e-01,1.999999999989086064e-01,-1.333333333332120674e-01,-4.199999999998908606e+00,-4.866666666666787933e+00,-1.266666666666424135e+00,-2.666666666666060337e+00,1.599999999998544808e+00,-2.266666666664605145e+00,-1.733333333333575865e+00,-1.533333333334667259e+00,-5.466666666665332741e+00,-2.666666666667879326e+00,-6.000000000000000000e+00,2.133333333333212067e+00,-7.333333333317568759e-01,-1.266666666668243124e+00,-9.333333333324844716e-01,2.533333333332848269e+00,5.000000000000000000e+00,3.333333333333939663e+00,-4.666666666671517305e-01,-4.933333333334303461e+00,-4.066666666665696539e+00,5.000000000000000000e+00,8.000000000010913936e-01,9.333333333324844716e-01,3.333333333339396631e-01,4.799999999999272404e+00,-1.533333333334667259e+00,-3.999999999998181011e+00,-2.533333333334667259e+00,-2.866666666666787933e+00,-6.533333333332848269e+00,-1.733333333331756876e+00,-3.200000000002546585e+00,-5.199999999998908606e+00,2.200000000000727596e+00,7.333333333317568759e-01,-3.199999999998908606e+00,6.666666666751552839e-02,-1.466666666667151731e+00,-1.799999999999272404e+00,-3.533333333334667259e+00,-2.000000000000000000e+00,-3.733333333333575865e+00,-1.000000000000000000e+00,-3.066666666665696539e+00,8.799999999999272404e+00,-6.466666666665332741e+00,-1.466666666665332741e+00,4.000000000000000000e+00,-2.800000000001091394e+00,3.799999999999272404e+00,-1.000000000000000000e+00,-5.600000000000363798e+00,1.866666666664968943e+00,2.000000000000000000e+00,3.466666666667151731e+00,-2.933333333332484472e+00,1.200000000000727596e+00,-1.399999999999636202e+00,1.533333333332848269e+00,-7.333333333332120674e+00,-2.000000000001818989e+00,1.266666666668243124e+00,-3.133333333333212067e+00,-1.599999999998544808e+00,-8.266666666666424135e+00,-1.933333333334303461e+00,8.666666666649689432e-01,-1.666666666667879326e+00,-2.666666666646051453e-01,-7.466666666668970720e+00,-1.333333333332120674e-01,3.066666666665696539e+00,1.666666666666060337e+00,1.066666666667515528e+00,-7.999999999992724042e-01,-1.333333333332120674e-01,-2.200000000000727596e+00,5.733333333333575865e+00,1.533333333332848269e+00,2.600000000002182787e+00,-6.666666666678793263e-01,-1.000000000000000000e+00,1.866666666666787933e+00,1.933333333332484472e+00,2.066666666669334518e+00,3.933333333332484472e+00,5.333333333346672589e-01,2.266666666666424135e+00,-2.399999999999636202e+00,7.333333333317568759e-01,2.133333333333212067e+00,-3.799999999999272404e+00,-5.133333333333212067e+00,5.999999999985448085e-01,3.933333333332484472e+00,4.133333333335031057e+00,3.933333333334303461e+00,-6.066666666667515528e+00,-4.000000000000000000e+00,2.199999999998908606e+00,-4.600000000000363798e+00,-3.933333333332484472e+00,-9.333333333324844716e-01,-6.666666666751552839e-02,-4.666666666671517305e-01,-1.066666666665696539e+00,4.000000000000000000e+00,2.066666666667515528e+00,-6.666666666678793263e-01,-6.266666666666424135e+00,-2.066666666667515528e+00,-3.333333333333939663e+00,5.333333333346672589e-01,1.133333333335031057e+00,-6.800000000001091394e+00,1.866666666666787933e+00,-2.666666666666060337e+00,-7.333333333335758653e-01,2.133333333333212067e+00,-4.666666666671517305e-01,1.000000000000000000e+00,-3.933333333334303461e+00,-2.333333333332120674e+00,8.666666666631499538e-01,-2.333333333332120674e+00,2.799999999999272404e+00,7.333333333335758653e-01,2.466666666668970720e+00,-2.666666666667879326e+00,-3.999999999996362021e-01,9.333333333343034610e-01,2.133333333333212067e+00,-3.600000000000363798e+00,-3.399999999999636202e+00,-4.133333333333212067e+00,-2.199999999998908606e+00,-3.133333333333212067e+00,1.999999999989086064e-01,-5.533333333332848269e+00,5.733333333331756876e+00,-6.066666666667515528e+00,-6.000000000003637979e-01,2.066666666667515528e+00,1.933333333332484472e+00,2.333333333333939663e+00,-7.466666666667151731e+00,-6.666666666751552839e-02,3.400000000001455192e+00,6.666666666751552839e-02,5.333333333332120674e+00,-2.333333333332120674e+00,3.733333333333575865e+00,-2.399999999999636202e+00,-2.333333333333939663e+00,-5.733333333331756876e+00,1.999999999996362021e+00,-3.000000000000000000e+00,-5.866666666664968943e+00,-4.399999999999636202e+00,-3.133333333335031057e+00,5.000000000001818989e+00,1.333333333313930780e-01,-1.866666666666787933e+00,-4.000000000014551915e-01,-5.199999999998908606e+00,1.666666666669698316e+00,1.066666666667515528e+00,-1.200000000000727596e+00,1.733333333333575865e+00,3.466666666667151731e+00,-7.333333333353948547e-01,1.800000000001091394e+00,-1.466666666668970720e+00,1.266666666666424135e+00,8.666666666667879326e-01,-3.999999999978172127e-01,-2.533333333332848269e+00,-1.066666666667515528e+00,-4.666666666653327411e-01,2.399999999999636202e+00,6.666666666751552839e-02,-1.400000000001455192e+00,3.333333333321206737e-01
-4.066666666669334518e+00,-1.000000000000000000e+00,-2.999999999998181011e+00,-3.266666666668243124e+00,-3.733333333331756876e+00,1.466666666665332741e+00,-2.199999999998908606e+00,4.599999999998544808e+00,-1.066666666665696539e+00,-1.066666666665696539e+00,-5.400000000001455192e+00,-5.999999999985448085e-01,3.000000000000000000e+00,-5.600000000000363798e+00,-4.466666666667151731e+00,0.000000000000000000e+00,0.000000000000000000e+00,1.199999999998908606e+00,2.999999999998181011e+00,1.466666666668970720e+00,4.066666666665696539e+00,-1.066666666665696539e+00,-2.866666666668606922e+00,6.666666666678793263e-01,3.000000000000000000e+00,7.200000000000727596e+00,2.200000000000727596e+00,3.800000000001091394e+00,3.799999999999272404e+00,6.066666666665696539e+00,8.333333333332120674e+00,3.200000000000727596e+00,5.066666666667515528e+00,4.933333333332484472e+00,2.400000000001455192e+00,0.000000000000000000e+00,3.599999999998544808e+00,6.333333333333939663e+00,4.066666666667515528e+00,1.599999999998544808e+00,-4.266666666666424135e+00,6.133333333335031057e+00,1.199999999998908606e+00,2.600000000000363798e+00,-2.799999999999272404e+00,-2.600000000000363798e+00,-1.666666666666060337e+00,-5.666666666666060337e+00,-5.333333333346672589e-01,5.333333333346672589e-01,-4.000000000001818989e+00,-2.000000000007275958e-01,-1.066666666667515528e+00,1.818989403545856476e-12,2.199999999998908606e+00,1.733333333333575865e+00,-2.666666666666060337e+00,-1.666666666666060337e+00,6.666666666569653898e-02,4.400000000001455192e+00,-3.133333333335031057e+00,-1.666666666667879326e+00,4.400000000001455192e+00,-2.533333333332848269e+00,-1.000000000000000000e+00,7.999999999992724042e-01,8.666666666667879326e-01,-2.733333333333575865e+00,-3.266666666668243124e+00,-5.533333333331029280e+00,-4.266666666668243124e+00,-3.399999999999636202e+00,-7.333333333299378864e-01,-6.000000000001818989e+00,-6.266666666668243124e+00,-2.999999999998181011e+00,2.600000000000363798e+00,-1.800000000001091394e+00,2.466666666667151731e+00,4.533333333334667259e+00,2.666666666664241347e+00,-1.666666666666060337e+00,-9.333333333324844716e-01,5.866666666664968943e+00,6.266666666666424135e+00,2.133333333335031057e+00,3.266666666664605145e+00,-3.333333333339396631e-01,7.066666666667515528e+00,6.866666666666787933e+00,7.533333333334667259e+00,2.733333333333575865e+00,-1.066666666665696539e+00,-1.266666666668243124e+00,-4.666666666666060337e+00,-6.666666666678793263e-01,3.199999999998908606e+00,2.933333333332484472e+00,-2.199999999998908606e+00,-4.066666666667515528e+00,2.800000000001091394e+00,-1.199999999998908606e+00,1.866666666666787933e+00,-3.200000000000727596e+00,-1.000000000000000000e+00,-7.999999999992724042e-01,-2.666666666666060337e+00,2.133333333333212067e+00,-6.666666666678793263e-01,5.533333333334667259e+00,-3.600000000002182787e+00,-1.733333333333575865e+00,4.000000000014551915e-01,-2.266666666666424135e+00,-2.733333333333575865e+00,2.733333333333575865e+00,-6.733333333333575865e+00,-1.399999999999636202e+00,-3.999999999996362021e-01,-6.666666666678793263e-01,-7.000000000000000000e+00,-3.000000000000000000e+00,-1.466666666667151731e+00,5.799999999999272404e+00,-5.266666666666424135e+00,5.933333333336122450e+00,-1.866666666668606922e+00,1.399999999999636202e+00,4.266666666668243124e+00,4.933333333334303461e+00,-2.266666666666424135e+00,7.399999999999636202e+00,-1.933333333334303461e+00,1.733333333333575865e+00,-1.866666666666787933e+00,6.199999999998908606e+00,7.333333333317568759e-01,-3.199999999998908606e+00,-6.799999999999272404e+00,0.000000000000000000e+00,-2.533333333332848269e+00,-2.799999999999272404e+00,-2.666666666667879326e+00,-5.066666666667515528e+00,-5.333333333333939663e+00,3.333333333321206737e-01,3.333333333339396631e-01,-1.733333333335394855e+00,3.733333333335394855e+00,6.666666666678793263e-01,1.933333333336122450e+00,-2.733333333333575865e+00,-8.666666666667879326e-01,-3.999999999996362021e-01,-1.200000000002546585e+00,6.666666666751552839e-02,-1.400000000001455192e+00,-5.200000000000727596e+00,2.000000000007275958e-01,5.333333333346672589e-01,-1.066666666663877550e+00,-3.000000000000000000e+00,3.066666666665696539e+00,-8.133333333333212067e+00,-4.466666666667151731e+00,-6.266666666666424135e+00,1.866666666666787933e+00,2.066666666665696539e+00,4.600000000000363798e+00,1.933333333334303461e+00,1.533333333331029280e+00,6.000000000003637979e-01,2.533333333332848269e+00,2.066666666665696539e+00,4.066666666665696539e+00,-1.866666666666787933e+00,-5.733333333329937886e+00,-2.266666666666424135e+00,7.333333333332120674e+00,1.200000000000727596e+00,-4.200000000000727596e+00,3.599999999998544808e+00,-2.533333333334667259e+00,-6.666666666664241347e+00,-6.666666666751552839e-02,-1.133333333333212067e+00,3.999999999996362021e-01,1.200000000000727596e+00,5.333333333328482695e-01,-3.399999999999636202e+00,-1.066666666665696539e+00,3.400000000001455192e+00,1.733333333333575865e+00,8.666666666649689432e-01,3.000000000001818989e+00,4.266666666662786156e+00,-7.799999999995634425e+00,1.399999999997817213e+00,2.866666666666787933e+00,-4.133333333335031057e+00,-5.333333333332120674e+00,-2.466666666665332741e+00,-1.933333333334303461e+00,-4.466666666667151731e+00,-1.999999999989086064e-01,-2.399999999999636202e+00,7.333333333317568759e-01,-4.466666666665332741e+00,-6.466666666667151731e+00,-2.600000000000363798e+00,-2.066666666663877550e+00,2.733333333329937886e+00,1.333333333350310568e-01,-2.000000000007275958e-01,3.133333333333212067e+00,-2.066666666667515528e+00,1.066666666665696539e+00,2.066666666667515528e+00,-6.666666666660603369e-01,1.200000000000727596e+00,6.666666666678793263e-01,-5.999999999985448085e-01,9.999999999963620212e-01,-1.533333333334667259e+00,1.933333333332484472e+00,1.066666666667515528e+00,3.333333333339396631e-01,-1.333333333350310568e-01,-3.666666666666060337e+00,-1.600000000000363798e+00,1.333333333335758653e+00,2.466666666665332741e+00,-8.666666666649689432e-01,-1.466666666668970720e+00,-4.733333333331756876e+00,-1.399999999999636202e+00,-1.733333333333575865e+00,-4.466666666667151731e+00,-5.200000000000727596e+00,-5.999999999998181011e+00,6.666666666569653898e-02,1.066666666669334518e+00,-1.333333333333939663e+00,1.733333333333575865e+00,-3.200000000000727596e+00,2.666666666664241347e-01,-1.818989403545856476e-12,-3.999999999998181011e+00,3.866666666664968943e+00,2.799999999999272404e+00,2.066666666669334518e+00,3.199999999998908606e+00,5.800000000001091394e+00,3.866666666666787933e+00,3.000000000000000000e+00,1.000000000001818989e+00,-5.466666666667151731e+00,0.000000000000000000e+00,9.333333333324844716e-01,1.818989403545856476e-12,-5.333333333346672589e-01,0.000000000000000000e+00,1.399999999999636202e+00,-2.600000000002182787e+00,1.800000000001091394e+00,-3.000000000000000000e+00,-3.466666666665332741e+00,-8.933333333334303461e+00,-4.000000000000000000e+00,-5.866666666666787933e+00,-2.133333333333212067e+00,2.000000000007275958e-01,-5.333333333346672589e-01,-5.533333333334667259e+00,-3.733333333331756876e+00,-1.933333333334303461e+00,-6.200000000002546585e+00,-2.333333333333939663e+00,-1.866666666664968943e+00,-7.133333333333212067e+00,-7.333333333317568759e-01,-2.200000000002546585e+00,3.333333333335758653e+00,2.200000000000727596e+00,4.133333333329574089e+00,-1.133333333329574089e+00,2.933333333330665482e+00,-1.533333333331029280e+00,2.666666666666060337e+00,1.466666666668970720e+00,1.933333333332484472e+00,4.200000000000727596e+00,2.733333333333575865e+00,1.933333333332484472e+00,-6.666666666569653898e-02,2.533333333331029280e+00,8.000000000010913936e-01,2.399999999999636202e+00,-3.333333333333939663e+00,-1.066666666665696539e+00,-1.200000000000727596e+00,-3.399999999997817213e+00,4.666666666653327411e-01,6.666666666660603369e-01,2.133333333335031057e+00,3.000000000000000000e+00,-3.333333333333939663e+00,-5.199999999998908606e+00,-4.133333333333212067e+00,-1.399999999999636202e+00,-6.200000000002546585e+00,1.266666666668243124e+00,-6.800000000001091394e+00,5.666666666666060337e+00
-3.333333333339396631e-01,-2.200000000000727596e+00,-1.799999999999272404e+00,-1.466666666665332741e+00,-5.733333333331756876e+00,-1.866666666668606922e+00,-2.199999999998908606e+00,-8.466666666667151731e+00,7.999999999992724042e-01,3.133333333333212067e+00,-1.600000000002182787e+00,1.333333333368500462e-01,-1.733333333335394855e+00,1.933333333336122450e+00,4.733333333333575865e+00,6.266666666664605145e+00,6.400000000001455192e+00,7.333333333353948547e-01,5.399999999997817213e+00,5.733333333333575865e+00,8.799999999999272404e+00,6.866666666666787933e+00,1.413333333333139308e+01,6.466666666667151731e+00,8.866666666668606922e+00,7.933333333332484472e+00,4.466666666665332741e+00,7.066666666665696539e+00,6.600000000000363798e+00,4.600000000000363798e+00,4.799999999999272404e+00,2.933333333334303461e+00,1.100000000000000000e+01,-3.333333333339396631e-01,2.866666666668606922e+00,1.333333333333939663e+00,6.466666666665332741e+00,-1.266666666668243124e+00,-3.999999999978172127e-01,-1.466666666667151731e+00,5.133333333333212067e+00,4.666666666666060337e+00,-1.066666666665696539e+00,2.600000000000363798e+00,-6.666666666751552839e-02,-2.666666666667879326e+00,-2.533333333332848269e+00,-2.000000000000000000e+00,5.800000000001091394e+00,1.933333333334303461e+00,-2.000000000000000000e+00,-6.200000000000727596e+00,-5.000000000001818989e+00,-3.133333333333212067e+00,-3.399999999999636202e+00,-4.600000000000363798e+00,-4.466666666665332741e+00,6.000000000003637979e-01,-3.866666666670425911e+00,-2.666666666662422358e+00,-7.533333333332848269e+00,5.333333333310292801e-01,-4.999999999998181011e+00,-3.066666666669334518e+00,-2.933333333334303461e+00,-3.199999999998908606e+00,-3.866666666666787933e+00,-7.333333333317568759e-01,2.333333333330301684e+00,-4.666666666635137517e-01,-5.800000000001091394e+00,1.933333333336122450e+00,-4.200000000002546585e+00,-1.133333333335031057e+00,-2.866666666664968943e+00,4.733333333333575865e+00,3.333333333339396631e-01,-1.666666666666060337e+00,-5.933333333334303461e+00,-5.799999999999272404e+00,4.133333333333212067e+00,1.399999999997817213e+00,-3.333333333332120674e+00,-1.466666666668970720e+00,-3.066666666663877550e+00,2.533333333331029280e+00,-4.399999999999636202e+00,-6.666666666569653898e-02,-5.133333333333212067e+00,1.666666666666060337e+00,-1.333333333313930780e-01,2.200000000000727596e+00,-1.333333333333939663e+00,1.266666666668243124e+00,3.399999999999636202e+00,-6.466666666668970720e+00,3.266666666666424135e+00,4.533333333332848269e+00,-5.733333333331756876e+00,-1.466666666665332741e+00,2.599999999998544808e+00,-3.000000000000000000e+00,-2.000000000001818989e+00,4.666666666666060337e+00,6.666666666678793263e-01,-6.266666666666424135e+00,-2.866666666664968943e+00,1.933333333334303461e+00,-7.333333333335758653e-01,1.133333333331393078e+00,3.066666666665696539e+00,-4.200000000000727596e+00,-1.466666666665332741e+00,2.199999999998908606e+00,1.818989403545856476e-12,-5.533333333332848269e+00,5.666666666669698316e+00,7.333333333317568759e-01,-4.200000000000727596e+00,-3.000000000000000000e+00,5.999999999985448085e-01,-5.333333333333939663e+00,-5.000000000000000000e+00,-6.066666666665696539e+00,-4.733333333333575865e+00,-6.133333333335031057e+00,-3.333333333332120674e+00,-5.533333333332848269e+00,1.066666666667515528e+00,3.133333333333212067e+00,-6.666666666660603369e-01,-8.800000000002910383e+00,-4.666666666653327411e-01,-4.000000000014551915e-01,4.000000000014551915e-01,2.666666666646051453e-01,-2.933333333332484472e+00,-6.666666666569653898e-02,-1.066666666667515528e+00,4.666666666689707199e-01,-6.000000000021827873e-01,-1.333333333333939663e+00,2.733333333335394855e+00,-3.266666666666424135e+00,-3.800000000001091394e+00,-1.666666666666060337e+00,8.666666666667879326e+00,-5.800000000001091394e+00,-1.866666666666787933e+00,-3.733333333333575865e+00,-2.599999999998544808e+00,2.066666666663877550e+00,-2.000000000007275958e-01,5.000000000001818989e+00,0.000000000000000000e+00,3.600000000000363798e+00,-2.400000000001455192e+00,-1.399999999999636202e+00,-3.333333333321206737e-01,-1.733333333333575865e+00,-3.000000000000000000e+00,-4.466666666667151731e+00,3.600000000000363798e+00,1.333333333350310568e-01,-3.066666666667515528e+00,1.066666666665696539e+00,6.000000000003637979e-01,-7.999999999992724042e-01,-3.533333333331029280e+00,-5.000000000003637979e+00,-6.666666666660603369e-01,6.666666666751552839e-02,3.199999999998908606e+00,-2.999999999998181011e+00,1.599999999998544808e+00,2.199999999997089617e+00,-1.733333333333575865e+00,1.333333333350310568e-01,-2.533333333331029280e+00,1.599999999998544808e+00,-3.000000000000000000e+00,-1.600000000000363798e+00,-2.866666666664968943e+00,-2.333333333333939663e+00,1.733333333333575865e+00,-4.399999999999636202e+00,3.666666666666060337e+00,-4.266666666666424135e+00,-1.333333333332120674e-01,-2.333333333332120674e+00,-6.000000000003637979e-01,-8.666666666667879326e-01,-5.533333333332848269e+00,-1.799999999999272404e+00,4.066666666665696539e+00,-2.133333333333212067e+00,-3.200000000000727596e+00,9.333333333324844716e-01,2.199999999998908606e+00,-1.600000000000363798e+00,2.333333333333939663e+00,-4.333333333333939663e+00,1.533333333334667259e+00,1.600000000000363798e+00,-2.666666666664241347e-01,2.266666666668243124e+00,-4.933333333334303461e+00,1.199999999998908606e+00,2.399999999999636202e+00,-6.066666666669334518e+00,4.799999999999272404e+00,1.266666666670062114e+00,-6.000000000003637979e-01,-4.666666666653327411e-01,-2.733333333335394855e+00,-2.733333333333575865e+00,6.666666666933451779e-02,-4.066666666669334518e+00,-4.199999999998908606e+00,-2.333333333333939663e+00,-3.066666666663877550e+00,2.266666666666424135e+00,-2.866666666670425911e+00,-2.133333333331393078e+00,3.999999999996362021e-01,-1.066666666667515528e+00,1.533333333334667259e+00,2.399999999999636202e+00,-1.600000000000363798e+00,1.000000000001818989e+00,-6.666666666933451779e-02,-2.799999999999272404e+00,-1.333333333332120674e+00,4.666666666671517305e-01,-4.666666666671517305e-01,1.200000000000727596e+00,-1.533333333334667259e+00,4.266666666668243124e+00,-1.800000000001091394e+00,-5.999999999967258191e-01,-6.733333333335394855e+00,-3.600000000000363798e+00,-1.200000000000727596e+00,-1.333333333333939663e+00,-3.533333333332848269e+00,-3.800000000001091394e+00,1.200000000002546585e+00,4.466666666667151731e+00,-1.333333333332120674e-01,7.999999999992724042e-01,-5.666666666666060337e+00,-1.266666666668243124e+00,-3.000000000000000000e+00,-3.400000000001455192e+00,-1.266666666666424135e+00,2.333333333333939663e+00,-3.533333333331029280e+00,-2.666666666667879326e+00,-2.799999999999272404e+00,1.133333333331393078e+00,2.400000000001455192e+00,-7.333333333353948547e-01,-4.999999999998181011e+00,6.666666666569653898e-02,-1.133333333331393078e+00,-1.266666666668243124e+00,-3.066666666667515528e+00,-4.666666666653327411e-01,2.866666666666787933e+00,-2.133333333333212067e+00,-9.333333333361224504e-01,1.533333333334667259e+00,-6.666666666569653898e-02,2.866666666666787933e+00,6.666666666751552839e-02,-2.666666666667879326e+00,1.133333333331393078e+00,-1.533333333334667259e+00,-1.799999999997453415e+00,-1.333333333332120674e-01,3.666666666667879326e+00,4.666666666666060337e+00,0.000000000000000000e+00,-3.333333333321206737e-01,5.999999999985448085e-01,-8.666666666667879326e-01,-1.266666666666424135e+00,-3.600000000000363798e+00,7.999999999992724042e-01,2.533333333332848269e+00,2.266666666668243124e+00,-2.200000000000727596e+00,-8.666666666686069220e-01,0.000000000000000000e+00,-1.133333333333212067e+00,-3.999999999978172127e-01,-8.333333333333939663e+00,-1.733333333331756876e+00,-1.133333333333212067e+00,-1.000000000000000000e+00,5.333333333328482695e-01,-3.266666666668243124e+00,2.333333333337577642e+00,-1.266666666668243124e+00,-2.800000000001091394e+00,3.333333333321206737e-01,4.200000000002546585e+00,9.999999999981810106e-01,-2.066666666667515528e+00,-1.400000000001455192e+00,-7.999999999992724042e-01,7.800000000001091394e+00,1.533333333332848269e+00,-2.933333333334303461e+00
-3.200000000000727596e+00,1.066666666667515528e+00,1.999999999989086064e-01,1.333333333333939663e+00,-4.066666666667515528e+00,-4.466666666668970720e+00,1.133333333333212067e+00,-5.333333333310292801e-01,1.133333333333212067e+00,2.066666666669334518e+00,2.466666666663513752e+00,2.399999999999636202e+00,-1.733333333331756876e+00,-8.666666666686069220e-01,4.666666666666060337e+00,5.266666666666424135e+00,1.800000000001091394e+00,3.933333333332484472e+00,5.200000000000727596e+00,9.333333333343034610e-01,5.866666666666787933e+00,5.600000000000363798e+00,3.066666666665696539e+00,1.533333333332848269e+00,3.066666666667515528e+00,7.866666666666787933e+00,7.333333333335758653e-01,8.599999999998544808e+00,8.333333333333939663e+00,1.066666666667515528e+00,3.200000000000727596e+00,6.666666666751552839e-02,3.266666666664605145e+00,-1.999999999989086064e-01,5.000000000000000000e+00,5.266666666666424135e+00,-2.066666666665696539e+00,-3.333333333321206737e-01,1.799999999997453415e+00,4.200000000000727596e+00,-5.466666666667151731e+00,3.666666666666060337e+00,-1.666666666666060337e+00,-2.866666666664968943e+00,5.933333333332484472e+00,-1.066666666667515528e+00,1.999999999989086064e-01,-6.599999999996725819e+00,-1.200000000002546585e+00,-3.999999999998181011e+00,-6.399999999997817213e+00,-3.200000000002546585e+00,4.666666666653327411e-01,7.333333333299378864e-01,-4.266666666664605145e+00,-4.066666666665696539e+00,-1.133333333333212067e+00,-2.466666666667151731e+00,-2.933333333334303461e+00,-5.933333333332484472e+00,-2.466666666667151731e+00,-2.799999999999272404e+00,3.000000000001818989e+00,-2.066666666669334518e+00,1.333333333350310568e-01,3.200000000002546585e+00,-6.666666666751552839e-02,-3.533333333334667259e+00,-1.733333333333575865e+00,-3.400000000001455192e+00,3.999999999998181011e+00,-3.133333333333212067e+00,-5.333333333328482695e-01,6.666666666933451779e-02,-3.999999999978172127e-01,-3.637978807091712952e-12,8.666666666667879326e-01,1.533333333334667259e+00,5.000000000000000000e+00,1.733333333333575865e+00,-1.399999999999636202e+00,4.000000000000000000e+00,2.200000000000727596e+00,-3.933333333334303461e+00,-2.333333333332120674e+00,-5.733333333333575865e+00,1.799999999997453415e+00,-1.533333333332848269e+00,5.333333333310292801e-01,-4.199999999998908606e+00,1.133333333335031057e+00,-3.999999999978172127e-01,-1.066666666667515528e+00,-7.333333333335758653e+00,-4.200000000000727596e+00,-1.800000000001091394e+00,-5.866666666664968943e+00,-5.333333333328482695e-01,-1.333333333313930780e-01,7.000000000000000000e+00,2.399999999997817213e+00,-2.733333333333575865e+00,-1.999999999989086064e-01,-3.200000000000727596e+00,-1.333333333332120674e+00,3.333333333339396631e-01,-3.133333333333212067e+00,-8.266666666668243124e+00,-3.599999999998544808e+00,1.533333333331029280e+00,1.066666666667515528e+00,-1.133333333333212067e+00,-4.399999999997817213e+00,5.866666666664968943e+00,-5.866666666666787933e+00,3.066666666667515528e+00,3.333333333321206737e-01,-9.333333333343034610e-01,2.133333333333212067e+00,1.466666666668970720e+00,-2.266666666668243124e+00,1.466666666667151731e+00,3.600000000000363798e+00,-7.333333333353948547e-01,1.733333333337213844e+00,-3.400000000003274181e+00,2.266666666668243124e+00,3.999999999978172127e-01,-8.866666666664968943e+00,-2.666666666664241347e-01,-4.000000000000000000e+00,-6.266666666666424135e+00,1.133333333335031057e+00,-8.000000000029103830e-01,-1.666666666666060337e+00,-1.533333333332848269e+00,-1.399999999999636202e+00,2.999999999998181011e+00,5.000000000001818989e+00,-4.333333333335758653e+00,-3.333333333330301684e+00,5.733333333333575865e+00,-1.533333333334667259e+00,8.000000000010913936e-01,3.133333333333212067e+00,-5.733333333333575865e+00,5.066666666667515528e+00,-6.666666666678793263e-01,7.333333333317568759e-01,4.000000000014551915e-01,-5.066666666667515528e+00,1.533333333334667259e+00,-3.600000000000363798e+00,-5.000000000001818989e+00,-2.599999999998544808e+00,-1.999999999989086064e-01,-1.186666666666678793e+01,1.266666666668243124e+00,2.266666666664605145e+00,-5.400000000001455192e+00,-7.333333333353948547e-01,-4.733333333333575865e+00,2.066666666669334518e+00,-3.199999999998908606e+00,-3.333333333339396631e-01,3.533333333332848269e+00,-1.133333333329574089e+00,-2.533333333332848269e+00,1.533333333331029280e+00,1.266666666664605145e+00,3.933333333334303461e+00,2.133333333333212067e+00,-1.666666666667879326e+00,-7.333333333330301684e+00,-2.333333333333939663e+00,2.666666666667879326e+00,2.199999999998908606e+00,-7.333333333333939663e+00,-4.133333333335031057e+00,7.333333333335758653e-01,-1.200000000000727596e+00,-2.399999999999636202e+00,-3.666666666666060337e+00,7.333333333335758653e-01,-6.466666666667151731e+00,-5.333333333328482695e-01,-1.733333333333575865e+00,1.466666666667151731e+00,3.666666666667879326e+00,-4.666666666671517305e-01,0.000000000000000000e+00,-1.199999999998908606e+00,2.000000000007275958e-01,-6.666666666751552839e-02,-5.400000000001455192e+00,-1.333333333333939663e+00,7.333333333335758653e-01,2.533333333331029280e+00,-2.866666666666787933e+00,3.466666666668970720e+00,-6.199999999998908606e+00,1.666666666666060337e+00,-4.599999999998544808e+00,-3.200000000002546585e+00,1.533333333332848269e+00,-9.333333333324844716e-01,-2.200000000000727596e+00,2.266666666668243124e+00,3.333333333339396631e-01,-4.666666666671517305e-01,-1.133333333333212067e+00,-9.333333333343034610e-01,3.333333333339396631e-01,1.466666666667151731e+00,2.199999999998908606e+00,3.733333333333575865e+00,-1.333333333332120674e-01,2.133333333331393078e+00,4.466666666667151731e+00,-1.133333333333212067e+00,-5.333333333328482695e-01,1.133333333333212067e+00,-2.933333333334303461e+00,-8.666666666667879326e-01,2.200000000000727596e+00,1.800000000002910383e+00,4.000000000014551915e-01,-3.333333333339396631e-01,9.333333333306654822e-01,-8.000000000000000000e+00,-7.333333333353948547e-01,-6.000000000003637979e-01,-1.999999999998181011e+00,-7.333333333335758653e-01,-1.866666666666787933e+00,-2.000000000000000000e+00,9.333333333343034610e-01,1.533333333334667259e+00,2.933333333334303461e+00,-4.333333333333939663e+00,1.066666666665696539e+00,-6.666666666751552839e-02,-3.266666666666424135e+00,-5.333333333328482695e-01,5.066666666665696539e+00,-4.000000000000000000e+00,-7.333333333335758653e-01,-5.266666666666424135e+00,-4.533333333332848269e+00,-1.999999999989086064e-01,6.000000000003637979e-01,-4.600000000000363798e+00,0.000000000000000000e+00,-2.933333333332484472e+00,7.333333333333939663e+00,-5.466666666667151731e+00,-2.533333333332848269e+00,4.399999999997817213e+00,-3.733333333333575865e+00,-2.266666666668243124e+00,4.133333333336850046e+00,-5.333333333333939663e+00,2.866666666666787933e+00,-2.733333333333575865e+00,-7.333333333335758653e-01,-2.466666666667151731e+00,1.799999999999272404e+00,-4.599999999998544808e+00,-1.800000000001091394e+00,-3.733333333333575865e+00,1.933333333332484472e+00,-2.000000000000000000e+00,-4.199999999998908606e+00,1.600000000000363798e+00,-3.133333333333212067e+00,-3.666666666667879326e+00,2.533333333332848269e+00,1.400000000001455192e+00,3.599999999998544808e+00,-2.666666666666060337e+00,4.133333333335031057e+00,-5.000000000001818989e+00,2.666666666667879326e+00,4.266666666664605145e+00,-4.399999999999636202e+00,-2.666666666666060337e+00,1.733333333333575865e+00,5.333333333346672589e-01,-5.266666666666424135e+00,1.799999999999272404e+00,-4.333333333333939663e+00,9.333333333343034610e-01,0.000000000000000000e+00,-2.000000000007275958e-01,4.000000000001818989e+00,-3.733333333335394855e+00,4.333333333332120674e+00,-6.399999999997817213e+00,-1.066666666666606034e+01,2.799999999999272404e+00,2.666666666666060337e+00,-2.666666666666060337e+00,7.333333333335758653e-01,1.799999999999272404e+00,-1.799999999999272404e+00,5.133333333333212067e+00,-1.666666666667879326e+00,-1.933333333332484472e+00,5.333333333328482695e-01,1.533333333332848269e+00,8.666666666667879326e-01,1.399999999999636202e+00,3.666666666666060337e+00,6.666666666666060337e+00
-2.933333333334303461e+00,-9.333333333324844716e-01,1.600000000000363798e+00,1.333333333313930780e-01,1.066666666669334518e+00,-3.266666666668243124e+00,-5.533333333331029280e+00,4.266666666664605145e+00,-1.733333333333575865e+00,1.818989403545856476e-12,2.666666666646051453e-01,-4.399999999999636202e+00,-3.399999999999636202e+00,-4.133333333331393078e+00,2.666666666666060337e+00,5.533333333332848269e+00,5.199999999998908606e+00,6.533333333332848269e+00,1.333333333333939663e+00,5.266666666666424135e+00,7.933333333334303461e+00,5.199999999998908606e+00,1.000000000000000000e+00,5.533333333332848269e+00,5.466666666668970720e+00,4.066666666665696539e+00,9.933333333332484472e+00,8.199999999998908606e+00,9.733333333331756876e+00,7.000000000000000000e+00,2.800000000001091394e+00,3.600000000000363798e+00,6.666666666751552839e-02,5.066666666665696539e+00,1.066666666667515528e+00,-1.266666666666424135e+00,1.066666666665696539e+00,6.666666666678793263e-01,-2.733333333335394855e+00,-1.399999999997817213e+00,-1.400000000001455192e+00,-2.666666666664241347e+00,-2.066666666667515528e+00,-8.199999999998908606e+00,-3.199999999998908606e+00,-5.333333333335758653e+00,5.999999999985448085e-01,-1.999999999998181011e+00,-1.933333333332484472e+00,-3.733333333333575865e+00,-2.000000000007275958e-01,2.533333333332848269e+00,-2.866666666664968943e+00,1.399999999999636202e+00,-1.333333333350310568e-01,2.066666666663877550e+00,-3.066666666662058560e+00,-3.066666666667515528e+00,-1.333333333332120674e-01,-2.399999999999636202e+00,5.333333333328482695e-01,-4.466666666667151731e+00,4.666666666653327411e-01,-4.599999999998544808e+00,3.666666666666060337e+00,-4.866666666666787933e+00,-3.999999999998181011e+00,-6.666666666678793263e-01,-6.666666666387754958e-02,2.133333333331393078e+00,-4.066666666667515528e+00,7.333333333317568759e-01,-1.599999999998544808e+00,5.933333333332484472e+00,-4.599999999998544808e+00,6.666666666569653898e-02,-1.666666666666060337e+00,-1.599999999998544808e+00,-4.200000000000727596e+00,-4.600000000002182787e+00,-5.333333333310292801e-01,-3.333333333339396631e-01,1.866666666664968943e+00,-3.666666666664241347e+00,-4.666666666667879326e+00,-1.799999999999272404e+00,7.333333333335758653e-01,4.199999999998908606e+00,-2.933333333332484472e+00,-4.000000000014551915e-01,-6.666666666660603369e-01,-3.333333333339396631e-01,-2.466666666667151731e+00,2.466666666667151731e+00,1.818989403545856476e-12,1.200000000000727596e+00,-3.466666666667151731e+00,4.000000000014551915e-01,2.199999999997089617e+00,-5.199999999998908606e+00,5.266666666666424135e+00,-1.466666666667151731e+00,-2.799999999999272404e+00,-2.600000000000363798e+00,7.866666666666787933e+00,1.199999999997089617e+00,-1.399999999999636202e+00,3.600000000000363798e+00,-1.133333333331393078e+00,7.333333333335758653e-01,2.000000000007275958e-01,-1.999999999989086064e-01,2.666666666646051453e-01,-3.799999999999272404e+00,1.133333333333212067e+00,-6.399999999999636202e+00,-4.066666666667515528e+00,-4.333333333333939663e+00,2.400000000001455192e+00,-9.799999999999272404e+00,-2.333333333333939663e+00,2.333333333333939663e+00,-3.200000000000727596e+00,3.399999999997817213e+00,-1.600000000000363798e+00,-1.333333333332120674e+00,2.866666666666787933e+00,-3.533333333329210291e+00,9.333333333306654822e-01,2.199999999998908606e+00,2.866666666664968943e+00,-2.533333333332848269e+00,3.933333333332484472e+00,-4.799999999999272404e+00,8.666666666686069220e-01,-1.133333333333212067e+00,-2.133333333333212067e+00,-1.799999999999272404e+00,8.000000000010913936e-01,9.333333333324844716e-01,2.666666666666060337e+00,-2.866666666668606922e+00,-4.266666666666424135e+00,-1.400000000001455192e+00,-4.399999999999636202e+00,-1.000000000000000000e+00,3.200000000000727596e+00,2.199999999998908606e+00,1.466666666665332741e+00,8.666666666686069220e-01,-9.999999999981810106e-01,-2.133333333333212067e+00,-1.999999999998181011e+00,-5.733333333333575865e+00,-8.000000000010913936e-01,-3.533333333334667259e+00,-4.733333333333575865e+00,3.866666666666787933e+00,-5.333333333328482695e-01,2.199999999998908606e+00,1.666666666667879326e+00,-5.333333333333939663e+00,-1.533333333332848269e+00,-1.066666666665696539e+00,-4.600000000000363798e+00,-3.333333333321206737e-01,6.666666666569653898e-02,-1.666666666667879326e+00,-8.666666666667879326e-01,-3.066666666665696539e+00,3.599999999998544808e+00,-1.333333333313930780e-01,-5.933333333334303461e+00,-4.200000000000727596e+00,-2.399999999999636202e+00,-1.733333333335394855e+00,4.866666666668606922e+00,-2.200000000000727596e+00,-5.333333333328482695e-01,2.000000000007275958e-01,6.000000000003637979e-01,-2.399999999999636202e+00,-2.933333333334303461e+00,8.666666666667879326e-01,1.199999999998908606e+00,-5.333333333332120674e+00,1.733333333333575865e+00,2.466666666668970720e+00,3.466666666665332741e+00,-1.399999999999636202e+00,-3.000000000001818989e+00,-3.133333333333212067e+00,-6.466666666665332741e+00,-2.666666666700621136e-01,2.133333333333212067e+00,-5.466666666665332741e+00,2.133333333335031057e+00,3.733333333331756876e+00,-1.466666666665332741e+00,-2.400000000001455192e+00,-5.333333333328482695e-01,6.666666666751552839e-02,5.333333333310292801e-01,-1.199999999998908606e+00,1.133333333333212067e+00,1.599999999998544808e+00,-1.999999999989086064e-01,4.133333333335031057e+00,-6.666666666660603369e-01,-3.333333333333939663e+00,3.799999999999272404e+00,-1.600000000000363798e+00,-4.466666666667151731e+00,-1.466666666667151731e+00,-1.000000000000000000e+00,-9.333333333343034610e-01,-8.666666666649689432e-01,-6.000000000003637979e-01,-6.000000000003637979e-01,-1.333333333332120674e+00,-4.533333333334667259e+00,-5.066666666667515528e+00,-4.399999999999636202e+00,1.599999999998544808e+00,-1.199999999998908606e+00,-3.933333333332484472e+00,6.666666666751552839e-02,-3.000000000000000000e+00,-2.266666666666424135e+00,9.333333333324844716e-01,-6.666666666751552839e-02,1.399999999999636202e+00,-2.866666666663149954e+00,-2.466666666668970720e+00,1.000000000001818989e+00,3.133333333335031057e+00,2.399999999999636202e+00,2.666666666667879326e+00,-6.266666666670062114e+00,2.933333333334303461e+00,9.333333333324844716e-01,-5.133333333333212067e+00,4.333333333333939663e+00,-2.266666666666424135e+00,-1.666666666667879326e+00,-1.133333333333212067e+00,-9.333333333343034610e-01,-6.666666666660603369e-01,-1.866666666666787933e+00,-3.199999999998908606e+00,-6.066666666667515528e+00,8.000000000010913936e-01,-1.999999999998181011e+00,1.000000000000000000e+00,-6.333333333333939663e+00,-4.266666666668243124e+00,1.599999999998544808e+00,3.199999999998908606e+00,1.000000000000000000e+00,-1.999999999970896170e-01,-2.600000000000363798e+00,-6.533333333332848269e+00,1.266666666666424135e+00,2.666666666666060337e+00,1.333333333333939663e+00,3.733333333331756876e+00,-2.333333333332120674e+00,-2.333333333335758653e+00,3.999999999996362021e-01,3.866666666668606922e+00,2.733333333333575865e+00,-1.999999999989086064e-01,-1.266666666668243124e+00,2.533333333334667259e+00,-2.200000000002546585e+00,-1.866666666664968943e+00,2.800000000001091394e+00,-5.466666666668970720e+00,2.666666666664241347e-01,-1.733333333331756876e+00,-1.200000000000727596e+00,-3.333333333332120674e+00,-1.133333333333212067e+00,-1.466666666667151731e+00,-6.666666666666060337e+00,-1.333333333332120674e+00,1.266666666666424135e+00,-5.333333333333939663e+00,-2.066666666667515528e+00,-3.999999999996362021e-01,2.933333333332484472e+00,-2.133333333333212067e+00,4.666666666667879326e+00,-3.133333333333212067e+00,1.333333333332120674e+00,-2.600000000002182787e+00,1.933333333334303461e+00,3.399999999999636202e+00,-1.066666666665696539e+00,1.866666666668606922e+00,-6.666666666678793263e-01,-1.799999999999272404e+00,9.333333333343034610e-01,-9.333333333361224504e-01,8.666666666686069220e-01,1.199999999998908606e+00,-4.533333333331029280e+00,-5.333333333333939663e+00,-1.066666666667515528e+00,-1.266666666666424135e+00,7.333333333317568759e-01,-1.399999999999636202e+00,-3.199999999998908606e+00,-2.799999999999272404e+00
-2.066666666665696539e+00,-3.533333333336486248e+00,3.999999999996362021e-01,-2.999999999998181011e+00,-5.066666666667515528e+00,1.133333333331393078e+00,-3.066666666667515528e+00,-1.799999999997453415e+00,1.799999999999272404e+00,-1.266666666664605145e+00,-1.733333333333575865e+00,8.666666666667879326e-01,0.000000000000000000e+00,1.333333333350310568e-01,-1.333333333333939663e+00,1.199999999998908606e+00,6.666666666667879326e+00,6.799999999999272404e+00,7.999999999998181011e+00,6.733333333335394855e+00,9.466666666667151731e+00,1.046666666666533274e+01,1.026666666666824312e+01,7.266666666664605145e+00,7.200000000000727596e+00,7.266666666666424135e+00,6.933333333334303461e+00,8.333333333332120674e+00,9.199999999998908606e+00,8.666666666666060337e+00,1.179999999999927240e+01,2.866666666666787933e+00,-8.666666666667879326e-01,5.866666666666787933e+00,4.800000000001091394e+00,-4.066666666667515528e+00,3.400000000001455192e+00,-3.800000000001091394e+00,-3.266666666666424135e+00,1.133333333331393078e+00,4.666666666671517305e-01,1.200000000000727596e+00,-2.666666666682431241e-01,-3.733333333331756876e+00,-3.333333333339396631e-01,-7.933333333332484472e+00,-9.999999999981810106e-01,1.666666666666060337e+00,-4.933333333334303461e+00,-3.333333333332120674e+00,-7.333333333335758653e-01,-1.113333333333321207e+01,-5.333333333346672589e-01,4.000000000014551915e-01,-2.666666666666060337e+00,9.333333333343034610e-01,-5.533333333332848269e+00,-4.666666666667879326e+00,-5.200000000000727596e+00,-5.200000000000727596e+00,-1.066666666667515528e+00,-3.199999999998908606e+00,-6.199999999998908606e+00,-2.066666666667515528e+00,6.666666666751552839e-02,3.066666666665696539e+00,6.000000000000000000e+00,-2.133333333333212067e+00,-2.000000000000000000e+00,-1.266666666666424135e+00,-2.533333333332848269e+00,1.600000000000363798e+00,-5.333333333332120674e+00,5.133333333333212067e+00,-6.000000000021827873e-01,-6.000000000001818989e+00,-4.266666666668243124e+00,-1.999999999989086064e-01,-7.199999999997089617e+00,-5.600000000002182787e+00,-5.533333333334667259e+00,-3.666666666664241347e+00,-1.333333333332120674e-01,-6.066666666667515528e+00,-5.066666666665696539e+00,-1.733333333331756876e+00,-7.533333333334667259e+00,2.800000000001091394e+00,-5.933333333334303461e+00,-1.866666666666787933e+00,1.799999999999272404e+00,2.333333333333939663e+00,-2.666666666664241347e-01,2.666666666666060337e+00,1.466666666667151731e+00,-2.266666666666424135e+00,-6.666666666751552839e-02,2.333333333333939663e+00,4.333333333333939663e+00,1.333333333333939663e+00,-2.266666666668243124e+00,4.600000000002182787e+00,1.000000000000000000e+00,1.866666666664968943e+00,0.000000000000000000e+00,4.266666666666424135e+00,6.666666666660603369e-01,4.999999999998181011e+00,4.000000000000000000e+00,1.400000000001455192e+00,4.933333333334303461e+00,7.400000000001455192e+00,-1.466666666668970720e+00,-2.266666666662786156e+00,-8.666666666667879326e-01,8.666666666649689432e-01,3.600000000002182787e+00,1.599999999996725819e+00,2.733333333333575865e+00,1.599999999998544808e+00,1.333333333332120674e-01,3.866666666666787933e+00,-4.266666666666424135e+00,-3.866666666666787933e+00,2.333333333333939663e+00,-2.266666666666424135e+00,-1.046666666666533274e+01,-4.666666666671517305e-01,6.666666666569653898e-02,1.800000000001091394e+00,7.999999999992724042e-01,-3.800000000001091394e+00,6.000000000021827873e-01,-4.666666666671517305e-01,-3.866666666666787933e+00,-3.600000000000363798e+00,-4.266666666666424135e+00,-3.266666666668243124e+00,-7.999999999992724042e-01,-1.799999999997453415e+00,-1.200000000000727596e+00,0.000000000000000000e+00,-5.600000000000363798e+00,-5.333333333335758653e+00,-6.000000000003637979e-01,-5.666666666666060337e+00,-2.066666666667515528e+00,-7.533333333332848269e+00,-3.333333333332120674e+00,-1.399999999997817213e+00,-1.533333333334667259e+00,-2.933333333334303461e+00,2.733333333331756876e+00,-2.466666666667151731e+00,-6.199999999997089617e+00,-3.533333333334667259e+00,-1.599999999998544808e+00,4.333333333333939663e+00,1.066666666665696539e+00,1.333333333350310568e-01,2.799999999999272404e+00,6.000000000003637979e-01,3.333333333339396631e-01,1.133333333333212067e+00,-2.066666666667515528e+00,-3.999999999996362021e-01,-4.333333333335758653e+00,-6.266666666666424135e+00,-3.000000000000000000e+00,5.000000000000000000e+00,3.266666666666424135e+00,1.600000000000363798e+00,-3.000000000000000000e+00,2.066666666669334518e+00,-2.400000000001455192e+00,-8.666666666686069220e-01,-4.133333333333212067e+00,4.000000000014551915e-01,-3.600000000000363798e+00,2.866666666666787933e+00,-3.466666666667151731e+00,1.466666666665332741e+00,3.800000000001091394e+00,2.000000000000000000e+00,-3.266666666666424135e+00,-6.533333333331029280e+00,-5.666666666667879326e+00,1.066666666665696539e+00,-4.533333333332848269e+00,-6.000000000000000000e+00,-2.600000000000363798e+00,8.666666666667879326e-01,-2.600000000000363798e+00,-2.199999999998908606e+00,-3.933333333336122450e+00,-1.733333333329937886e+00,-4.266666666668243124e+00,-4.466666666665332741e+00,2.000000000000000000e+00,1.066666666663877550e+00,-7.333333333317568759e-01,9.333333333324844716e-01,6.000000000021827873e-01,1.333333333332120674e+00,4.266666666666424135e+00,2.599999999998544808e+00,-4.666666666671517305e-01,1.933333333334303461e+00,-1.799999999999272404e+00,2.466666666668970720e+00,-1.666666666666060337e+00,4.066666666665696539e+00,1.399999999997817213e+00,-4.333333333332120674e+00,-8.266666666668243124e+00,-1.200000000000727596e+00,8.666666666667879326e-01,-4.266666666666424135e+00,-1.333333333332120674e-01,-1.799999999999272404e+00,-3.799999999999272404e+00,-5.333333333328482695e-01,-3.599999999998544808e+00,-9.333333333343034610e-01,-3.999999999998181011e+00,7.200000000000727596e+00,-7.266666666666424135e+00,-6.666666666660603369e-01,-3.133333333335031057e+00,-1.133333333336850046e+00,-2.933333333330665482e+00,-2.000000000001818989e+00,-1.400000000001455192e+00,-4.666666666666060337e+00,-3.933333333328846493e+00,9.999999999963620212e-01,-1.533333333331029280e+00,-1.600000000000363798e+00,1.333333333313930780e-01,3.000000000000000000e+00,-7.733333333331756876e+00,6.933333333332484472e+00,-1.399999999999636202e+00,1.066666666667515528e+00,-2.000000000000000000e+00,3.999999999998181011e+00,2.933333333332484472e+00,7.333333333335758653e-01,5.933333333334303461e+00,1.066666666665696539e+00,-7.333333333335758653e-01,-2.599999999998544808e+00,1.333333333333939663e+00,2.399999999999636202e+00,-5.733333333331756876e+00,2.599999999998544808e+00,-2.066666666665696539e+00,-5.400000000001455192e+00,-1.133333333335031057e+00,2.000000000001818989e+00,-1.733333333333575865e+00,-5.266666666668243124e+00,-2.999999999998181011e+00,-3.066666666669334518e+00,2.133333333335031057e+00,1.133333333331393078e+00,2.400000000001455192e+00,8.666666666667879326e-01,-1.599999999998544808e+00,5.333333333310292801e-01,-4.466666666663513752e+00,-2.466666666668970720e+00,4.466666666667151731e+00,9.333333333343034610e-01,-3.666666666666060337e+00,-6.666666666933451779e-02,-3.333333333339396631e-01,-4.333333333332120674e+00,-1.800000000001091394e+00,-3.733333333333575865e+00,-2.733333333331756876e+00,-1.133333333333212067e+00,-2.999999999998181011e+00,-3.333333333333939663e+00,7.799999999997453415e+00,-1.999999999970896170e-01,9.999999999945430318e-01,-6.199999999997089617e+00,-2.266666666666424135e+00,3.600000000002182787e+00,-1.866666666666787933e+00,-2.733333333333575865e+00,4.600000000000363798e+00,-4.000000000014551915e-01,-1.666666666666060337e+00,-6.666666666660603369e-01,-1.266666666666424135e+00,-3.733333333333575865e+00,-2.466666666665332741e+00,-8.399999999999636202e+00,5.333333333310292801e-01,-1.333333333333939663e+00,-2.000000000007275958e-01,-2.066666666667515528e+00,1.333333333333939663e+00,-2.000000000001818989e+00,6.666666666696983157e-01,-1.933333333332484472e+00,2.333333333332120674e+00,-2.533333333331029280e+00,-2.600000000000363798e+00,3.999999999978172127e-01,-2.133333333331393078e+00,4.533333333332848269e+00
-6.333333333333939663e+00,3.333333333333939663e+00,1.133333333333212067e+00,2.133333333333212067e+00,-2.733333333333575865e+00,3.266666666666424135e+00,-4.866666666664968943e+00,-2.000000000007275958e-01,-7.333333333335758653e-01,-3.733333333333575865e+00,-9.999999999981810106e-01,2.666666666664241347e-01,2.266666666666424135e+00,8.133333333335031057e+00,4.266666666664605145e+00,7.133333333333212067e+00,8.866666666664968943e+00,9.533333333332848269e+00,1.153333333333284827e+01,1.506666666666569654e+01,1.473333333333539485e+01,1.820000000000072760e+01,1.360000000000036380e+01,1.193333333333430346e+01,1.326666666666642413e+01,1.420000000000072760e+01,1.160000000000036380e+01,1.166666666666606034e+01,6.999999999998181011e+00,6.066666666669334518e+00,6.933333333334303461e+00,2.533333333331029280e+00,-6.666666666751552839e-02,6.000000000003637979e-01,-3.066666666665696539e+00,-3.600000000000363798e+00,-3.533333333334667259e+00,-5.333333333328482695e-01,8.666666666667879326e-01,-3.333333333339396631e-01,-1.933333333332484472e+00,2.866666666666787933e+00,-2.533333333332848269e+00,1.066666666667515528e+00,-3.399999999999636202e+00,-4.466666666667151731e+00,-4.066666666669334518e+00,-3.000000000000000000e+00,-3.000000000000000000e+00,-6.000000000003637979e-01,-2.799999999999272404e+00,-1.333333333333939663e+00,-3.466666666667151731e+00,-4.466666666665332741e+00,-4.933333333332484472e+00,-1.399999999999636202e+00,-9.733333333333575865e+00,-3.799999999999272404e+00,-7.933333333334303461e+00,-7.000000000001818989e+00,2.000000000043655746e-01,-1.600000000002182787e+00,-3.200000000000727596e+00,-6.666666666569653898e-02,-4.333333333335758653e+00,-2.200000000000727596e+00,4.000000000032741809e-01,-2.333333333333939663e+00,-3.133333333333212067e+00,-2.733333333333575865e+00,-4.066666666667515528e+00,2.933333333332484472e+00,2.533333333334667259e+00,3.999999999996362021e-01,3.266666666668243124e+00,-3.733333333333575865e+00,-2.333333333332120674e+00,1.399999999999636202e+00,-2.333333333333939663e+00,-2.266666666666424135e+00,-4.666666666707897093e-01,-2.399999999995998223e+00,-1.333333333332120674e-01,6.666666666387754958e-02,-2.666666666646051453e-01,-2.666666666666060337e+00,-2.666666666682431241e-01,-6.333333333332120674e+00,2.333333333333939663e+00,-3.133333333333212067e+00,-3.333333333339396631e-01,2.199999999998908606e+00,-2.866666666666787933e+00,-2.533333333332848269e+00,-2.466666666665332741e+00,-3.133333333336850046e+00,-1.466666666667151731e+00,-2.266666666666424135e+00,8.666666666667879326e-01,-8.666666666667879326e-01,3.466666666670789709e+00,-2.533333333334667259e+00,3.000000000000000000e+00,-1.533333333332848269e+00,2.400000000001455192e+00,-1.400000000001455192e+00,-3.133333333333212067e+00,6.666666666751552839e-02,-8.666666666667879326e-01,6.200000000000727596e+00,2.399999999997817213e+00,6.666666666660603369e-01,-2.200000000000727596e+00,-3.199999999998908606e+00,5.666666666664241347e+00,-3.866666666664968943e+00,1.400000000001455192e+00,-3.666666666667879326e+00,-1.666666666666060337e+00,-2.399999999999636202e+00,-2.666666666666060337e+00,3.333333333339396631e-01,2.066666666663877550e+00,5.999999999985448085e-01,1.333333333350310568e-01,6.666666666678793263e-01,-3.533333333332848269e+00,-6.000000000003637979e-01,-1.733333333333575865e+00,-6.066666666667515528e+00,-1.333333333332120674e-01,-3.133333333333212067e+00,1.466666666665332741e+00,-4.066666666663877550e+00,-2.333333333333939663e+00,1.466666666665332741e+00,-7.333333333335758653e-01,-4.533333333331029280e+00,-3.133333333335031057e+00,-7.799999999999272404e+00,-6.333333333333939663e+00,-6.000000000003637979e-01,-1.333333333313930780e-01,-3.333333333339396631e-01,-6.000000000000000000e+00,-3.333333333321206737e-01,-6.666666666569653898e-02,-2.200000000000727596e+00,4.266666666664605145e+00,6.000000000003637979e-01,5.333333333328482695e-01,-7.333333333335758653e+00,2.000000000007275958e-01,-7.999999999992724042e-01,9.333333333343034610e-01,-1.818989403545856476e-12,-6.666666666642413475e-01,-3.600000000000363798e+00,1.066666666665696539e+00,4.266666666668243124e+00,-3.400000000001455192e+00,-2.333333333332120674e+00,3.466666666665332741e+00,-2.333333333333939663e+00,-1.933333333332484472e+00,-4.933333333332484472e+00,1.600000000000363798e+00,-1.600000000000363798e+00,2.200000000000727596e+00,-1.466666666665332741e+00,1.399999999997817213e+00,6.666666666751552839e-02,1.466666666663513752e+00,6.666666666933451779e-02,-2.266666666668243124e+00,-3.599999999998544808e+00,-1.933333333334303461e+00,-5.866666666668606922e+00,-3.866666666664968943e+00,6.666666666678793263e-01,-2.666666666664241347e-01,1.066666666667515528e+00,-3.333333333335758653e+00,-1.999999999989086064e-01,5.600000000000363798e+00,-1.533333333336486248e+00,-3.199999999997089617e+00,-2.266666666666424135e+00,-4.266666666666424135e+00,-6.666666666933451779e-02,4.399999999999636202e+00,8.000000000010913936e-01,1.266666666666424135e+00,-3.333333333332120674e+00,-6.333333333333939663e+00,-6.666666666642413475e-01,-2.933333333334303461e+00,-2.666666666664241347e-01,-1.600000000000363798e+00,-8.266666666670062114e+00,-2.666666666664241347e+00,-1.733333333331756876e+00,-2.666666666682431241e-01,1.866666666666787933e+00,-4.666666666671517305e-01,-6.666666666569653898e-02,-1.533333333332848269e+00,-3.333333333332120674e+00,5.333333333328482695e-01,4.533333333331029280e+00,1.533333333334667259e+00,1.533333333332848269e+00,3.999999999978172127e-01,-3.599999999998544808e+00,2.333333333333939663e+00,1.533333333332848269e+00,-1.733333333333575865e+00,-5.199999999998908606e+00,-6.466666666667151731e+00,-2.533333333332848269e+00,-1.200000000000727596e+00,-2.733333333331756876e+00,2.399999999999636202e+00,-1.066666666669334518e+00,-2.333333333332120674e+00,-5.600000000000363798e+00,2.133333333333212067e+00,1.533333333332848269e+00,-1.800000000001091394e+00,-1.866666666664968943e+00,-6.666666666387754958e-02,5.333333333332120674e+00,3.600000000000363798e+00,3.266666666668243124e+00,-2.466666666670789709e+00,-4.799999999997453415e+00,3.733333333333575865e+00,-5.533333333332848269e+00,3.333333333321206737e-01,-2.533333333334667259e+00,6.666666666933451779e-02,-6.266666666668243124e+00,-1.466666666665332741e+00,-3.866666666666787933e+00,-1.666666666666060337e+00,-4.666666666667879326e+00,-7.800000000002910383e+00,-3.333333333321206737e-01,-3.799999999999272404e+00,1.000000000000000000e+00,1.333333333332120674e+00,-2.000000000000000000e+00,2.400000000001455192e+00,-8.666666666667879326e-01,8.666666666667879326e-01,1.599999999998544808e+00,-2.666666666664241347e-01,-5.333333333333939663e+00,2.333333333335758653e+00,-1.200000000002546585e+00,5.266666666666424135e+00,4.666666666671517305e-01,-2.000000000000000000e+00,2.866666666666787933e+00,-1.133333333331393078e+00,-4.199999999998908606e+00,-2.200000000000727596e+00,1.933333333334303461e+00,1.666666666664241347e+00,-8.666666666649689432e-01,-3.000000000001818989e+00,2.533333333332848269e+00,4.666666666666060337e+00,3.000000000001818989e+00,-1.066666666667515528e+00,-2.800000000001091394e+00,-7.999999999992724042e-01,2.200000000002546585e+00,-6.000000000003637979e-01,-2.866666666668606922e+00,5.800000000001091394e+00,3.399999999997817213e+00,-4.066666666665696539e+00,-2.733333333331756876e+00,-6.666666666678793263e-01,-1.866666666666787933e+00,-3.466666666667151731e+00,-2.933333333332484472e+00,-1.533333333332848269e+00,1.533333333332848269e+00,1.333333333332120674e-01,2.000000000007275958e-01,-4.400000000001455192e+00,-2.866666666666787933e+00,-1.866666666666787933e+00,-3.133333333333212067e+00,-3.799999999999272404e+00,-1.666666666664241347e+00,5.333333333328482695e-01,-9.333333333343034610e-01,1.066666666665696539e+00,1.399999999999636202e+00,2.066666666667515528e+00,-3.066666666667515528e+00,-2.599999999998544808e+00,-4.333333333333939663e+00,-7.333333333335758653e-01,1.266666666668243124e+00,-4.666666666653327411e-01,5.066666666665696539e+00,9.999999999981810106e-01,2.000000000000000000e+00,-1.666666666667879326e+00,1.333333333333939663e+00
4.533333333332848269e+00,-7.400000000001455192e+00,2.000000000007275958e-01,-3.799999999999272404e+00,-1.333333333332120674e+00,-1.266666666666424135e+00,-9.333333333343034610e-01,2.666666666664241347e-01,9.333333333343034610e-01,-2.333333333333939663e+00,-1.799999999999272404e+00,-4.466666666667151731e+00,-1.666666666669698316e+00,-1.666666666666060337e+00,4.733333333333575865e+00,3.866666666666787933e+00,7.466666666665332741e+00,1.066666666666787933e+01,6.933333333334303461e+00,3.666666666666060337e+00,7.866666666668606922e+00,3.533333333331029280e+00,4.133333333335031057e+00,2.066666666667515528e+00,9.933333333330665482e+00,1.273333333333539485e+01,1.693333333333248447e+01,1.373333333333357587e+01,8.333333333333939663e+00,1.046666666666533274e+01,6.933333333334303461e+00,4.266666666666424135e+00,2.133333333333212067e+00,2.266666666666424135e+00,7.600000000000363798e+00,6.866666666666787933e+00,7.866666666666787933e+00,5.133333333331393078e+00,6.800000000001091394e+00,4.400000000001455192e+00,1.200000000000727596e+00,-5.533333333334667259e+00,1.533333333332848269e+00,4.266666666666424135e+00,-1.733333333331756876e+00,1.133333333331393078e+00,-1.933333333332484472e+00,-2.266666666666424135e+00,7.999999999992724042e-01,-5.266666666666424135e+00,-7.066666666665696539e+00,-3.866666666666787933e+00,-4.666666666669698316e+00,3.333333333332120674e+00,-2.933333333332484472e+00,-2.000000000000000000e+00,3.533333333332848269e+00,-6.933333333330665482e+00,-8.733333333335394855e+00,-1.466666666663513752e+00,-5.466666666667151731e+00,2.799999999997453415e+00,-5.399999999997817213e+00,5.333333333310292801e-01,5.333333333364862483e-01,9.333333333324844716e-01,1.666666666666060337e+00,-1.733333333331756876e+00,-1.039999999999963620e+01,-5.266666666668243124e+00,-4.799999999999272404e+00,-4.200000000000727596e+00,-3.799999999999272404e+00,3.599999999998544808e+00,-3.200000000000727596e+00,-3.200000000000727596e+00,-3.399999999999636202e+00,-1.333333333333939663e+00,-2.599999999996725819e+00,1.666666666666060337e+00,-7.733333333333575865e+00,-9.399999999999636202e+00,1.800000000001091394e+00,1.799999999997453415e+00,2.000000000000000000e+00,-1.866666666666787933e+00,0.000000000000000000e+00,-2.666666666666060337e+00,-3.933333333332484472e+00,-4.866666666666787933e+00,2.333333333333939663e+00,-4.599999999998544808e+00,5.999999999985448085e-01,-6.666666666660603369e-01,-3.800000000001091394e+00,2.933333333332484472e+00,2.266666666666424135e+00,2.666666666666060337e+00,2.466666666667151731e+00,-3.266666666666424135e+00,0.000000000000000000e+00,-5.333333333332120674e+00,4.866666666666787933e+00,-1.000000000000000000e+00,1.533333333334667259e+00,-2.000000000001818989e+00,3.200000000000727596e+00,-6.666666666678793263e-01,-1.333333333332120674e-01,-3.933333333332484472e+00,6.666666666660603369e-01,-2.800000000001091394e+00,-6.000000000001818989e+00,-2.799999999999272404e+00,-1.333333333332120674e-01,1.933333333334303461e+00,-1.266666666664605145e+00,-7.333333333335758653e-01,7.999999999992724042e-01,-1.666666666666060337e+00,-1.866666666668606922e+00,-6.066666666665696539e+00,-1.266666666668243124e+00,-3.466666666667151731e+00,2.400000000003274181e+00,-1.533333333334667259e+00,3.133333333333212067e+00,3.999999999996362021e-01,-1.600000000002182787e+00,-7.333333333335758653e-01,-2.733333333331756876e+00,1.133333333333212067e+00,-2.466666666667151731e+00,-3.933333333330665482e+00,-2.666666666666060337e+00,-1.866666666666787933e+00,-8.000000000010913936e-01,-4.599999999998544808e+00,-4.666666666671517305e-01,-8.000000000010913936e-01,-5.133333333331393078e+00,-8.000000000029103830e-01,-2.666666666666060337e+00,-1.600000000000363798e+00,-3.399999999999636202e+00,-3.066666666665696539e+00,-6.066666666665696539e+00,-4.066666666667515528e+00,-2.333333333333939663e+00,6.666666666642413475e-01,-8.666666666649689432e-01,-1.400000000001455192e+00,2.866666666668606922e+00,-1.266666666664605145e+00,-9.333333333343034610e-01,-4.666666666635137517e-01,-1.333333333350310568e-01,7.333333333335758653e-01,-3.066666666667515528e+00,-2.466666666667151731e+00,3.466666666665332741e+00,1.266666666666424135e+00,-1.133333333333212067e+00,8.666666666667879326e-01,-4.399999999999636202e+00,3.933333333334303461e+00,-1.933333333332484472e+00,-9.999999999981810106e-01,-5.333333333364862483e-01,-4.466666666665332741e+00,-3.200000000002546585e+00,-3.399999999999636202e+00,-1.133333333333212067e+00,-4.666666666653327411e-01,3.800000000001091394e+00,-7.533333333336486248e+00,3.200000000000727596e+00,2.066666666665696539e+00,-2.333333333333939663e+00,-5.333333333328482695e-01,-9.333333333332120674e+00,-1.000000000000000000e+00,-4.733333333331756876e+00,-1.199999999998908606e+00,7.333333333317568759e-01,4.000000000014551915e-01,-4.400000000001455192e+00,-2.133333333333212067e+00,-2.200000000000727596e+00,1.133333333335031057e+00,5.999999999985448085e-01,1.333333333313930780e-01,-4.666666666664241347e+00,2.933333333332484472e+00,3.200000000000727596e+00,1.733333333333575865e+00,-8.666666666667879326e-01,2.199999999998908606e+00,-4.466666666667151731e+00,2.333333333335758653e+00,-4.666666666689707199e-01,3.000000000003637979e+00,-1.266666666668243124e+00,3.333333333321206737e-01,-5.066666666665696539e+00,6.066666666665696539e+00,-4.333333333333939663e+00,5.000000000000000000e+00,-3.399999999999636202e+00,-3.000000000000000000e+00,1.399999999999636202e+00,4.666666666667879326e+00,-2.066666666667515528e+00,2.200000000000727596e+00,-1.799999999999272404e+00,-8.666666666667879326e-01,9.333333333324844716e-01,-2.066666666665696539e+00,-4.866666666666787933e+00,1.533333333332848269e+00,-4.533333333334667259e+00,7.999999999974534148e-01,-5.133333333333212067e+00,-5.333333333310292801e-01,3.333333333333939663e+00,-1.333333333332120674e+00,-3.200000000000727596e+00,7.999999999992724042e-01,-6.666666666569653898e-02,-4.866666666668606922e+00,3.333333333321206737e-01,-2.666666666664241347e+00,-1.333333333350310568e-01,5.399999999999636202e+00,-8.866666666664968943e+00,-4.066666666665696539e+00,-4.466666666667151731e+00,1.666666666666060337e+00,-8.666666666667879326e-01,-6.200000000002546585e+00,-6.666666666660603369e-01,-5.333333333328482695e-01,1.333333333332120674e-01,1.333333333335758653e+00,3.733333333333575865e+00,1.066666666667515528e+00,-3.333333333333939663e+00,-2.533333333334667259e+00,-7.999999999974534148e-01,3.199999999998908606e+00,7.333333333353948547e-01,2.666666666664241347e+00,-2.200000000000727596e+00,1.333333333333939663e+00,3.933333333332484472e+00,1.400000000001455192e+00,-2.000000000001818989e+00,-3.399999999999636202e+00,-3.399999999999636202e+00,-7.333333333335758653e-01,6.666666666751552839e-02,2.000000000000000000e+00,4.199999999998908606e+00,-2.800000000001091394e+00,2.199999999998908606e+00,-2.599999999994906830e+00,-2.533333333336486248e+00,-3.600000000000363798e+00,-6.333333333333939663e+00,-4.666666666664241347e+00,-1.333333333332120674e+00,0.000000000000000000e+00,1.199999999998908606e+00,-2.399999999999636202e+00,-2.733333333335394855e+00,-8.666666666667879326e-01,-4.799999999999272404e+00,-1.133333333335031057e+00,-4.799999999997453415e+00,-3.066666666667515528e+00,2.066666666665696539e+00,-1.333333333333939663e+00,-3.133333333333212067e+00,2.733333333333575865e+00,1.533333333332848269e+00,-3.066666666665696539e+00,3.999999999996362021e-01,-9.999999999981810106e-01,1.666666666666060337e+00,-7.333333333317568759e-01,-3.333333333332120674e+00,9.999999999981810106e-01,-3.933333333330665482e+00,8.333333333332120674e+00,-1.000000000001818989e+00,-2.399999999999636202e+00,1.333333333332120674e+00,2.999999999998181011e+00,1.066666666667515528e+00,-6.000000000003637979e-01,-6.666666666387754958e-02,-3.666666666667879326e+00,-5.399999999999636202e+00,-1.599999999996725819e+00,1.999999999998181011e+00,3.933333333332484472e+00,6.666666666751552839e-02,-4.000000000032741809e-01,-2.466666666665332741e+00,-1.199999999998908606e+00,2.800000000001091394e+00,-1.800000000001091394e+00,9.333333333343034610e-01,8.666666666667879326e-01
1.466666666667151731e+00,3.999999999996362021e-01,-2.133333333333212067e+00,0.000000000000000000e+00,-4.733333333333575865e+00,-2.133333333333212067e+00,7.199999999998908606e+00,-3.399999999997817213e+00,2.666666666646051453e-01,-1.999999999970896170e-01,-1.600000000000363798e+00,2.533333333332848269e+00,-1.066666666667515528e+00,-2.866666666666787933e+00,1.166666666666606034e+01,7.333333333332120674e+00,9.399999999999636202e+00,1.500000000000000000e+01,1.693333333333430346e+01,1.773333333333357587e+01,1.946666666666715173e+01,1.193333333333612245e+01,2.153333333333284827e+01,1.579999999999745341e+01,2.039999999999963620e+01,1.780000000000109139e+01,1.253333333333284827e+01,2.346666666666715173e+01,1.653333333333284827e+01,7.466666666667151731e+00,8.666666666666060337e+00,6.666666666667879326e+00,4.799999999999272404e+00,1.799999999999272404e+00,6.000000000003637979e-01,6.666666666660603369e-01,2.799999999999272404e+00,-1.466666666665332741e+00,1.733333333333575865e+00,-4.733333333333575865e+00,1.333333333335758653e+00,7.333333333299378864e-01,-3.399999999997817213e+00,-1.666666666666060337e+00,1.333333333332120674e-01,-6.666666666751552839e-02,-7.333333333335758653e-01,-4.333333333333939663e+00,9.333333333324844716e-01,-3.733333333333575865e+00,-1.866666666666787933e+00,-4.666666666671517305e-01,-9.333333333306654822e-01,-2.133333333333212067e+00,8.000000000010913936e-01,-4.533333333336486248e+00,-2.133333333333212067e+00,-2.999999999998181011e+00,-2.600000000000363798e+00,-3.600000000000363798e+00,-4.799999999997453415e+00,-4.000000000001818989e+00,-3.266666666666424135e+00,-5.000000000001818989e+00,3.000000000000000000e+00,-3.666666666666060337e+00,-5.733333333333575865e+00,-2.466666666667151731e+00,-2.533333333331029280e+00,-3.933333333334303461e+00,1.800000000001091394e+00,5.333333333310292801e-01,-2.666666666646051453e-01,-1.466666666668970720e+00,-3.266666666664605145e+00,8.666666666667879326e-01,-9.333333333343034610e-01,1.333333333332120674e-01,-1.733333333333575865e+00,-5.733333333333575865e+00,-3.799999999999272404e+00,2.666666666667879326e+00,-2.866666666668606922e+00,-2.600000000000363798e+00,-3.999999999996362021e-01,-4.666666666664241347e+00,-3.600000000000363798e+00,-7.133333333335031057e+00,-1.666666666666060337e+00,3.333333333339396631e-01,-3.000000000000000000e+00,-3.466666666667151731e+00,5.333333333328482695e-01,-2.599999999998544808e+00,-4.666666666671517305e-01,-1.066666666667515528e+00,-5.800000000001091394e+00,-6.666666666660603369e-01,-1.999999999989086064e-01,-9.333333333343034610e-01,-1.199999999998908606e+00,-7.333333333335758653e-01,1.533333333332848269e+00,-1.266666666664605145e+00,-1.133333333333212067e+00,-1.866666666668606922e+00,0.000000000000000000e+00,-3.000000000000000000e+00,-1.066666666667515528e+00,-1.666666666667879326e+00,-6.666666666569653898e-02,-4.333333333332120674e+00,-1.600000000000363798e+00,-2.066666666667515528e+00,-3.133333333333212067e+00,-6.533333333332848269e+00,-3.933333333334303461e+00,-1.733333333333575865e+00,-2.733333333331756876e+00,-4.600000000000363798e+00,1.533333333332848269e+00,-1.533333333331029280e+00,-8.000000000010913936e-01,-1.666666666666060337e+00,-1.600000000000363798e+00,-6.133333333331393078e+00,6.666666666660603369e-01,-1.200000000002546585e+00,-4.533333333332848269e+00,3.000000000000000000e+00,7.999999999992724042e-01,-2.666666666664241347e-01,-3.200000000000727596e+00,-9.999999999981810106e-01,-1.333333333333939663e+00,-3.466666666665332741e+00,-7.333333333335758653e-01,-4.800000000001091394e+00,-6.000000000003637979e-01,-3.266666666666424135e+00,2.999999999998181011e+00,-3.733333333333575865e+00,-4.333333333332120674e+00,-1.399999999999636202e+00,-5.266666666666424135e+00,6.000000000003637979e-01,-4.000000000001818989e+00,2.000000000007275958e-01,-2.133333333331393078e+00,-3.000000000001818989e+00,-2.399999999999636202e+00,-4.333333333333939663e+00,-1.599999999998544808e+00,-2.000000000000000000e+00,-2.200000000000727596e+00,-5.533333333334667259e+00,1.733333333335394855e+00,-2.666666666667879326e+00,-1.466666666665332741e+00,2.666666666646051453e-01,9.333333333343034610e-01,1.533333333336486248e+00,6.666666666660603369e-01,-1.666666666669698316e+00,-1.666666666664241347e+00,-1.866666666668606922e+00,5.333333333346672589e-01,1.999999999989086064e-01,-4.133333333333212067e+00,-2.000000000007275958e-01,-7.999999999992724042e-01,-3.933333333332484472e+00,1.733333333331756876e+00,5.333333333328482695e-01,-6.266666666666424135e+00,-8.066666666665696539e+00,-4.266666666668243124e+00,-3.066666666665696539e+00,-1.199999999998908606e+00,-2.600000000000363798e+00,-2.399999999999636202e+00,-1.000000000000000000e+00,8.000000000010913936e-01,-1.066666666669334518e+00,-3.333333333321206737e-01,2.399999999999636202e+00,-5.333333333328482695e-01,-1.000000000001818989e+00,-5.866666666666787933e+00,9.333333333361224504e-01,2.000000000000000000e+00,-3.266666666668243124e+00,-1.066666666665696539e+00,-3.000000000000000000e+00,2.533333333332848269e+00,2.666666666664241347e-01,-4.133333333333212067e+00,-7.333333333332120674e+00,3.399999999999636202e+00,-2.199999999998908606e+00,-4.800000000001091394e+00,-1.399999999999636202e+00,-1.333333333350310568e-01,3.666666666667879326e+00,8.666666666686069220e-01,-3.666666666667879326e+00,-1.466666666667151731e+00,-1.600000000002182787e+00,1.533333333334667259e+00,7.333333333335758653e-01,1.000000000000000000e+00,2.399999999997817213e+00,4.733333333335394855e+00,-5.933333333334303461e+00,3.333333333339396631e-01,-1.333333333332120674e+00,2.200000000000727596e+00,-3.933333333334303461e+00,-1.266666666668243124e+00,-3.599999999998544808e+00,1.000000000000000000e+00,2.666666666666060337e+00,-3.999999999996362021e-01,-3.133333333333212067e+00,-3.399999999997817213e+00,-2.333333333335758653e+00,-3.866666666666787933e+00,-4.866666666664968943e+00,1.333333333313930780e-01,-2.199999999998908606e+00,1.733333333333575865e+00,-2.000000000000000000e+00,2.666666666666060337e+00,-1.333333333332120674e+00,3.199999999998908606e+00,2.266666666666424135e+00,-1.066666666667515528e+00,4.000000000014551915e-01,1.266666666664605145e+00,8.666666666686069220e-01,7.333333333317568759e-01,-6.666666666569653898e-02,5.333333333328482695e-01,3.333333333333939663e+00,1.066666666667515528e+00,6.666666666387754958e-02,-2.666666666646051453e-01,-4.000000000000000000e+00,4.666666666653327411e-01,-4.533333333334667259e+00,-5.999999999998181011e+00,1.933333333334303461e+00,7.999999999992724042e-01,-1.400000000001455192e+00,-1.466666666665332741e+00,-2.666666666666060337e+00,1.600000000000363798e+00,-6.666666666751552839e-02,-4.399999999999636202e+00,-6.000000000000000000e+00,-3.466666666667151731e+00,-3.533333333334667259e+00,1.399999999999636202e+00,-3.866666666664968943e+00,4.666666666671517305e-01,4.866666666668606922e+00,-1.266666666666424135e+00,-2.066666666667515528e+00,1.733333333331756876e+00,-1.666666666666060337e+00,-2.600000000000363798e+00,-1.999999999998181011e+00,-2.200000000002546585e+00,-1.733333333333575865e+00,4.733333333333575865e+00,3.533333333332848269e+00,1.333333333350310568e-01,-2.000000000007275958e-01,3.466666666667151731e+00,3.399999999999636202e+00,-3.266666666666424135e+00,-6.000000000021827873e-01,-2.066666666665696539e+00,-3.933333333334303461e+00,-6.666666666660603369e-01,-1.200000000000727596e+00,-2.333333333330301684e+00,3.466666666667151731e+00,2.466666666665332741e+00,-1.333333333332120674e+00,-3.533333333332848269e+00,-4.066666666667515528e+00,2.199999999998908606e+00,-4.933333333332484472e+00,-6.333333333333939663e+00,-2.399999999999636202e+00,-1.133333333333212067e+00,-2.333333333333939663e+00,1.200000000000727596e+00,5.333333333346672589e-01,6.666666666569653898e-02,-6.666666666751552839e-02,-1.866666666666787933e+00,-4.333333333333939663e+00,-1.066666666665696539e+00,-1.466666666665332741e+00,5.533333333329210291e+00,-4.999999999998181011e+00,2.799999999999272404e+00,-1.999999999989086064e-01,1.333333333313930780e-01,-4.066666666665696539e+00,2.600000000000363798e+00,-7.999999999974534148e-01
2.600000000000363798e+00,-4.866666666666787933e+00,-2.666666666667879326e+00,1.933333333334303461e+00,-9.333333333324844716e-01,4.266666666666424135e+00,2.200000000000727596e+00,7.999999999992724042e-01,1.266666666666424135e+00,-3.866666666668606922e+00,-4.733333333333575865e+00,-2.266666666666424135e+00,-8.666666666649689432e-01,0.000000000000000000e+00,1.566666666666606034e+01,1.260000000000036380e+01,1.826666666666642413e+01,2.320000000000072760e+01,2.133333333333212067e+01,2.186666666666496894e+01,2.200000000000363798e+01,2.093333333333248447e+01,2.040000000000145519e+01,2.459999999999672582e+01,2.493333333333612245e+01,2.453333333333102928e+01,2.786666666666678793e+01,2.340000000000145519e+01,1.893333333333248447e+01,9.866666666666787933e+00,9.600000000000363798e+00,-2.066666666667515528e+00,1.333333333332120674e-01,-2.266666666664605145e+00,-4.000000000014551915e-01,-3.866666666666787933e+00,-4.333333333333939663e+00,-3.066666666667515528e+00,-1.399999999999636202e+00,-2.799999999999272404e+00,4.000000000014551915e-01,-2.666666666666060337e+00,-3.200000000000727596e+00,-3.999999999996362021e-01,-8.200000000004365575e+00,-3.933333333332484472e+00,5.466666666665332741e+00,6.000000000040017767e-01,-2.466666666667151731e+00,-7.333333333333939663e+00,1.666666666667879326e+00,4.666666666671517305e-01,2.066666666667515528e+00,-1.466666666667151731e+00,-1.133333333335031057e+00,-2.133333333331393078e+00,-5.000000000000000000e+00,-9.333333333343034610e-01,-2.000000000000000000e+00,3.533333333332848269e+00,-5.599999999998544808e+00,-3.533333333332848269e+00,-7.066666666667515528e+00,-3.866666666668606922e+00,7.999999999992724042e-01,-3.400000000001455192e+00,-2.866666666664968943e+00,-6.333333333332120674e+00,-4.266666666666424135e+00,-5.000000000000000000e+00,-4.933333333334303461e+00,-2.533333333334667259e+00,-3.399999999997817213e+00,-2.933333333334303461e+00,-5.066666666667515528e+00,-5.866666666664968943e+00,-8.133333333333212067e+00,-1.333333333332120674e+00,-3.333333333357586525e-01,-3.333333333339396631e-01,-4.466666666667151731e+00,2.666666666664241347e-01,1.866666666668606922e+00,-3.666666666666060337e+00,-3.600000000000363798e+00,2.399999999999636202e+00,-3.466666666665332741e+00,-5.066666666667515528e+00,-4.199999999998908606e+00,1.399999999999636202e+00,2.600000000000363798e+00,5.333333333328482695e-01,-1.000000000000000000e+00,-3.600000000000363798e+00,-2.933333333334303461e+00,-3.133333333333212067e+00,-5.866666666666787933e+00,-1.399999999999636202e+00,-1.933333333332484472e+00,1.400000000001455192e+00,-2.533333333334667259e+00,1.000000000003637979e+00,3.133333333329574089e+00,1.999999999989086064e-01,-5.199999999998908606e+00,-3.000000000000000000e+00,3.933333333332484472e+00,5.333333333346672589e-01,6.799999999999272404e+00,5.066666666665696539e+00,7.666666666667879326e+00,5.733333333331756876e+00,3.933333333332484472e+00,-6.666666666660603369e-01,3.066666666669334518e+00,1.066666666665696539e+00,-2.266666666666424135e+00,3.866666666664968943e+00,4.066666666667515528e+00,-5.333333333346672589e-01,4.200000000000727596e+00,-2.066666666667515528e+00,-2.666666666666060337e+00,-5.000000000000000000e+00,-6.066666666667515528e+00,-4.599999999998544808e+00,2.000000000007275958e-01,-5.000000000000000000e+00,4.666666666653327411e-01,-6.133333333333212067e+00,-3.399999999999636202e+00,2.200000000000727596e+00,-3.733333333335394855e+00,-2.999999999998181011e+00,8.000000000010913936e-01,-3.666666666667879326e+00,-4.666666666671517305e-01,1.933333333334303461e+00,1.133333333333212067e+00,-1.333333333313930780e-01,6.666666666387754958e-02,-4.866666666666787933e+00,-4.266666666666424135e+00,-1.066666666665696539e+00,1.266666666666424135e+00,-4.399999999999636202e+00,-4.000000000000000000e+00,-1.733333333335394855e+00,-2.666666666664241347e+00,-3.133333333333212067e+00,-5.666666666667879326e+00,-6.333333333332120674e+00,-2.333333333337577642e+00,-4.999999999998181011e+00,-5.666666666667879326e+00,-5.066666666663877550e+00,-4.000000000001818989e+00,-1.399999999995998223e+00,-2.400000000001455192e+00,-1.466666666667151731e+00,6.666666666660603369e-01,-1.266666666668243124e+00,-3.933333333330665482e+00,-3.200000000000727596e+00,-2.333333333332120674e+00,-1.818989403545856476e-12,1.133333333333212067e+00,-3.866666666664968943e+00,-4.066666666667515528e+00,-1.533333333334667259e+00,-1.999999999998181011e+00,-3.333333333357586525e-01,-1.333333333313930780e-01,-3.266666666666424135e+00,-9.599999999998544808e+00,-5.466666666667151731e+00,-2.933333333334303461e+00,-4.133333333335031057e+00,-2.466666666667151731e+00,-1.533333333332848269e+00,2.000000000000000000e+00,1.818989403545856476e-12,-6.399999999999636202e+00,-1.333333333335758653e+00,-6.666666666642413475e-01,-1.000000000000000000e+00,-7.333333333353948547e-01,-6.133333333331393078e+00,-1.933333333334303461e+00,9.333333333343034610e-01,3.799999999999272404e+00,-6.666666666660603369e-01,-1.399999999999636202e+00,-2.466666666665332741e+00,-1.266666666666424135e+00,-5.333333333335758653e+00,-5.600000000000363798e+00,1.399999999999636202e+00,1.333333333332120674e-01,-4.333333333333939663e+00,-4.333333333332120674e+00,-6.866666666668606922e+00,2.533333333334667259e+00,-6.000000000003637979e-01,-2.600000000002182787e+00,-5.599999999998544808e+00,-3.133333333331393078e+00,3.999999999996362021e-01,-2.866666666666787933e+00,1.666666666667879326e+00,-2.466666666667151731e+00,4.933333333332484472e+00,-6.533333333332848269e+00,-2.200000000000727596e+00,1.000000000000000000e+00,-2.666666666664241347e-01,-4.000000000014551915e-01,-1.333333333332120674e-01,-4.599999999998544808e+00,6.666666666751552839e-02,3.333333333303016843e-01,4.666666666667879326e+00,-5.799999999999272404e+00,1.333333333368500462e-01,-5.266666666668243124e+00,2.666666666664241347e-01,-6.866666666668606922e+00,7.933333333332484472e+00,-2.599999999998544808e+00,-3.133333333335031057e+00,1.533333333332848269e+00,5.333333333346672589e-01,-6.533333333332848269e+00,2.666666666682431241e-01,-4.199999999998908606e+00,-4.000000000014551915e-01,-6.666666666667879326e+00,-2.199999999998908606e+00,-1.066666666669334518e+00,-4.799999999997453415e+00,-2.666666666669698316e+00,-3.599999999998544808e+00,-4.866666666666787933e+00,-2.133333333333212067e+00,-6.666666666569653898e-02,-3.733333333333575865e+00,-1.066666666665696539e+00,1.933333333332484472e+00,-3.333333333339396631e-01,5.333333333346672589e-01,-1.933333333334303461e+00,-6.600000000000363798e+00,7.999999999992724042e-01,-2.799999999999272404e+00,5.466666666667151731e+00,-2.800000000001091394e+00,5.333333333346672589e-01,-2.466666666665332741e+00,5.333333333328482695e-01,-4.200000000000727596e+00,-2.600000000000363798e+00,-5.066666666667515528e+00,-4.399999999999636202e+00,-1.066666666669334518e+00,8.666666666667879326e-01,-9.333333333324844716e-01,4.133333333333212067e+00,1.666666666669698316e+00,1.133333333333212067e+00,-2.933333333332484472e+00,9.333333333343034610e-01,-6.666666666751552839e-02,-3.666666666667879326e+00,-3.266666666666424135e+00,1.600000000000363798e+00,3.066666666667515528e+00,-8.000000000010913936e-01,-2.399999999999636202e+00,-3.866666666664968943e+00,-1.800000000002910383e+00,-1.866666666664968943e+00,-3.000000000001818989e+00,-8.666666666649689432e-01,-2.733333333335394855e+00,-5.933333333332484472e+00,-2.200000000000727596e+00,-4.133333333333212067e+00,2.866666666664968943e+00,-1.533333333331029280e+00,-2.066666666665696539e+00,-4.266666666666424135e+00,-1.200000000002546585e+00,6.000000000021827873e-01,2.000000000000000000e+00,1.066666666665696539e+00,-3.399999999999636202e+00,2.666666666682431241e-01,-3.866666666668606922e+00,-7.999999999992724042e-01,3.733333333331756876e+00,-1.933333333332484472e+00,2.266666666668243124e+00,-3.666666666667879326e+00,1.333333333332120674e+00,1.466666666667151731e+00,3.333333333321206737e-01,3.200000000000727596e+00,-3.933333333332484472e+00,-2.000000000000000000e+00,-2.333333333332120674e+00,-2.000000000025465852e-01,1.666666666667879326e+00,3.733333333333575865e+00,-5.066666666665696539e+00
6.666666666678793263e-01,3.733333333335394855e+00,6.666666666660603369e-01,2.066666666667515528e+00,-2.933333333332484472e+00,-4.600000000002182787e+00,-6.666666666569653898e-02,2.666666666646051453e-01,-6.666666666642413475e-01,-4.666666666666060337e+00,-3.200000000000727596e+00,-6.666666666751552839e-02,-3.333333333333939663e+00,6.400000000001455192e+00,8.666666666666060337e+00,1.006666666666569654e+01,1.133333333333393966e+01,1.159999999999854481e+01,1.066666666666787933e+01,1.113333333333321207e+01,1.660000000000036380e+01,1.253333333333284827e+01,7.599999999998544808e+00,1.019999999999890861e+01,1.313333333333685005e+01,1.253333333333466726e+01,1.273333333333175688e+01,1.573333333333357587e+01,1.139999999999963620e+01,6.333333333332120674e+00,2.666666666682431241e-01,-5.600000000002182787e+00,-9.333333333324844716e-01,-6.666666666642413475e-01,-6.666666666642413475e-01,-2.466666666668970720e+00,1.333333333313930780e-01,3.733333333331756876e+00,-4.666666666671517305e-01,1.800000000001091394e+00,-2.199999999998908606e+00,-3.666666666666060337e+00,-3.666666666667879326e+00,-7.599999999998544808e+00,-1.266666666668243124e+00,-3.599999999998544808e+00,7.999999999992724042e-01,-3.399999999999636202e+00,-6.533333333334667259e+00,-2.066666666667515528e+00,-7.866666666666787933e+00,-2.533333333329210291e+00,-5.400000000003274181e+00,-6.066666666665696539e+00,-2.799999999999272404e+00,2.399999999999636202e+00,-1.466666666665332741e+00,-5.666666666667879326e+00,5.333333333328482695e-01,-7.733333333335394855e+00,-2.600000000000363798e+00,-2.399999999997817213e+00,-2.066666666667515528e+00,2.200000000000727596e+00,-2.666666666662422358e+00,3.399999999997817213e+00,-1.799999999999272404e+00,-8.666666666667879326e-01,9.333333333324844716e-01,-2.266666666668243124e+00,-1.799999999999272404e+00,5.999999999985448085e-01,1.400000000003274181e+00,-1.066666666665696539e+00,4.799999999997453415e+00,-3.333333333333939663e+00,3.866666666666787933e+00,2.533333333332848269e+00,-2.733333333331756876e+00,-1.866666666668606922e+00,-5.733333333333575865e+00,-3.866666666664968943e+00,2.933333333334303461e+00,-2.600000000000363798e+00,-8.000000000010913936e-01,-3.733333333331756876e+00,-1.200000000002546585e+00,-7.999999999992724042e-01,2.266666666666424135e+00,6.000000000003637979e-01,3.466666666668970720e+00,-1.600000000000363798e+00,2.866666666664968943e+00,1.399999999997817213e+00,6.000000000021827873e-01,2.066666666665696539e+00,2.866666666668606922e+00,-2.000000000000000000e+00,3.466666666667151731e+00,1.000000000000000000e+00,5.000000000000000000e+00,1.799999999997453415e+00,2.933333333334303461e+00,-2.600000000000363798e+00,2.266666666666424135e+00,1.066666666665696539e+00,2.000000000025465852e-01,-5.866666666668606922e+00,-9.333333333324844716e-01,2.000000000007275958e-01,-1.266666666666424135e+00,-1.200000000002546585e+00,1.733333333333575865e+00,-2.333333333332120674e+00,1.533333333331029280e+00,-3.399999999999636202e+00,-1.266666666664605145e+00,-2.000000000000000000e+00,1.533333333332848269e+00,-4.399999999997817213e+00,-8.666666666704259114e-01,-3.533333333331029280e+00,1.866666666666787933e+00,3.266666666666424135e+00,-1.666666666667879326e+00,-8.666666666649689432e-01,-2.333333333333939663e+00,-2.600000000000363798e+00,-1.866666666666787933e+00,-2.799999999999272404e+00,3.133333333335031057e+00,-5.199999999998908606e+00,7.999999999974534148e-01,-7.333333333335758653e-01,-5.666666666667879326e+00,1.733333333331756876e+00,-7.999999999992724042e-01,-8.666666666667879326e-01,-3.200000000000727596e+00,-1.733333333331756876e+00,4.666666666671517305e-01,2.599999999998544808e+00,-5.999999999985448085e-01,-1.999999999998181011e+00,-3.733333333333575865e+00,-4.133333333333212067e+00,7.999999999992724042e-01,-2.799999999999272404e+00,-4.533333333332848269e+00,5.266666666664605145e+00,-4.466666666667151731e+00,1.533333333332848269e+00,-3.000000000000000000e+00,5.333333333346672589e-01,-1.000000000001818989e+00,-3.333333333330301684e+00,-2.600000000002182787e+00,-4.533333333332848269e+00,2.533333333332848269e+00,6.000000000003637979e-01,-2.599999999998544808e+00,-6.000000000003637979e-01,-2.000000000007275958e-01,-2.133333333333212067e+00,-1.933333333332484472e+00,-3.466666666667151731e+00,-8.266666666666424135e+00,-3.066666666667515528e+00,-5.533333333334667259e+00,1.933333333334303461e+00,-6.000000000003637979e-01,-1.599999999996725819e+00,5.999999999985448085e-01,-3.799999999999272404e+00,1.133333333331393078e+00,2.666666666667879326e+00,-3.333333333333939663e+00,-3.399999999999636202e+00,4.933333333334303461e+00,-3.933333333334303461e+00,2.399999999999636202e+00,3.066666666665696539e+00,-2.199999999998908606e+00,-3.399999999999636202e+00,-5.000000000001818989e+00,8.666666666667879326e-01,-2.666666666666060337e+00,5.333333333346672589e-01,-2.466666666667151731e+00,-2.200000000000727596e+00,-3.999999999996362021e-01,-6.666666666751552839e-02,1.000000000000000000e+00,-5.399999999999636202e+00,-3.999999999996362021e-01,2.799999999997453415e+00,-5.199999999998908606e+00,-2.399999999999636202e+00,5.866666666666787933e+00,-1.066666666665696539e+00,6.666666666751552839e-02,6.666666666678793263e-01,-3.200000000000727596e+00,3.733333333333575865e+00,-3.400000000001455192e+00,-5.866666666666787933e+00,-3.333333333339396631e-01,-4.533333333332848269e+00,-4.266666666666424135e+00,5.999999999985448085e-01,-2.866666666666787933e+00,2.933333333336122450e+00,1.066666666663877550e+00,-6.866666666666787933e+00,3.266666666666424135e+00,-2.066666666663877550e+00,-2.400000000003274181e+00,-5.333333333310292801e-01,-4.799999999999272404e+00,3.133333333333212067e+00,6.666666666660603369e-01,-1.200000000000727596e+00,1.600000000000363798e+00,4.600000000000363798e+00,-4.333333333335758653e+00,-5.666666666666060337e+00,-3.399999999997817213e+00,1.800000000001091394e+00,-3.333333333321206737e-01,-4.933333333334303461e+00,-2.533333333336486248e+00,5.333333333328482695e-01,-3.933333333330665482e+00,3.399999999999636202e+00,-3.733333333335394855e+00,-1.533333333332848269e+00,-3.866666666666787933e+00,1.818989403545856476e-12,-1.799999999999272404e+00,-1.533333333332848269e+00,-1.533333333332848269e+00,0.000000000000000000e+00,-3.133333333333212067e+00,2.466666666665332741e+00,-7.333333333335758653e-01,8.000000000010913936e-01,-5.666666666669698316e+00,6.000000000021827873e-01,-4.466666666668970720e+00,-3.333333333339396631e-01,-3.399999999997817213e+00,1.400000000001455192e+00,-3.266666666668243124e+00,-2.466666666667151731e+00,2.733333333333575865e+00,1.999999999989086064e-01,1.800000000002910383e+00,-2.400000000003274181e+00,-1.266666666664605145e+00,1.399999999999636202e+00,1.866666666666787933e+00,1.333333333335758653e+00,6.666666666642413475e-01,-7.333333333335758653e-01,-2.466666666667151731e+00,-7.999999999992724042e-01,4.666666666671517305e-01,-1.333333333333939663e+00,4.866666666668606922e+00,-4.000000000014551915e-01,4.666666666671517305e-01,-5.333333333346672589e-01,4.266666666666424135e+00,-3.000000000000000000e+00,-1.333333333332120674e+00,-1.133333333335031057e+00,4.133333333335031057e+00,-2.000000000007275958e-01,4.666666666671517305e-01,-8.666666666667879326e-01,8.666666666649689432e-01,-4.133333333331393078e+00,-2.333333333333939663e+00,-7.533333333332848269e+00,-5.600000000000363798e+00,-1.399999999999636202e+00,-2.000000000000000000e+00,-1.020000000000072760e+01,1.200000000002546585e+00,-1.866666666668606922e+00,-6.333333333333939663e+00,-2.866666666666787933e+00,-2.999999999998181011e+00,1.399999999999636202e+00,2.666666666664241347e+00,4.666666666671517305e-01,2.266666666666424135e+00,-1.000000000000000000e+00,2.533333333336486248e+00,2.199999999998908606e+00,1.999999999989086064e-01,-3.200000000000727596e+00,7.800000000001091394e+00,-2.000000000000000000e+00,2.133333333333212067e+00,-5.333333333328482695e-01,6.666666666660603369e-01,-2.866666666666787933e+00,-4.333333333333939663e+00,-4.933333333332484472e+00,-6.666666666751552839e-02,2.533333333336486248e+00,3.799999999997453415e+00,-5.200000000000727596e+00
-2.666666666664241347e-01,-2.133333333333212067e+00,-4.666666666669698316e+00,3.333333333332120674e+00,-1.200000000002546585e+00,-3.199999999997089617e+00,1.333333333335758653e+00,7.466666666667151731e+00,-1.800000000002910383e+00,3.666666666666060337e+00,1.533333333336486248e+00,-8.000000000010913936e-01,1.066666666665696539e+00,-2.933333333334303461e+00,9.866666666668606922e+00,1.286666666666678793e+01,1.246666666666533274e+01,1.920000000000072760e+01,2.133333333333212067e+01,2.666666666666606034e+01,3.246666666666715173e+01,2.653333333333648625e+01,2.946666666666351375e+01,3.293333333333430346e+01,3.113333333333503106e+01,3.593333333333248447e+01,3.639999999999781721e+01,2.760000000000036380e+01,3.360000000000218279e+01,2.086666666666678793e+01,2.033333333333393966e+01,1.753333333333102928e+01,1.366666666666606034e+01,4.266666666666424135e+00,1.933333333334303461e+00,-8.666666666667879326e-01,-3.999999999996362021e-01,-2.666666666664241347e-01,-7.133333333333212067e+00,-6.933333333334303461e+00,-7.600000000000363798e+00,-7.666666666666060337e+00,-6.533333333332848269e+00,-2.866666666666787933e+00,-5.866666666664968943e+00,-1.046666666666715173e+01,-8.533333333334667259e+00,-6.399999999999636202e+00,-1.033333333333212067e+01,-8.666666666666060337e+00,-8.733333333333575865e+00,-8.666666666666060337e+00,-4.866666666668606922e+00,-3.333333333333939663e+00,-5.466666666665332741e+00,-7.066666666665696539e+00,-4.866666666668606922e+00,-4.066666666665696539e+00,-7.133333333335031057e+00,-9.466666666665332741e+00,-2.133333333333212067e+00,-1.533333333334667259e+00,-3.466666666667151731e+00,2.666666666664241347e-01,2.000000000001818989e+00,-1.666666666666060337e+00,-3.333333333339396631e-01,-6.200000000000727596e+00,-1.933333333332484472e+00,1.999999999989086064e-01,-3.533333333332848269e+00,-1.333333333333939663e+00,3.333333333339396631e-01,-2.000000000000000000e+00,4.000000000000000000e+00,-2.666666666666060337e+00,-1.133333333335031057e+00,-2.533333333332848269e+00,-2.399999999997817213e+00,-4.266666666668243124e+00,-1.066666666667515528e+00,-5.399999999997817213e+00,1.933333333332484472e+00,-4.333333333333939663e+00,-6.000000000000000000e+00,-9.333333333343034610e-01,-3.933333333332484472e+00,-6.066666666665696539e+00,-7.999999999992724042e-01,5.333333333310292801e-01,-2.133333333331393078e+00,-6.666666666678793263e-01,3.600000000000363798e+00,1.333333333350310568e-01,1.999999999996362021e+00,1.533333333334667259e+00,-3.999999999996362021e-01,-4.733333333331756876e+00,-1.933333333334303461e+00,-1.199999999998908606e+00,2.666666666662422358e+00,7.999999999992724042e-01,4.800000000001091394e+00,-5.599999999998544808e+00,-2.799999999999272404e+00,6.000000000021827873e-01,1.000000000000000000e+00,-3.866666666666787933e+00,-7.333333333335758653e-01,-3.933333333332484472e+00,-1.333333333335758653e+00,-5.999999999985448085e-01,-4.666666666653327411e-01,6.666666666569653898e-02,1.666666666664241347e+00,-5.466666666665332741e+00,-3.333333333332120674e+00,-7.066666666669334518e+00,2.666666666682431241e-01,-8.000000000010913936e-01,-4.133333333333212067e+00,-6.333333333333939663e+00,-1.999999999998181011e+00,-7.399999999999636202e+00,-2.666666666667879326e+00,-8.466666666665332741e+00,-5.533333333332848269e+00,-2.733333333333575865e+00,-4.466666666667151731e+00,-1.733333333333575865e+00,-2.200000000000727596e+00,-1.666666666667879326e+00,-8.666666666686069220e-01,-1.999999999996362021e+00,-5.466666666667151731e+00,-3.999999999996362021e-01,-2.666666666682431241e-01,-4.399999999999636202e+00,4.533333333332848269e+00,-7.666666666666060337e+00,-6.666666666751552839e-02,8.666666666649689432e-01,-6.399999999997817213e+00,-1.000000000000000000e+00,-3.000000000000000000e+00,-5.466666666667151731e+00,-5.199999999998908606e+00,2.000000000007275958e-01,-1.733333333333575865e+00,2.399999999999636202e+00,6.666666666751552839e-02,-7.333333333335758653e-01,-8.000000000010913936e-01,-7.933333333334303461e+00,-1.199999999998908606e+00,-1.799999999999272404e+00,-1.600000000000363798e+00,3.600000000000363798e+00,-2.199999999998908606e+00,-1.266666666666424135e+00,-4.000000000014551915e-01,-2.266666666664605145e+00,-4.600000000000363798e+00,-2.333333333333939663e+00,-6.933333333336122450e+00,-7.000000000000000000e+00,-5.266666666666424135e+00,-5.000000000000000000e+00,-1.333333333332120674e+00,2.133333333333212067e+00,-3.799999999999272404e+00,-8.666666666667879326e-01,-6.866666666666787933e+00,-1.000000000000000000e+00,-3.133333333333212067e+00,1.400000000001455192e+00,3.066666666663877550e+00,-2.133333333333212067e+00,-1.799999999999272404e+00,4.000000000014551915e-01,-1.200000000000727596e+00,3.999999999978172127e-01,0.000000000000000000e+00,1.399999999999636202e+00,-4.733333333333575865e+00,-4.533333333332848269e+00,-1.066666666665696539e+00,-2.266666666666424135e+00,-2.066666666667515528e+00,-4.333333333333939663e+00,-2.333333333332120674e+00,-2.600000000000363798e+00,-2.000000000007275958e-01,-1.666666666666060337e+00,1.533333333332848269e+00,6.666666666696983157e-01,-2.266666666666424135e+00,-3.800000000001091394e+00,-6.399999999999636202e+00,1.066666666669334518e+00,5.466666666665332741e+00,-2.466666666665332741e+00,3.333333333332120674e+00,-1.600000000004001777e+00,-6.666666666569653898e-02,1.866666666666787933e+00,-8.066666666663877550e+00,-3.600000000000363798e+00,-3.133333333335031057e+00,-3.200000000000727596e+00,-9.333333333324844716e-01,-4.933333333336122450e+00,8.666666666686069220e-01,4.666666666666060337e+00,-2.799999999999272404e+00,-2.466666666667151731e+00,-7.999999999992724042e-01,-1.066666666665696539e+00,-1.333333333350310568e-01,-1.666666666666060337e+00,-2.800000000002910383e+00,5.200000000000727596e+00,5.999999999985448085e-01,-3.000000000000000000e+00,-1.000000000000000000e+00,-2.999999999998181011e+00,3.000000000001818989e+00,-2.066666666667515528e+00,-4.666666666666060337e+00,8.666666666667879326e-01,-5.333333333310292801e-01,-8.000000000010913936e-01,-3.666666666664241347e+00,-1.666666666667879326e+00,-2.333333333332120674e+00,-4.733333333335394855e+00,-3.333333333333939663e+00,-2.066666666667515528e+00,1.466666666665332741e+00,-2.866666666666787933e+00,-7.999999999992724042e-01,-2.466666666665332741e+00,6.000000000003637979e-01,2.466666666665332741e+00,-1.199999999998908606e+00,-3.066666666667515528e+00,-3.533333333334667259e+00,-2.533333333334667259e+00,-3.933333333330665482e+00,2.666666666664241347e-01,-9.999999999981810106e-01,-1.600000000000363798e+00,-3.000000000001818989e+00,-1.000000000000000000e+00,-3.866666666666787933e+00,7.999999999992724042e-01,-7.333333333317568759e-01,-3.400000000001455192e+00,-2.733333333329937886e+00,-3.733333333333575865e+00,1.133333333333212067e+00,-1.933333333334303461e+00,-1.266666666668243124e+00,-1.200000000000727596e+00,-3.066666666665696539e+00,-5.333333333328482695e-01,-1.333333333332120674e-01,3.266666666666424135e+00,-5.600000000000363798e+00,5.999999999985448085e-01,-3.066666666665696539e+00,3.600000000000363798e+00,1.200000000000727596e+00,-2.466666666667151731e+00,-2.266666666668243124e+00,3.333333333339396631e-01,-8.666666666667879326e-01,2.000000000025465852e-01,4.933333333332484472e+00,-1.133333333333212067e+00,-2.400000000001455192e+00,4.000000000014551915e-01,-2.333333333333939663e+00,5.733333333331756876e+00,-3.000000000000000000e+00,2.400000000001455192e+00,-7.799999999999272404e+00,-2.666666666664241347e-01,2.933333333332484472e+00,4.333333333332120674e+00,-3.200000000000727596e+00,-2.199999999998908606e+00,6.666666666660603369e-01,-4.333333333332120674e+00,2.733333333333575865e+00,-6.666666666642413475e-01,-4.333333333335758653e+00,-2.866666666668606922e+00,-1.000000000000000000e+00,1.266666666666424135e+00,-5.199999999998908606e+00,-6.666666666660603369e-01,-2.666666666666060337e+00,-6.399999999999636202e+00,-6.399999999999636202e+00,-1.133333333333212067e+00,1.799999999999272404e+00,-9.333333333324844716e-01,-3.333333333333939663e+00,-7.600000000000363798e+00,-2.533333333334667259e+00,1.266666666668243124e+00,-1.666666666666060337e+00,-5.266666666668243124e+00
3.133333333333212067e+00,-1.600000000000363798e+00,-4.200000000000727596e+00,-5.199999999998908606e+00,-2.666666666666060337e+00,-1.333333333332120674e-01,-2.333333333333939663e+00,1.733333333331756876e+00,2.133333333333212067e+00,-2.599999999996725819e+00,-8.000000000010913936e-01,-5.933333333332484472e+00,-1.933333333334303461e+00,2.666666666664241347e-01,4.333333333332120674e+00,4.133333333333212067e+00,3.466666666667151731e+00,4.466666666667151731e+00,7.933333333332484472e+00,8.866666666666787933e+00,4.799999999999272404e+00,5.000000000000000000e+00,6.933333333334303461e+00,7.799999999999272404e+00,4.533333333336486248e+00,9.466666666665332741e+00,1.333333333333212067e+01,1.000000000000181899e+01,7.666666666667879326e+00,2.133333333333212067e+00,6.866666666666787933e+00,3.666666666664241347e+00,6.533333333334667259e+00,7.599999999998544808e+00,-1.333333333332120674e+00,3.466666666667151731e+00,3.266666666666424135e+00,3.199999999998908606e+00,-4.666666666671517305e-01,3.799999999999272404e+00,1.000000000000000000e+00,-4.066666666667515528e+00,-6.666666666666060337e+00,3.266666666666424135e+00,-3.333333333321206737e-01,-4.533333333332848269e+00,2.600000000000363798e+00,-2.466666666665332741e+00,-2.533333333334667259e+00,2.000000000003637979e+00,-3.533333333334667259e+00,-2.400000000001455192e+00,-2.666666666666060337e+00,-3.200000000002546585e+00,-1.399999999999636202e+00,-2.133333333333212067e+00,-9.333333333324844716e-01,5.466666666665332741e+00,-1.599999999998544808e+00,-2.200000000000727596e+00,1.666666666666060337e+00,-7.399999999999636202e+00,-3.733333333331756876e+00,-1.933333333334303461e+00,-1.533333333332848269e+00,2.066666666665696539e+00,-1.066666666667515528e+00,-3.066666666665696539e+00,-6.666666666569653898e-02,-5.399999999999636202e+00,-4.666666666671517305e-01,-3.066666666667515528e+00,-4.866666666666787933e+00,-6.000000000003637979e-01,-1.266666666664605145e+00,-3.733333333335394855e+00,3.000000000001818989e+00,2.866666666666787933e+00,-2.666666666664241347e-01,-1.000000000001818989e+00,-5.666666666666060337e+00,-2.066666666667515528e+00,-2.000000000000000000e+00,-2.066666666665696539e+00,-1.600000000000363798e+00,2.000000000007275958e-01,2.599999999998544808e+00,1.266666666666424135e+00,-5.399999999999636202e+00,4.066666666665696539e+00,-4.133333333333212067e+00,1.866666666666787933e+00,-1.599999999998544808e+00,1.733333333333575865e+00,-1.000000000000000000e+00,1.733333333333575865e+00,1.066666666665696539e+00,3.066666666667515528e+00,3.333333333333939663e+00,5.333333333328482695e-01,-4.333333333333939663e+00,-3.000000000001818989e+00,6.666666666933451779e-02,3.399999999999636202e+00,-5.866666666666787933e+00,2.800000000001091394e+00,-3.600000000000363798e+00,-5.733333333333575865e+00,-5.933333333332484472e+00,1.066666666665696539e+00,-1.866666666666787933e+00,-1.599999999998544808e+00,-1.818989403545856476e-12,-1.000000000000000000e+00,-1.333333333332120674e-01,1.133333333333212067e+00,3.266666666664605145e+00,6.666666666751552839e-02,-2.933333333332484472e+00,1.399999999999636202e+00,-9.333333333343034610e-01,-1.266666666664605145e+00,4.466666666667151731e+00,-1.266666666666424135e+00,-3.866666666668606922e+00,2.266666666668243124e+00,-2.666666666667879326e+00,-4.133333333333212067e+00,-5.533333333332848269e+00,1.266666666666424135e+00,-2.733333333331756876e+00,-4.400000000001455192e+00,-3.333333333332120674e+00,-2.000000000000000000e+00,-1.933333333332484472e+00,-3.400000000001455192e+00,-2.866666666666787933e+00,-5.133333333333212067e+00,2.000000000007275958e-01,1.999999999989086064e-01,-1.800000000001091394e+00,4.666666666689707199e-01,1.999999999998181011e+00,-6.666666666660603369e-01,-1.400000000001455192e+00,6.000000000003637979e-01,-1.133333333335031057e+00,5.333333333346672589e-01,-1.333333333332120674e-01,-2.133333333331393078e+00,-1.266666666666424135e+00,1.866666666664968943e+00,1.866666666666787933e+00,-9.999999999981810106e-01,-6.333333333335758653e+00,-4.666666666666060337e+00,-1.399999999999636202e+00,-4.000000000000000000e+00,3.333333333339396631e-01,-2.466666666667151731e+00,-3.333333333332120674e+00,-3.133333333335031057e+00,9.333333333361224504e-01,-4.000000000014551915e-01,-2.733333333333575865e+00,4.466666666667151731e+00,3.933333333332484472e+00,1.199999999998908606e+00,-2.333333333333939663e+00,3.533333333334667259e+00,2.666666666646051453e-01,-2.399999999997817213e+00,1.200000000000727596e+00,-3.666666666666060337e+00,2.666666666667879326e+00,4.666666666664241347e+00,7.999999999992724042e-01,-3.733333333333575865e+00,-3.266666666666424135e+00,-2.666666666664241347e-01,-5.533333333332848269e+00,-9.000000000001818989e+00,-5.133333333333212067e+00,3.133333333333212067e+00,6.666666666678793263e-01,-2.266666666668243124e+00,1.266666666666424135e+00,-5.333333333310292801e-01,-1.866666666666787933e+00,-5.666666666667879326e+00,-1.999999999989086064e-01,-2.199999999998908606e+00,-1.466666666667151731e+00,1.333333333332120674e-01,-2.533333333332848269e+00,-1.866666666668606922e+00,6.666666666678793263e-01,9.333333333343034610e-01,-3.733333333333575865e+00,-5.866666666668606922e+00,6.666666666933451779e-02,-2.266666666668243124e+00,-1.466666666667151731e+00,4.533333333334667259e+00,-4.666666666671517305e-01,-5.399999999999636202e+00,1.799999999999272404e+00,-2.466666666667151731e+00,-1.466666666665332741e+00,4.599999999998544808e+00,8.666666666667879326e-01,-2.200000000000727596e+00,-4.666666666671517305e-01,1.600000000000363798e+00,1.533333333334667259e+00,-8.000000000010913936e-01,8.000000000010913936e-01,-8.666666666667879326e-01,-3.999999999998181011e+00,5.333333333328482695e-01,1.466666666667151731e+00,-1.600000000002182787e+00,5.333333333346672589e-01,3.199999999998908606e+00,-5.000000000001818989e+00,-6.666666666642413475e-01,6.666666666751552839e-02,-3.666666666667879326e+00,-1.999999999989086064e-01,3.999999999998181011e+00,3.400000000001455192e+00,6.666666666751552839e-02,-1.200000000000727596e+00,2.066666666665696539e+00,-1.733333333333575865e+00,-1.399999999999636202e+00,2.466666666667151731e+00,-2.199999999998908606e+00,-4.866666666668606922e+00,1.133333333335031057e+00,-1.066666666669334518e+00,1.800000000001091394e+00,2.666666666664241347e-01,3.333333333339396631e-01,-6.266666666666424135e+00,-3.466666666665332741e+00,-3.333333333339396631e-01,3.999999999978172127e-01,-1.333333333332120674e+00,2.799999999999272404e+00,-4.066666666665696539e+00,-2.800000000001091394e+00,1.466666666668970720e+00,1.866666666666787933e+00,1.466666666665332741e+00,1.133333333333212067e+00,4.733333333333575865e+00,7.999999999992724042e-01,-1.000000000001818989e+00,-3.466666666667151731e+00,1.200000000000727596e+00,-1.133333333331393078e+00,-4.333333333332120674e+00,-6.666666666569653898e-02,6.666666666660603369e-01,5.333333333310292801e-01,-2.666666666664241347e-01,1.866666666668606922e+00,-5.333333333346672589e-01,-1.000000000000000000e+00,-5.333333333328482695e-01,-5.600000000002182787e+00,-3.333333333321206737e-01,-3.400000000001455192e+00,6.866666666668606922e+00,-2.933333333332484472e+00,2.266666666666424135e+00,1.199999999998908606e+00,-3.399999999999636202e+00,-6.600000000000363798e+00,1.999999999998181011e+00,-3.999999999959982233e-01,-3.200000000000727596e+00,-4.666666666689707199e-01,1.533333333332848269e+00,-1.466666666663513752e+00,3.799999999999272404e+00,-1.666666666667879326e+00,2.333333333333939663e+00,-3.200000000000727596e+00,2.199999999998908606e+00,-4.866666666666787933e+00,2.666666666682431241e-01,3.399999999999636202e+00,4.066666666667515528e+00,-6.666666666678793263e-01,-2.866666666666787933e+00,-3.333333333339396631e-01,-2.199999999998908606e+00,-4.533333333332848269e+00,-2.333333333333939663e+00,-3.733333333331756876e+00,3.066666666667515528e+00,-3.333333333335758653e+00,3.066666666667515528e+00,-3.266666666668243124e+00,2.666666666682431241e-01,-3.400000000001455192e+00,-3.399999999999636202e+00,1.400000000001455192e+00,-7.333333333335758653e-01,2.133333333333212067e+00,2.133333333331393078e+00,-3.533333333334667259e+00
2.866666666668606922e+00,2.866666666666787933e+00,4.066666666667515528e+00,-3.133333333335031057e+00,-2.000000000007275958e-01,-6.533333333332848269e+00,1.399999999997817213e+00,-4.466666666667151731e+00,4.000000000001818989e+00,-3.399999999999636202e+00,2.666666666664241347e-01,1.399999999999636202e+00,1.999999999989086064e-01,7.400000000001455192e+00,1.159999999999854481e+01,1.546666666666533274e+01,1.800000000000000000e+01,1.673333333333357587e+01,2.020000000000072760e+01,1.566666666666787933e+01,2.853333333333284827e+01,1.960000000000036380e+01,1.966666666666606034e+01,1.940000000000145519e+01,2.293333333333430346e+01,1.993333333333430346e+01,2.039999999999963620e+01,1.933333333333393966e+01,1.800000000000000000e+01,9.799999999999272404e+00,4.599999999998544808e+00,3.466666666667151731e+00,1.000000000000000000e+00,-1.000000000000000000e+00,4.199999999998908606e+00,-4.199999999998908606e+00,-3.600000000000363798e+00,-4.733333333331756876e+00,-4.333333333333939663e+00,-2.933333333334303461e+00,-7.066666666665696539e+00,-4.066666666667515528e+00,-4.866666666666787933e+00,-9.933333333332484472e+00,-8.933333333334303461e+00,-7.466666666667151731e+00,-3.466666666667151731e+00,-6.533333333334667259e+00,-2.866666666664968943e+00,-6.933333333332484472e+00,-4.866666666666787933e+00,-6.199999999998908606e+00,-1.333333333333939663e+00,-2.799999999999272404e+00,-4.000000000001818989e+00,3.999999999996362021e-01,-4.199999999998908606e+00,-3.866666666666787933e+00,-1.399999999997817213e+00,1.133333333333212067e+00,-3.000000000003637979e+00,-7.533333333332848269e+00,-5.799999999997453415e+00,-1.733333333335394855e+00,-4.799999999999272404e+00,0.000000000000000000e+00,-4.666666666653327411e-01,-5.333333333310292801e-01,-5.800000000002910383e+00,-2.599999999998544808e+00,-2.933333333332484472e+00,-6.000000000021827873e-01,-2.866666666666787933e+00,3.933333333332484472e+00,-1.866666666666787933e+00,-4.066666666665696539e+00,5.333333333328482695e-01,-8.666666666649689432e-01,-2.733333333335394855e+00,6.666666666678793263e-01,-7.466666666668970720e+00,-1.266666666666424135e+00,-2.133333333331393078e+00,-1.999999999989086064e-01,-4.266666666668243124e+00,2.733333333333575865e+00,4.666666666653327411e-01,-3.999999999996362021e-01,-6.066666666665696539e+00,1.133333333335031057e+00,6.133333333331393078e+00,6.666666666751552839e-02,-1.333333333332120674e-01,-3.533333333334667259e+00,-4.666666666671517305e-01,5.333333333346672589e-01,1.466666666665332741e+00,-3.666666666667879326e+00,3.600000000000363798e+00,3.066666666667515528e+00,-2.999999999998181011e+00,-2.133333333335031057e+00,-1.266666666664605145e+00,7.999999999992724042e-01,-8.000000000010913936e-01,-4.266666666668243124e+00,1.000000000001818989e+00,1.999999999989086064e-01,1.466666666665332741e+00,4.000000000014551915e-01,1.799999999999272404e+00,-3.733333333329937886e+00,1.466666666663513752e+00,-1.533333333332848269e+00,-2.333333333332120674e+00,-2.333333333335758653e+00,2.066666666669334518e+00,1.799999999999272404e+00,2.666666666664241347e-01,-4.666666666666060337e+00,-9.333333333361224504e-01,-2.599999999998544808e+00,-1.199999999998908606e+00,-1.666666666666060337e+00,-6.666666666660603369e-01,-2.333333333333939663e+00,-7.999999999992724042e-01,-7.333333333335758653e-01,-3.866666666666787933e+00,-1.466666666668970720e+00,-1.399999999999636202e+00,-2.999999999998181011e+00,-8.666666666686069220e-01,-4.066666666665696539e+00,-2.266666666664605145e+00,3.866666666664968943e+00,-3.333333333333939663e+00,-2.466666666667151731e+00,-3.399999999997817213e+00,-2.466666666667151731e+00,-5.733333333335394855e+00,-3.600000000000363798e+00,-1.400000000001455192e+00,-1.399999999997817213e+00,-1.999999999989086064e-01,-2.666666666667879326e+00,-6.000000000000000000e+00,-4.199999999998908606e+00,5.333333333328482695e-01,-6.000000000003637979e-01,-9.466666666665332741e+00,-2.933333333334303461e+00,-6.666666666642413475e-01,2.666666666664241347e-01,-4.000000000000000000e+00,5.266666666666424135e+00,1.333333333332120674e+00,-3.333333333335758653e+00,1.000000000001818989e+00,-3.266666666666424135e+00,-1.266666666666424135e+00,1.600000000000363798e+00,-3.333333333333939663e+00,-5.799999999999272404e+00,-2.133333333333212067e+00,1.333333333332120674e-01,-2.399999999999636202e+00,-2.266666666666424135e+00,-1.066666666665696539e+00,-1.933333333336122450e+00,-5.666666666666060337e+00,-3.000000000000000000e+00,1.466666666665332741e+00,-4.799999999997453415e+00,-5.333333333364862483e-01,-7.333333333317568759e-01,-1.333333333333939663e+00,1.266666666666424135e+00,2.666666666667879326e+00,-2.399999999999636202e+00,-3.066666666667515528e+00,5.333333333346672589e-01,-2.666666666667879326e+00,-2.600000000000363798e+00,6.666666666569653898e-02,3.133333333335031057e+00,-4.666666666666060337e+00,-2.600000000000363798e+00,-9.999999999981810106e-01,-4.266666666668243124e+00,7.333333333317568759e-01,-3.266666666666424135e+00,-5.200000000002546585e+00,-2.533333333331029280e+00,1.933333333334303461e+00,8.666666666667879326e-01,2.333333333332120674e+00,1.066666666667515528e+00,-1.066666666665696539e+00,-4.466666666667151731e+00,-5.666666666666060337e+00,1.999999999989086064e-01,-4.866666666666787933e+00,-2.133333333333212067e+00,-1.000000000000000000e+00,-4.600000000000363798e+00,5.333333333310292801e-01,2.066666666667515528e+00,-2.733333333331756876e+00,-1.199999999998908606e+00,-1.466666666667151731e+00,-4.533333333334667259e+00,-1.399999999997817213e+00,-2.933333333334303461e+00,4.800000000001091394e+00,-1.066666666667515528e+00,1.000000000000000000e+00,1.933333333332484472e+00,2.866666666668606922e+00,1.799999999999272404e+00,4.666666666671517305e-01,-1.466666666665332741e+00,-3.933333333336122450e+00,6.666666666678793263e-01,-2.733333333333575865e+00,-6.000000000003637979e-01,-1.133333333333212067e+00,-2.600000000000363798e+00,-1.133333333333212067e+00,-6.200000000000727596e+00,1.399999999997817213e+00,1.866666666668606922e+00,-1.400000000001455192e+00,-7.066666666667515528e+00,-1.933333333328846493e+00,-2.133333333335031057e+00,2.733333333331756876e+00,2.933333333334303461e+00,-1.333333333332120674e-01,-3.266666666666424135e+00,-4.000000000014551915e-01,-2.066666666665696539e+00,-1.533333333332848269e+00,3.733333333333575865e+00,3.533333333332848269e+00,6.666666666660603369e-01,-9.733333333333575865e+00,-2.133333333333212067e+00,1.933333333334303461e+00,2.866666666664968943e+00,1.533333333334667259e+00,-5.133333333335031057e+00,-2.333333333332120674e+00,-4.666666666671517305e-01,6.666666666751552839e-02,-1.666666666666060337e+00,-2.200000000000727596e+00,2.266666666668243124e+00,-4.799999999999272404e+00,-4.333333333333939663e+00,-3.999999999996362021e-01,7.199999999998908606e+00,-4.533333333334667259e+00,6.666666666751552839e-02,-8.066666666667515528e+00,-3.866666666664968943e+00,-4.133333333333212067e+00,-1.199999999998908606e+00,-7.866666666668606922e+00,-1.133333333333212067e+00,3.999999999996362021e-01,3.799999999999272404e+00,-4.333333333332120674e+00,-1.066666666667515528e+00,-3.333333333332120674e+00,-4.466666666667151731e+00,-4.533333333331029280e+00,2.466666666665332741e+00,-2.200000000000727596e+00,1.933333333332484472e+00,6.666666666660603369e-01,-3.799999999999272404e+00,-2.066666666665696539e+00,5.466666666665332741e+00,2.399999999999636202e+00,2.800000000001091394e+00,-3.866666666666787933e+00,4.066666666667515528e+00,3.199999999998908606e+00,-2.666666666646051453e-01,-1.818989403545856476e-12,4.000000000014551915e-01,-1.000000000000000000e+00,-7.333333333335758653e-01,6.666666666933451779e-02,-7.333333333353948547e-01,4.466666666668970720e+00,-1.266666666668243124e+00,-2.600000000000363798e+00,-1.333333333350310568e-01,-5.666666666669698316e+00,3.333333333357586525e-01,-3.799999999999272404e+00,-2.733333333333575865e+00,2.333333333332120674e+00,-4.333333333332120674e+00,-2.733333333335394855e+00,-7.333333333317568759e-01,1.400000000001455192e+00,-8.666666666667879326e-01,-1.799999999999272404e+00,-6.666666666751552839e-02,-2.000000000000000000e+00,-1.000000000000000000e+00
-1.600000000000363798e+00,-1.866666666666787933e+00,6.666666666933451779e-02,-8.000000000010913936e-01,3.999999999996362021e-01,1.133333333333212067e+00,-5.000000000000000000e+00,-1.666666666667879326e+00,0.000000000000000000e+00,-7.333333333335758653e-01,4.666666666671517305e-01,-1.466666666667151731e+00,-7.999999999992724042e-01,2.800000000001091394e+00,1.073333333333175688e+01,1.806666666666569654e+01,1.753333333333466726e+01,2.113333333333321207e+01,1.700000000000181899e+01,1.326666666666642413e+01,1.840000000000145519e+01,2.306666666666387755e+01,1.719999999999890861e+01,2.386666666666860692e+01,2.073333333333357587e+01,1.533333333333393966e+01,1.573333333333175688e+01,1.960000000000218279e+01,1.626666666666642413e+01,9.933333333332484472e+00,4.666666666671517305e-01,-1.666666666666060337e+00,-2.266666666668243124e+00,-4.733333333333575865e+00,8.666666666667879326e-01,-2.266666666666424135e+00,-6.933333333334303461e+00,-1.200000000000727596e+00,-9.133333333333212067e+00,-6.000000000000000000e+00,-2.466666666665332741e+00,-4.333333333333939663e+00,-6.399999999999636202e+00,-6.200000000000727596e+00,-6.333333333333939663e+00,-1.733333333331756876e+00,-3.666666666666060337e+00,-6.599999999998544808e+00,2.999999999998181011e+00,-5.600000000000363798e+00,-4.733333333331756876e+00,8.666666666667879326e-01,-5.200000000000727596e+00,-1.266666666666424135e+00,1.333333333335758653e+00,1.999999999998181011e+00,-4.333333333333939663e+00,-3.133333333333212067e+00,-4.000000000000000000e+00,-5.733333333333575865e+00,-1.333333333333939663e+00,2.000000000007275958e-01,0.000000000000000000e+00,-1.046666666666715173e+01,-2.399999999999636202e+00,2.399999999999636202e+00,-3.199999999998908606e+00,1.599999999998544808e+00,5.133333333333212067e+00,4.199999999998908606e+00,2.666666666664241347e-01,9.666666666667879326e+00,9.200000000000727596e+00,1.066666666666606034e+01,1.233333333333212067e+01,9.333333333335758653e+00,1.126666666666642413e+01,1.439999999999963620e+01,1.979999999999927240e+01,1.633333333333212067e+01,1.033333333333212067e+01,1.113333333333321207e+01,1.113333333333321207e+01,2.533333333334667259e+00,2.666666666667879326e+00,8.533333333332848269e+00,7.799999999999272404e+00,7.666666666667879326e+00,5.133333333331393078e+00,9.266666666668243124e+00,9.399999999999636202e+00,8.000000000000000000e+00,1.120000000000072760e+01,5.466666666667151731e+00,1.006666666666751553e+01,7.333333333332120674e+00,1.260000000000036380e+01,1.406666666666569654e+01,1.653333333333284827e+01,9.733333333331756876e+00,8.200000000000727596e+00,1.026666666667006211e+01,8.599999999998544808e+00,1.253333333333466726e+01,4.466666666667151731e+00,1.933333333332484472e+00,5.866666666666787933e+00,-2.800000000001091394e+00,6.933333333334303461e+00,3.799999999999272404e+00,7.866666666666787933e+00,2.000000000000000000e+00,1.066666666667515528e+00,2.333333333332120674e+00,3.600000000000363798e+00,3.000000000000000000e+00,-2.333333333333939663e+00,-5.999999999985448085e-01,-2.733333333333575865e+00,1.333333333332120674e-01,2.000000000007275958e-01,-7.799999999999272404e+00,-1.066666666667515528e+00,-8.466666666667151731e+00,-6.733333333333575865e+00,-4.466666666668970720e+00,-2.200000000000727596e+00,-4.333333333332120674e+00,-2.066666666665696539e+00,1.933333333332484472e+00,-1.466666666667151731e+00,-1.799999999999272404e+00,-1.333333333313930780e-01,7.999999999992724042e-01,-3.600000000000363798e+00,-1.733333333333575865e+00,2.199999999998908606e+00,6.666666666569653898e-02,1.866666666668606922e+00,3.333333333321206737e-01,-4.666666666666060337e+00,-3.533333333332848269e+00,-4.266666666666424135e+00,-7.133333333335031057e+00,-3.799999999999272404e+00,-6.933333333332484472e+00,-3.333333333333939663e+00,1.000000000001818989e+00,-5.799999999999272404e+00,1.666666666666060337e+00,1.200000000000727596e+00,3.199999999998908606e+00,3.333333333339396631e-01,-1.866666666666787933e+00,-3.066666666667515528e+00,1.799999999999272404e+00,0.000000000000000000e+00,2.866666666666787933e+00,1.866666666666787933e+00,-1.533333333331029280e+00,2.199999999997089617e+00,2.333333333332120674e+00,-4.399999999997817213e+00,3.133333333333212067e+00,8.000000000010913936e-01,2.333333333332120674e+00,-1.600000000000363798e+00,-1.066666666667515528e+00,2.133333333333212067e+00,1.400000000001455192e+00,-1.400000000001455192e+00,1.400000000001455192e+00,5.333333333328482695e-01,-5.333333333328482695e-01,-8.666666666667879326e-01,3.933333333334303461e+00,-2.533333333334667259e+00,-1.866666666666787933e+00,-3.066666666667515528e+00,-2.066666666667515528e+00,-9.399999999999636202e+00,-4.199999999998908606e+00,-3.933333333332484472e+00,-4.866666666666787933e+00,-1.333333333332120674e-01,-2.333333333333939663e+00,-6.266666666666424135e+00,-7.000000000001818989e+00,2.266666666666424135e+00,2.866666666668606922e+00,-2.466666666668970720e+00,2.666666666682431241e-01,2.800000000001091394e+00,3.333333333321206737e-01,-1.399999999999636202e+00,4.666666666666060337e+00,2.000000000007275958e-01,1.933333333332484472e+00,5.466666666668970720e+00,-4.800000000001091394e+00,1.933333333334303461e+00,6.266666666666424135e+00,3.066666666665696539e+00,-4.666666666671517305e-01,-3.399999999999636202e+00,5.133333333333212067e+00,3.400000000003274181e+00,6.666666666660603369e-01,1.199999999998908606e+00,4.133333333333212067e+00,-3.266666666666424135e+00,1.733333333331756876e+00,-5.333333333346672589e-01,-3.333333333321206737e-01,1.006666666666751553e+01,2.799999999999272404e+00,-3.333333333339396631e-01,7.333333333333939663e+00,2.866666666666787933e+00,8.666666666667879326e-01,-5.533333333332848269e+00,-5.133333333335031057e+00,-4.399999999997817213e+00,-3.266666666670062114e+00,-4.799999999995634425e+00,7.333333333335758653e-01,-8.133333333333212067e+00,4.666666666653327411e-01,-4.799999999999272404e+00,-7.466666666667151731e+00,-3.000000000001818989e+00,-5.733333333331756876e+00,-9.733333333335394855e+00,-6.866666666666787933e+00,-1.200000000000727596e+00,-3.866666666666787933e+00,-1.733333333333575865e+00,-1.399999999995998223e+00,-5.533333333332848269e+00,-6.466666666667151731e+00,-1.866666666668606922e+00,3.533333333334667259e+00,-4.600000000000363798e+00,-3.666666666667879326e+00,-2.866666666666787933e+00,-5.933333333332484472e+00,-1.666666666667879326e+00,-6.199999999998908606e+00,-4.666666666667879326e+00,-6.600000000000363798e+00,7.333333333353948547e-01,-7.266666666668243124e+00,-7.133333333331393078e+00,-2.266666666666424135e+00,-1.266666666666424135e+00,-5.600000000002182787e+00,-4.866666666666787933e+00,-2.466666666665332741e+00,-2.266666666668243124e+00,-5.999999999998181011e+00,-3.000000000000000000e+00,-5.266666666668243124e+00,8.666666666686069220e-01,-7.333333333335758653e+00,-4.666666666666060337e+00,-6.600000000000363798e+00,-2.066666666665696539e+00,-1.266666666666424135e+00,-3.799999999999272404e+00,6.666666666569653898e-02,-4.066666666665696539e+00,-5.800000000001091394e+00,-4.199999999998908606e+00,-1.666666666666060337e+00,-2.533333333332848269e+00,-2.866666666666787933e+00,-4.333333333333939663e+00,-3.333333333321206737e-01,1.800000000001091394e+00,-3.000000000001818989e+00,-3.933333333334303461e+00,0.000000000000000000e+00,8.666666666686069220e-01,1.466666666665332741e+00,-7.666666666669698316e+00,-2.599999999998544808e+00,-3.333333333332120674e+00,-2.600000000000363798e+00,-2.866666666666787933e+00,-1.799999999999272404e+00,-3.600000000002182787e+00,-2.933333333334303461e+00,-3.133333333331393078e+00,-4.666666666667879326e+00,-2.733333333333575865e+00,-4.266666666668243124e+00,-2.266666666664605145e+00,-4.333333333332120674e+00,-7.400000000001455192e+00,-2.933333333334303461e+00,-3.866666666666787933e+00,-7.999999999974534148e-01,-2.266666666666424135e+00,-4.399999999997817213e+00,-3.200000000002546585e+00,3.999999999996362021e-01,-4.799999999999272404e+00,-6.133333333333212067e+00,-4.266666666666424135e+00,-1.799999999999272404e+00,-2.933333333334303461e+00,-1.733333333333575865e+00,-4.733333333331756876e+00,2.666666666664241347e-01
5.266666666666424135e+00,-4.400000000001455192e+00,-6.733333333331756876e+00,2.266666666666424135e+00,-1.533333333334667259e+00,6.866666666668606922e+00,-2.000000000007275958e-01,-3.466666666665332741e+00,3.866666666664968943e+00,-6.666666666933451779e-02,3.999999999996362021e-01,-1.333333333313930780e-01,1.466666666667151731e+00,3.800000000001091394e+00,1.206666666666569654e+01,2.266666666666424135e+00,1.400000000000000000e+01,1.666666666666969832e+01,1.273333333333175688e+01,1.139999999999781721e+01,5.733333333331756876e+00,1.346666666666897072e+01,1.693333333333248447e+01,1.360000000000036380e+01,1.666666666666787933e+01,1.713333333333321207e+01,1.219999999999890861e+01,1.133333333333393966e+01,9.066666666663877550e+00,2.933333333336122450e+00,8.333333333333939663e+00,2.066666666665696539e+00,4.200000000000727596e+00,1.933333333332484472e+00,-3.333333333333939663e+00,2.866666666664968943e+00,-1.466666666665332741e+00,-1.733333333333575865e+00,1.933333333336122450e+00,-7.333333333335758653e-01,1.266666666666424135e+00,6.266666666666424135e+00,2.266666666666424135e+00,5.733333333333575865e+00,8.066666666663877550e+00,6.333333333333939663e+00,1.146666666666897072e+01,5.600000000000363798e+00,8.466666666665332741e+00,1.653333333333466726e+01,6.866666666666787933e+00,6.933333333332484472e+00,7.799999999999272404e+00,5.133333333335031057e+00,6.133333333331393078e+00,4.066666666667515528e+00,2.666666666666060337e+00,6.466666666667151731e+00,6.266666666666424135e+00,3.200000000002546585e+00,2.733333333331756876e+00,-1.666666666664241347e+00,3.666666666664241347e+00,-2.000000000001818989e+00,2.000000000007275958e-01,2.133333333331393078e+00,6.733333333333575865e+00,4.000000000001818989e+00,3.866666666666787933e+00,1.333333333350310568e-01,4.466666666667151731e+00,4.333333333332120674e+00,3.999999999996362021e-01,-2.133333333335031057e+00,4.866666666666787933e+00,2.733333333335394855e+00,8.799999999999272404e+00,-8.000000000010913936e-01,4.333333333335758653e+00,1.599999999998544808e+00,4.200000000000727596e+00,-2.666666666667879326e+00,1.733333333333575865e+00,4.399999999999636202e+00,9.333333333324844716e-01,9.333333333343034610e-01,2.066666666667515528e+00,1.733333333331756876e+00,2.666666666669698316e+00,-4.533333333332848269e+00,0.000000000000000000e+00,-2.799999999999272404e+00,1.733333333331756876e+00,2.666666666666060337e+00,2.200000000000727596e+00,2.600000000000363798e+00,7.066666666665696539e+00,3.000000000000000000e+00,1.799999999999272404e+00,1.066666666665696539e+00,3.066666666667515528e+00,-3.000000000000000000e+00,5.199999999998908606e+00,3.933333333334303461e+00,4.666666666653327411e-01,1.666666666667879326e+00,-1.999999999998181011e+00,-1.200000000000727596e+00,1.733333333331756876e+00,-5.066666666665696539e+00,-2.399999999999636202e+00,-1.000000000000000000e+00,2.666666666682431241e-01,-1.400000000003274181e+00,3.800000000001091394e+00,-3.000000000001818989e+00,2.933333333334303461e+00,-4.000000000000000000e+00,-3.199999999998908606e+00,3.066666666667515528e+00,-1.466666666667151731e+00,6.666666666660603369e-01,-1.066666666665696539e+00,-4.799999999999272404e+00,3.533333333331029280e+00,-1.400000000001455192e+00,-4.866666666666787933e+00,-4.266666666666424135e+00,-7.733333333331756876e+00,-4.600000000000363798e+00,-3.399999999997817213e+00,-5.666666666666060337e+00,6.666666666660603369e-01,-1.466666666667151731e+00,-1.333333333350310568e-01,-2.799999999999272404e+00,-1.333333333332120674e-01,2.666666666664241347e-01,-8.666666666649689432e-01,-2.933333333332484472e+00,-2.400000000001455192e+00,4.666666666653327411e-01,-5.599999999998544808e+00,4.399999999999636202e+00,2.199999999998908606e+00,4.666666666653327411e-01,2.866666666668606922e+00,-1.600000000000363798e+00,-3.333333333339396631e-01,-4.866666666666787933e+00,-2.066666666667515528e+00,-3.399999999997817213e+00,-6.333333333333939663e+00,-2.399999999999636202e+00,-2.600000000000363798e+00,-2.666666666667879326e+00,-5.333333333332120674e+00,1.399999999999636202e+00,-8.733333333333575865e+00,-5.200000000000727596e+00,-3.533333333331029280e+00,-3.066666666667515528e+00,1.133333333335031057e+00,-2.600000000000363798e+00,-4.000000000014551915e-01,1.000000000000000000e+00,3.133333333333212067e+00,3.799999999999272404e+00,6.666666666678793263e-01,3.466666666665332741e+00,4.799999999999272404e+00,2.666666666664241347e-01,1.600000000004001777e+00,6.199999999998908606e+00,1.733333333333575865e+00,7.466666666665332741e+00,2.000000000000000000e+00,-4.333333333332120674e+00,-1.200000000000727596e+00,4.000000000014551915e-01,-6.666666666751552839e-02,-2.800000000001091394e+00,4.000000000014551915e-01,-5.399999999999636202e+00,-1.800000000001091394e+00,-2.266666666666424135e+00,4.399999999999636202e+00,-6.133333333333212067e+00,-2.600000000000363798e+00,-2.400000000003274181e+00,-5.399999999995998223e+00,1.133333333333212067e+00,1.266666666666424135e+00,1.666666666666060337e+00,2.333333333333939663e+00,-2.733333333333575865e+00,-1.800000000001091394e+00,-4.866666666666787933e+00,3.000000000001818989e+00,-5.000000000001818989e+00,-4.466666666667151731e+00,-9.933333333332484472e+00,8.000000000010913936e-01,-1.599999999998544808e+00,7.333333333317568759e-01,1.133333333333212067e+00,-8.933333333332484472e+00,-2.266666666666424135e+00,-4.133333333335031057e+00,-2.800000000001091394e+00,5.133333333335031057e+00,-4.666666666671517305e-01,4.133333333333212067e+00,1.133333333333212067e+00,2.933333333334303461e+00,4.800000000001091394e+00,7.466666666665332741e+00,4.466666666667151731e+00,-7.333333333335758653e-01,-3.000000000000000000e+00,-1.199999999998908606e+00,6.199999999998908606e+00,-1.133333333333212067e+00,-1.133333333335031057e+00,6.666666666751552839e-02,-5.800000000001091394e+00,-1.066666666663877550e+00,-3.800000000001091394e+00,-5.600000000000363798e+00,-1.133333333333212067e+00,-5.933333333334303461e+00,-1.533333333332848269e+00,-1.333333333333939663e+00,4.000000000014551915e-01,-2.399999999999636202e+00,-4.666666666671517305e-01,-2.199999999998908606e+00,-1.000000000000000000e+00,2.733333333333575865e+00,-4.066666666667515528e+00,-1.333333333333939663e+00,-2.266666666666424135e+00,-1.733333333329937886e+00,3.199999999997089617e+00,-2.733333333331756876e+00,1.133333333331393078e+00,0.000000000000000000e+00,-1.666666666666060337e+00,-2.466666666667151731e+00,1.733333333331756876e+00,-2.666666666666060337e+00,-1.800000000001091394e+00,6.666666666569653898e-02,-1.200000000000727596e+00,1.600000000000363798e+00,-3.333333333321206737e-01,2.133333333335031057e+00,-5.999999999985448085e-01,1.000000000000000000e+00,1.399999999997817213e+00,-6.666666666569653898e-02,-1.866666666666787933e+00,1.733333333331756876e+00,2.466666666667151731e+00,2.000000000000000000e+00,-3.999999999996362021e-01,2.333333333333939663e+00,-5.333333333328482695e-01,-1.000000000000000000e+00,-2.200000000002546585e+00,-3.733333333331756876e+00,-1.799999999999272404e+00,2.066666666665696539e+00,-3.000000000000000000e+00,2.266666666666424135e+00,4.666666666689707199e-01,3.999999999978172127e-01,-1.818989403545856476e-12,-3.866666666663149954e+00,-1.800000000001091394e+00,-9.333333333343034610e-01,-2.200000000000727596e+00,-1.733333333331756876e+00,1.466666666667151731e+00,4.666666666671517305e-01,3.800000000001091394e+00,-1.533333333334667259e+00,-1.466666666665332741e+00,6.666666666642413475e-01,-2.000000000000000000e+00,-5.933333333336122450e+00,-2.599999999996725819e+00,-3.466666666665332741e+00,4.466666666667151731e+00,-2.266666666668243124e+00,7.333333333335758653e-01,-1.133333333333212067e+00,2.666666666646051453e-01,-4.533333333332848269e+00,-1.399999999999636202e+00,-1.000000000000000000e+00,-1.733333333331756876e+00,-3.866666666666787933e+00,-4.066666666667515528e+00,-3.933333333332484472e+00,-1.933333333332484472e+00,-2.466666666667151731e+00,-3.600000000002182787e+00,-1.599999999998544808e+00,-1.333333333332120674e-01,-4.666666666689707199e-01,-4.333333333330301684e+00,-2.200000000000727596e+00,-1.066666666665696539e+00
3.666666666667879326e+00,-6.600000000002182787e+00,-9.333333333306654822e-01,-7.066666666667515528e+00,2.933333333334303461e+00,-1.733333333333575865e+00,-3.600000000002182787e+00,-1.666666666666060337e+00,-1.266666666666424135e+00,-3.599999999998544808e+00,-4.400000000001455192e+00,-4.733333333333575865e+00,4.333333333333939663e+00,-9.333333333324844716e-01,3.333333333332120674e+00,1.333333333350310568e-01,1.019999999999890861e+01,6.600000000000363798e+00,1.133333333333212067e+01,1.186666666666496894e+01,1.193333333333612245e+01,1.873333333333175688e+01,1.333333333333393966e+01,1.846666666666715173e+01,1.653333333333284827e+01,1.726666666666642413e+01,1.460000000000036380e+01,1.853333333333284827e+01,1.839999999999963620e+01,1.253333333333466726e+01,1.273333333333175688e+01,6.533333333334667259e+00,1.160000000000036380e+01,8.200000000000727596e+00,3.599999999998544808e+00,5.600000000000363798e+00,3.266666666666424135e+00,6.399999999999636202e+00,1.866666666666787933e+00,-2.199999999998908606e+00,-6.666666666660603369e-01,6.000000000003637979e-01,-2.733333333331756876e+00,7.999999999974534148e-01,2.666666666666060337e+00,2.933333333334303461e+00,1.599999999998544808e+00,-1.666666666666060337e+00,-3.333333333339396631e-01,-2.133333333335031057e+00,-1.199999999998908606e+00,-4.266666666664605145e+00,-1.866666666666787933e+00,-3.600000000000363798e+00,-9.999999999981810106e-01,3.333333333321206737e-01,-8.000000000010913936e-01,-8.933333333332484472e+00,-8.600000000000363798e+00,-6.000000000000000000e+00,-5.200000000000727596e+00,4.666666666671517305e-01,-3.333333333333939663e+00,-4.800000000001091394e+00,-1.133333333333212067e+00,-7.266666666664605145e+00,-3.333333333321206737e-01,-3.133333333335031057e+00,-4.000000000014551915e-01,-4.866666666664968943e+00,-4.533333333334667259e+00,-1.600000000002182787e+00,6.666666666696983157e-01,2.133333333333212067e+00,1.999999999989086064e-01,-4.666666666653327411e-01,-3.999999999998181011e+00,-2.799999999999272404e+00,1.399999999997817213e+00,-3.600000000002182787e+00,3.266666666668243124e+00,-1.200000000000727596e+00,1.266666666668243124e+00,-3.933333333334303461e+00,-1.399999999999636202e+00,8.666666666667879326e-01,-1.066666666667515528e+00,2.933333333332484472e+00,-1.866666666664968943e+00,-9.333333333343034610e-01,-3.733333333331756876e+00,1.000000000000000000e+00,3.266666666666424135e+00,-6.133333333333212067e+00,-1.466666666667151731e+00,-2.466666666667151731e+00,-1.066666666669334518e+00,-3.199999999998908606e+00,1.066666666667515528e+00,6.000000000001818989e+00,-1.333333333332120674e+00,-2.666666666682431241e-01,-4.399999999999636202e+00,1.533333333332848269e+00,3.999999999996362021e-01,2.000000000000000000e+00,-6.666666666569653898e-02,-3.266666666666424135e+00,5.333333333328482695e-01,2.599999999998544808e+00,2.666666666666060337e+00,-2.799999999997453415e+00,4.666666666653327411e-01,-1.800000000001091394e+00,-1.733333333331756876e+00,-6.000000000003637979e-01,3.266666666666424135e+00,2.799999999999272404e+00,-6.666666666751552839e-02,-2.866666666664968943e+00,-3.533333333334667259e+00,-1.866666666666787933e+00,-3.000000000000000000e+00,4.400000000003274181e+00,3.266666666664605145e+00,-1.133333333333212067e+00,3.133333333333212067e+00,3.999999999996362021e-01,-6.666666666660603369e-01,-1.266666666666424135e+00,-1.066666666667515528e+00,-6.466666666667151731e+00,9.333333333343034610e-01,-6.666666666660603369e-01,6.800000000001091394e+00,7.733333333331756876e+00,1.733333333331756876e+00,5.666666666667879326e+00,-3.733333333331756876e+00,-5.733333333333575865e+00,1.466666666665332741e+00,2.666666666664241347e-01,-2.533333333332848269e+00,4.933333333334303461e+00,4.666666666653327411e-01,2.666666666664241347e-01,1.933333333334303461e+00,-2.133333333331393078e+00,-1.733333333333575865e+00,-4.600000000000363798e+00,-5.066666666667515528e+00,-7.999999999992724042e-01,-2.466666666668970720e+00,1.066666666667515528e+00,1.266666666666424135e+00,-2.666666666664241347e-01,4.666666666653327411e-01,2.866666666668606922e+00,-5.733333333335394855e+00,1.000000000000000000e+00,1.466666666667151731e+00,-2.666666666646051453e-01,2.933333333332484472e+00,-1.133333333335031057e+00,-7.999999999992724042e-01,-6.666666666569653898e-02,-1.466666666667151731e+00,4.000000000014551915e-01,7.333333333317568759e-01,1.666666666667879326e+00,-1.133333333333212067e+00,-2.333333333335758653e+00,3.999999999996362021e-01,5.999999999985448085e-01,-5.266666666664605145e+00,-3.733333333333575865e+00,-1.066666666667515528e+00,-5.666666666666060337e+00,1.666666666667879326e+00,-2.000000000001818989e+00,-3.666666666666060337e+00,-5.733333333329937886e+00,-1.266666666666424135e+00,-2.399999999999636202e+00,-6.000000000001818989e+00,-6.600000000002182787e+00,-4.666666666653327411e-01,-6.733333333333575865e+00,-1.266666666668243124e+00,-2.066666666665696539e+00,-1.199999999997089617e+00,-3.000000000001818989e+00,-5.000000000000000000e+00,-7.999999999992724042e-01,-2.533333333332848269e+00,1.200000000000727596e+00,1.599999999998544808e+00,-6.333333333333939663e+00,-1.266666666666424135e+00,-6.000000000003637979e-01,2.533333333334667259e+00,-3.933333333334303461e+00,1.133333333333212067e+00,-2.000000000000000000e+00,5.333333333332120674e+00,-2.999999999998181011e+00,-5.333333333328482695e-01,3.600000000000363798e+00,-5.266666666668243124e+00,3.133333333335031057e+00,-2.800000000001091394e+00,-5.999999999985448085e-01,4.466666666667151731e+00,-1.866666666666787933e+00,3.333333333321206737e-01,3.999999999978172127e-01,1.866666666666787933e+00,-4.000000000000000000e+00,-2.600000000000363798e+00,-2.333333333332120674e+00,2.733333333333575865e+00,2.666666666682431241e-01,-5.999999999985448085e-01,1.933333333330665482e+00,-5.266666666666424135e+00,-1.733333333335394855e+00,-8.666666666667879326e-01,-5.733333333331756876e+00,-1.200000000000727596e+00,-5.799999999999272404e+00,-4.000000000000000000e+00,-2.533333333332848269e+00,4.000000000014551915e-01,-6.000000000003637979e-01,-4.400000000001455192e+00,-5.733333333333575865e+00,-4.866666666666787933e+00,-3.399999999999636202e+00,-5.933333333332484472e+00,-2.066666666667515528e+00,-2.600000000002182787e+00,-3.533333333331029280e+00,1.533333333332848269e+00,-2.133333333333212067e+00,1.333333333350310568e-01,5.333333333328482695e-01,-3.866666666666787933e+00,-2.066666666667515528e+00,-7.333333333317568759e-01,-4.666666666667879326e+00,6.666666666569653898e-02,-1.000000000000000000e+00,-3.933333333334303461e+00,3.333333333333939663e+00,-4.333333333333939663e+00,-2.333333333332120674e+00,1.000000000000000000e+00,-2.733333333333575865e+00,-1.399999999999636202e+00,-1.599999999998544808e+00,3.333333333339396631e-01,-8.666666666686069220e-01,-3.733333333333575865e+00,-3.066666666667515528e+00,-6.000000000003637979e-01,-2.133333333333212067e+00,-2.066666666665696539e+00,-1.266666666666424135e+00,4.000000000014551915e-01,3.066666666665696539e+00,2.066666666665696539e+00,-3.333333333333939663e+00,-1.133333333333212067e+00,-3.466666666665332741e+00,3.066666666665696539e+00,-5.866666666666787933e+00,-1.799999999997453415e+00,-6.000000000021827873e-01,9.333333333343034610e-01,-1.666666666666060337e+00,2.600000000000363798e+00,1.133333333331393078e+00,1.399999999997817213e+00,-8.799999999999272404e+00,-3.133333333331393078e+00,-5.600000000000363798e+00,-3.933333333334303461e+00,-6.666666666660603369e-01,-1.399999999999636202e+00,-6.933333333334303461e+00,1.600000000002182787e+00,-5.200000000000727596e+00,-3.466666666665332741e+00,-4.533333333336486248e+00,2.666666666682431241e-01,-5.066666666669334518e+00,-2.399999999997817213e+00,-4.600000000000363798e+00,2.200000000000727596e+00,1.066666666667515528e+00,-5.333333333333939663e+00,1.266666666668243124e+00,-3.800000000001091394e+00,-3.799999999999272404e+00,1.733333333335394855e+00,-5.933333333334303461e+00,8.666666666649689432e-01,-3.533333333332848269e+00,-1.066666666667515528e+00,-3.133333333333212067e+00,-1.866666666668606922e+00,-2.133333333329574089e+00,3.333333333321206737e-01,-3.466666666667151731e+00
-4.466666666667151731e+00,3.666666666667879326e+00,-5.199999999998908606e+00,8.866666666664968943e+00,-2.000000000000000000e+00,2.866666666666787933e+00,-3.333333333339396631e-01,-1.266666666664605145e+00,-1.466666666667151731e+00,-2.933333333334303461e+00,-2.000000000000000000e+00,-2.666666666666060337e+00,1.666666666666060337e+00,-4.666666666671517305e-01,-2.733333333333575865e+00,5.199999999998908606e+00,1.800000000002910383e+00,9.933333333332484472e+00,-1.933333333334303461e+00,6.733333333333575865e+00,1.533333333332848269e+00,6.400000000001455192e+00,3.466666666663513752e+00,5.266666666668243124e+00,4.799999999999272404e+00,9.133333333333212067e+00,9.733333333333575865e+00,4.933333333334303461e+00,5.066666666667515528e+00,5.266666666666424135e+00,5.133333333333212067e+00,4.066666666667515528e+00,1.533333333331029280e+00,6.800000000002910383e+00,-9.333333333324844716e-01,1.533333333332848269e+00,-2.000000000007275958e-01,1.133333333333212067e+00,1.133333333331393078e+00,4.266666666666424135e+00,2.266666666666424135e+00,4.333333333333939663e+00,3.266666666666424135e+00,-6.000000000003637979e-01,2.666666666664241347e-01,-2.599999999998544808e+00,-7.333333333335758653e-01,-3.466666666665332741e+00,1.666666666666060337e+00,1.000000000000000000e+00,1.000000000001818989e+00,3.266666666664605145e+00,-6.666666666660603369e-01,1.600000000000363798e+00,-1.666666666666060337e+00,-6.600000000000363798e+00,-3.733333333335394855e+00,-4.666666666666060337e+00,-2.200000000000727596e+00,-6.000000000003637979e-01,-4.266666666664605145e+00,-4.266666666668243124e+00,-3.333333333303016843e-01,-1.026666666666642413e+01,-3.600000000000363798e+00,-3.999999999996362021e-01,-3.600000000002182787e+00,-3.333333333321206737e-01,-6.200000000002546585e+00,-4.066666666665696539e+00,2.333333333333939663e+00,-1.466666666667151731e+00,-2.266666666666424135e+00,1.400000000001455192e+00,-2.466666666665332741e+00,1.000000000000000000e+00,-2.733333333333575865e+00,1.866666666664968943e+00,3.933333333332484472e+00,1.733333333333575865e+00,2.066666666665696539e+00,-3.333333333339396631e-01,1.333333333368500462e-01,-3.999999999996362021e-01,-3.133333333335031057e+00,6.000000000003637979e-01,-3.333333333339396631e-01,7.199999999997089617e+00,5.333333333346672589e-01,-4.666666666653327411e-01,1.866666666666787933e+00,9.333333333324844716e-01,-4.133333333333212067e+00,-1.733333333333575865e+00,1.999999999989086064e-01,-1.066666666667515528e+00,-1.066666666665696539e+00,-3.266666666668243124e+00,2.000000000025465852e-01,2.999999999998181011e+00,-1.533333333332848269e+00,-1.333333333333939663e+00,-5.133333333331393078e+00,-4.466666666667151731e+00,-1.733333333331756876e+00,-2.799999999999272404e+00,1.066666666665696539e+00,2.000000000000000000e+00,-4.666666666667879326e+00,-3.133333333333212067e+00,-5.733333333331756876e+00,-2.866666666666787933e+00,2.666666666666060337e+00,-4.666666666653327411e-01,-4.666666666653327411e-01,-1.933333333332484472e+00,-3.266666666670062114e+00,-4.399999999997817213e+00,2.666666666664241347e+00,8.666666666667879326e-01,8.666666666686069220e-01,-2.533333333334667259e+00,-1.666666666664241347e+00,3.399999999995998223e+00,4.333333333333939663e+00,-1.199999999998908606e+00,-4.000000000014551915e-01,-3.733333333333575865e+00,-3.866666666664968943e+00,2.066666666665696539e+00,-1.799999999999272404e+00,3.666666666666060337e+00,-8.666666666667879326e-01,-2.800000000001091394e+00,-9.333333333324844716e-01,-1.933333333334303461e+00,4.666666666653327411e-01,-7.333333333317568759e-01,3.666666666667879326e+00,-5.800000000001091394e+00,-3.066666666665696539e+00,8.000000000010913936e-01,3.666666666664241347e+00,-1.199999999998908606e+00,-9.333333333324844716e-01,-1.533333333332848269e+00,-5.333333333333939663e+00,-7.333333333335758653e-01,-1.333333333332120674e-01,-3.400000000001455192e+00,-4.266666666666424135e+00,2.000000000007275958e-01,-4.266666666664605145e+00,-6.133333333333212067e+00,1.666666666666060337e+00,5.066666666667515528e+00,2.333333333332120674e+00,-3.933333333334303461e+00,3.066666666667515528e+00,-3.933333333332484472e+00,9.333333333306654822e-01,-1.199999999998908606e+00,3.999999999996362021e-01,-1.533333333334667259e+00,2.200000000000727596e+00,2.200000000002546585e+00,-1.200000000002546585e+00,1.066666666667515528e+00,-5.133333333333212067e+00,-2.666666666667879326e+00,-2.199999999998908606e+00,-5.200000000000727596e+00,-4.133333333335031057e+00,-1.999999999996362021e+00,2.666666666664241347e-01,-1.933333333332484472e+00,4.199999999998908606e+00,-6.666666666660603369e-01,-3.666666666667879326e+00,-2.000000000007275958e-01,1.666666666667879326e+00,-2.133333333333212067e+00,-1.333333333332120674e-01,1.133333333333212067e+00,1.933333333332484472e+00,1.333333333333939663e+00,1.000000000000000000e+00,1.733333333333575865e+00,-1.999999999989086064e-01,8.666666666649689432e-01,1.266666666666424135e+00,-5.600000000000363798e+00,-1.600000000000363798e+00,2.866666666666787933e+00,-3.333333333321206737e-01,-2.533333333332848269e+00,-8.666666666667879326e-01,-4.600000000002182787e+00,-1.199999999998908606e+00,-2.266666666666424135e+00,-4.666666666666060337e+00,-2.266666666666424135e+00,-1.000000000000000000e+00,-4.933333333334303461e+00,-2.799999999999272404e+00,-1.999999999970896170e-01,-8.666666666704259114e-01,0.000000000000000000e+00,-4.200000000000727596e+00,-2.333333333332120674e+00,-4.999999999998181011e+00,-1.266666666668243124e+00,3.333333333333939663e+00,2.666666666666060337e+00,-5.533333333332848269e+00,2.666666666664241347e-01,-1.733333333331756876e+00,1.000000000000000000e+00,3.133333333333212067e+00,-3.866666666666787933e+00,-2.000000000000000000e+00,2.600000000000363798e+00,2.133333333329574089e+00,-2.666666666646051453e-01,1.799999999997453415e+00,1.600000000002182787e+00,7.333333333335758653e-01,-2.799999999999272404e+00,1.599999999998544808e+00,1.266666666670062114e+00,1.733333333331756876e+00,-1.266666666666424135e+00,-7.999999999992724042e-01,-5.733333333335394855e+00,7.333333333335758653e-01,-3.666666666666060337e+00,-3.933333333334303461e+00,-4.000000000001818989e+00,-1.466666666667151731e+00,-3.933333333332484472e+00,1.933333333332484472e+00,-3.266666666662786156e+00,-1.266666666666424135e+00,-5.800000000001091394e+00,-1.199999999998908606e+00,-8.666666666686069220e-01,-2.266666666666424135e+00,-6.666666666678793263e-01,4.533333333334667259e+00,-8.666666666667879326e-01,-2.333333333333939663e+00,-5.000000000001818989e+00,-2.533333333331029280e+00,-1.733333333335394855e+00,1.866666666668606922e+00,-5.066666666667515528e+00,-1.133333333331393078e+00,2.333333333332120674e+00,-2.000000000007275958e-01,-9.333333333324844716e-01,-4.200000000000727596e+00,1.266666666668243124e+00,-6.333333333333939663e+00,-3.999999999996362021e-01,6.666666666569653898e-02,3.333333333321206737e-01,2.000000000000000000e+00,2.199999999998908606e+00,6.666666666667879326e+00,-3.466666666665332741e+00,2.466666666665332741e+00,1.133333333335031057e+00,-2.733333333335394855e+00,-3.866666666664968943e+00,-8.000000000010913936e-01,-5.333333333346672589e-01,-2.533333333332848269e+00,1.266666666666424135e+00,-2.133333333331393078e+00,2.199999999998908606e+00,2.600000000000363798e+00,4.000000000032741809e-01,-1.666666666667879326e+00,-2.066666666665696539e+00,-9.333333333324844716e-01,-4.333333333333939663e+00,7.333333333335758653e-01,-5.333333333335758653e+00,3.999999999998181011e+00,1.333333333333939663e+00,-2.666666666664241347e-01,2.066666666669334518e+00,-2.066666666667515528e+00,-2.000000000007275958e-01,-4.133333333333212067e+00,-2.399999999999636202e+00,2.000000000007275958e-01,-2.666666666664241347e-01,-8.000000000010913936e-01,-1.933333333334303461e+00,0.000000000000000000e+00,-8.666666666667879326e-01,7.466666666667151731e+00,-4.200000000000727596e+00,-3.999999999996362021e-01,1.066666666667515528e+00,-4.000000000000000000e+00,3.400000000001455192e+00,1.666666666662422358e+00,1.266666666666424135e+00,3.533333333334667259e+00,-1.533333333331029280e+00,-3.466666666668970720e+00,-4.399999999999636202e+00
-6.000000000003637979e+00,4.000000000032741809e-01,-1.133333333335031057e+00,2.066666666667515528e+00,-5.066666666665696539e+00,4.933333333334303461e+00,4.866666666666787933e+00,1.466666666665332741e+00,-1.000000000000000000e+00,3.666666666666060337e+00,-3.666666666666060337e+00,1.000000000001818989e+00,3.999999999996362021e-01,5.133333333333212067e+00,5.999999999996362021e+00,1.220000000000072760e+01,1.440000000000145519e+01,1.620000000000072760e+01,1.673333333333175688e+01,1.966666666666969832e+01,1.573333333333357587e+01,1.693333333333248447e+01,1.693333333333430346e+01,2.000000000000000000e+01,2.019999999999708962e+01,2.086666666666860692e+01,1.973333333333175688e+01,1.853333333333466726e+01,1.686666666666678793e+01,1.286666666666678793e+01,1.100000000000000000e+01,6.733333333333575865e+00,7.599999999998544808e+00,-1.818989403545856476e-12,6.866666666670425911e+00,1.733333333333575865e+00,-1.266666666670062114e+00,3.866666666668606922e+00,-1.000000000000000000e+00,-3.399999999999636202e+00,6.666666666660603369e-01,-2.466666666668970720e+00,3.333333333357586525e-01,-1.933333333334303461e+00,-2.533333333334667259e+00,-3.866666666666787933e+00,-2.266666666666424135e+00,-4.066666666665696539e+00,-1.999999999989086064e-01,-9.266666666666424135e+00,-4.133333333335031057e+00,-2.133333333333212067e+00,-6.200000000000727596e+00,-6.866666666664968943e+00,-5.266666666666424135e+00,-7.533333333332848269e+00,-2.266666666664605145e+00,-3.666666666667879326e+00,-5.533333333334667259e+00,-3.866666666666787933e+00,-5.066666666665696539e+00,-4.933333333332484472e+00,-4.866666666666787933e+00,-6.000000000000000000e+00,-6.000000000001818989e+00,-6.933333333334303461e+00,-5.400000000001455192e+00,-6.333333333333939663e+00,-8.666666666649689432e-01,-6.533333333331029280e+00,-7.333333333335758653e-01,-7.533333333332848269e+00,-3.466666666667151731e+00,-5.733333333333575865e+00,-3.866666666668606922e+00,-3.000000000000000000e+00,-3.066666666667515528e+00,-2.133333333331393078e+00,-3.533333333331029280e+00,-3.866666666668606922e+00,-2.599999999998544808e+00,-5.200000000000727596e+00,-9.333333333343034610e-01,-1.666666666667879326e+00,3.266666666668243124e+00,-1.333333333333939663e+00,1.399999999999636202e+00,-1.399999999999636202e+00,3.066666666667515528e+00,2.466666666667151731e+00,1.266666666668243124e+00,2.466666666667151731e+00,2.399999999999636202e+00,4.666666666666060337e+00,8.533333333332848269e+00,6.466666666667151731e+00,5.666666666666060337e+00,9.266666666666424135e+00,9.800000000001091394e+00,6.399999999999636202e+00,9.999999999998181011e+00,6.399999999999636202e+00,8.133333333333212067e+00,7.000000000000000000e+00,8.666666666667879326e-01,2.000000000000000000e+00,1.818989403545856476e-12,2.000000000007275958e-01,2.666666666664241347e-01,-2.133333333333212067e+00,5.333333333328482695e-01,-2.733333333333575865e+00,-4.000000000000000000e+00,-4.733333333335394855e+00,-6.066666666667515528e+00,-8.199999999998908606e+00,-6.133333333333212067e+00,-5.333333333332120674e+00,-6.466666666667151731e+00,3.199999999998908606e+00,1.000000000000000000e+00,-6.666666666569653898e-02,2.466666666665332741e+00,2.600000000000363798e+00,2.733333333331756876e+00,-2.000000000000000000e+00,6.799999999999272404e+00,-1.933333333332484472e+00,-2.799999999997453415e+00,6.466666666665332741e+00,3.066666666667515528e+00,-7.333333333353948547e-01,4.666666666671517305e-01,-1.333333333332120674e+00,-3.733333333333575865e+00,6.000000000003637979e-01,-2.799999999999272404e+00,-7.800000000002910383e+00,-4.199999999997089617e+00,-4.333333333332120674e+00,-8.666666666686069220e-01,-6.533333333334667259e+00,-1.333333333332120674e+00,-1.799999999999272404e+00,-3.266666666668243124e+00,-4.866666666664968943e+00,1.666666666666060337e+00,-2.466666666665332741e+00,-3.000000000001818989e+00,-2.000000000007275958e-01,-6.799999999999272404e+00,-8.666666666667879326e-01,2.733333333333575865e+00,-5.333333333330301684e+00,-1.600000000000363798e+00,-3.333333333333939663e+00,-3.066666666667515528e+00,-2.066666666665696539e+00,9.333333333343034610e-01,-6.866666666668606922e+00,-4.800000000002910383e+00,-2.266666666664605145e+00,-4.933333333334303461e+00,-1.199999999998908606e+00,-6.399999999999636202e+00,-1.999999999989086064e-01,-3.599999999998544808e+00,-4.133333333336850046e+00,2.000000000003637979e+00,1.399999999997817213e+00,2.200000000000727596e+00,2.666666666664241347e-01,-8.666666666667879326e-01,-5.266666666670062114e+00,-2.200000000000727596e+00,-2.000000000000000000e+00,-5.733333333331756876e+00,-7.999999999974534148e-01,-1.733333333333575865e+00,-3.466666666667151731e+00,-4.133333333333212067e+00,-1.333333333333939663e+00,-2.399999999999636202e+00,-3.066666666667515528e+00,-3.799999999999272404e+00,-6.199999999998908606e+00,-3.200000000000727596e+00,-2.333333333332120674e+00,-6.333333333333939663e+00,-3.733333333333575865e+00,-1.933333333334303461e+00,-5.999999999985448085e-01,-2.333333333333939663e+00,-6.666666666660603369e-01,-9.333333333324844716e-01,-7.999999999992724042e-01,-2.266666666670062114e+00,-4.533333333332848269e+00,-3.000000000001818989e+00,-5.799999999999272404e+00,-3.533333333334667259e+00,-7.466666666665332741e+00,-3.066666666667515528e+00,3.666666666666060337e+00,1.266666666668243124e+00,-2.666666666664241347e-01,-3.466666666665332741e+00,-2.600000000000363798e+00,-1.733333333333575865e+00,4.666666666671517305e-01,-2.066666666667515528e+00,-3.733333333335394855e+00,-1.066666666663877550e+00,9.333333333306654822e-01,3.400000000003274181e+00,-4.599999999998544808e+00,3.600000000000363798e+00,-6.666666666751552839e-02,-3.333333333333939663e+00,-6.466666666668970720e+00,-3.533333333332848269e+00,8.666666666667879326e-01,3.333333333339396631e-01,-6.466666666665332741e+00,4.000000000014551915e-01,1.399999999997817213e+00,1.933333333332484472e+00,3.200000000000727596e+00,-3.933333333334303461e+00,-5.533333333334667259e+00,-1.799999999999272404e+00,-2.866666666668606922e+00,-2.533333333329210291e+00,-1.600000000002182787e+00,3.733333333335394855e+00,-1.333333333332120674e-01,-4.666666666667879326e+00,-4.000000000000000000e+00,2.533333333331029280e+00,-4.333333333332120674e+00,-1.200000000000727596e+00,-3.466666666665332741e+00,-5.866666666666787933e+00,-6.200000000000727596e+00,-1.599999999998544808e+00,3.000000000000000000e+00,-1.133333333333212067e+00,-1.333333333333939663e+00,-1.466666666667151731e+00,-1.666666666666060337e+00,4.466666666667151731e+00,1.066666666667515528e+00,-1.399999999999636202e+00,-2.666666666666060337e+00,1.333333333333939663e+00,-5.800000000002910383e+00,-3.000000000001818989e+00,-1.133333333331393078e+00,1.399999999999636202e+00,-1.600000000000363798e+00,-7.999999999992724042e-01,-2.933333333332484472e+00,-2.266666666666424135e+00,1.799999999999272404e+00,-2.399999999999636202e+00,-8.066666666667515528e+00,-4.733333333333575865e+00,-4.866666666666787933e+00,-2.266666666664605145e+00,-1.266666666666424135e+00,1.466666666661694762e+00,3.333333333333939663e+00,-2.733333333333575865e+00,2.600000000004001777e+00,-9.333333333361224504e-01,2.000000000007275958e-01,-4.666666666671517305e-01,-5.399999999997817213e+00,-4.600000000000363798e+00,-5.599999999998544808e+00,1.333333333332120674e-01,2.799999999999272404e+00,2.199999999998908606e+00,1.000000000000000000e+00,-1.066666666667515528e+00,-1.799999999999272404e+00,-8.266666666666424135e+00,2.599999999998544808e+00,-4.999999999998181011e+00,-9.333333333343034610e-01,-3.466666666665332741e+00,-3.133333333331393078e+00,3.733333333331756876e+00,-4.933333333334303461e+00,6.400000000001455192e+00,-4.666666666671517305e-01,-5.733333333335394855e+00,-3.000000000000000000e+00,4.000000000014551915e-01,-3.533333333332848269e+00,-5.333333333328482695e-01,2.200000000000727596e+00,-2.000000000001818989e+00,-3.933333333334303461e+00,-2.733333333333575865e+00,-3.333333333321206737e-01,1.533333333332848269e+00,-4.333333333332120674e+00,4.466666666667151731e+00,-1.866666666666787933e+00,-4.666666666671517305e-01,7.133333333335031057e+00,1.599999999998544808e+00,-1.266666666666424135e+00
-2.866666666666787933e+00,-3.466666666667151731e+00,-2.600000000000363798e+00,-1.400000000001455192e+00,-1.266666666666424135e+00,-2.133333333331393078e+00,1.133333333333212067e+00,-4.866666666666787933e+00,8.666666666649689432e-01,-1.799999999997453415e+00,3.333333333332120674e+00,8.666666666667879326e-01,2.466666666665332741e+00,8.933333333336122450e+00,2.433333333333212067e+01,3.500000000000000000e+01,3.860000000000036380e+01,4.166666666666606034e+01,4.473333333333357587e+01,4.113333333333321207e+01,4.353333333333284827e+01,4.533333333333393966e+01,4.686666666666678793e+01,4.493333333333248447e+01,4.920000000000436557e+01,3.906666666666387755e+01,4.306666666666569654e+01,3.779999999999927240e+01,2.966666666666606034e+01,1.620000000000072760e+01,2.733333333333575865e+00,-1.266666666666424135e+00,-4.600000000000363798e+00,-6.933333333334303461e+00,-3.533333333332848269e+00,-3.466666666667151731e+00,-9.666666666666060337e+00,-8.200000000000727596e+00,-7.466666666665332741e+00,-1.020000000000072760e+01,-7.600000000000363798e+00,-8.533333333331029280e+00,-8.933333333334303461e+00,-1.186666666666678793e+01,-5.399999999999636202e+00,-2.333333333333939663e+00,-1.266666666666424135e+00,-5.733333333333575865e+00,-9.466666666667151731e+00,-8.866666666663149954e+00,-1.060000000000218279e+01,-4.733333333335394855e+00,-5.800000000001091394e+00,-1.013333333333321207e+01,-9.066666666665696539e+00,-7.199999999998908606e+00,-1.073333333333357587e+01,-6.666666666667879326e+00,-2.066666666665696539e+00,-9.800000000001091394e+00,-1.039999999999781721e+01,-1.093333333333430346e+01,-9.133333333335031057e+00,-5.066666666663877550e+00,-3.266666666668243124e+00,-3.866666666664968943e+00,-9.933333333334303461e+00,-8.133333333333212067e+00,-4.266666666666424135e+00,-7.133333333333212067e+00,-6.333333333333939663e+00,-2.600000000000363798e+00,-9.133333333333212067e+00,-1.206666666666751553e+01,-5.799999999999272404e+00,-3.200000000000727596e+00,-5.799999999999272404e+00,-5.733333333333575865e+00,-4.133333333331393078e+00,-2.533333333332848269e+00,-5.866666666668606922e+00,-3.000000000001818989e+00,-2.933333333332484472e+00,-7.866666666666787933e+00,-1.666666666666060337e+00,-2.333333333332120674e+00,2.666666666682431241e-01,-4.933333333334303461e+00,4.533333333332848269e+00,-2.533333333332848269e+00,-5.066666666665696539e+00,-1.000000000000000000e+00,2.666666666646051453e-01,-4.133333333331393078e+00,-6.333333333333939663e+00,-5.266666666668243124e+00,-1.266666666666424135e+00,-2.666666666664241347e-01,2.333333333332120674e+00,-6.333333333333939663e+00,-9.333333333324844716e-01,-7.733333333333575865e+00,3.799999999999272404e+00,-2.199999999997089617e+00,-1.333333333333939663e+00,-3.266666666666424135e+00,-7.199999999998908606e+00,-5.333333333335758653e+00,-1.333333333332120674e-01,-2.799999999999272404e+00,1.266666666666424135e+00,5.333333333310292801e-01,-7.599999999996725819e+00,-5.266666666668243124e+00,2.066666666667515528e+00,-5.600000000000363798e+00,-3.066666666667515528e+00,-4.333333333333939663e+00,-5.066666666665696539e+00,-2.933333333336122450e+00,-1.466666666665332741e+00,2.266666666668243124e+00,1.266666666666424135e+00,-6.399999999999636202e+00,2.600000000000363798e+00,-1.133333333333212067e+00,-1.466666666667151731e+00,4.533333333332848269e+00,-1.199999999998908606e+00,-1.933333333334303461e+00,-3.333333333321206737e-01,-1.000000000000000000e+00,-1.599999999998544808e+00,-2.733333333331756876e+00,1.999999999970896170e-01,-1.466666666667151731e+00,-6.000000000021827873e-01,-2.000000000000000000e+00,2.466666666665332741e+00,-8.799999999997453415e+00,-4.466666666665332741e+00,-5.133333333333212067e+00,-7.466666666667151731e+00,-4.733333333331756876e+00,-4.666666666667879326e+00,-5.000000000000000000e+00,-3.533333333334667259e+00,2.333333333333939663e+00,0.000000000000000000e+00,-3.000000000001818989e+00,-4.000000000000000000e+00,-5.533333333332848269e+00,-4.000000000000000000e+00,-2.866666666666787933e+00,-9.333333333324844716e-01,-4.000000000000000000e+00,-4.000000000000000000e+00,-1.399999999997817213e+00,9.333333333306654822e-01,6.000000000003637979e-01,-3.333333333333939663e+00,-1.866666666664968943e+00,-5.000000000001818989e+00,-2.799999999999272404e+00,-5.000000000000000000e+00,-6.000000000003637979e-01,-1.200000000000727596e+00,-4.733333333333575865e+00,-1.533333333334667259e+00,-1.199999999998908606e+00,7.333333333335758653e-01,-1.399999999997817213e+00,-2.733333333335394855e+00,-5.133333333331393078e+00,-8.133333333333212067e+00,-1.333333333333939663e+00,-8.000000000010913936e-01,-3.466666666665332741e+00,-6.066666666663877550e+00,5.333333333310292801e-01,-3.066666666667515528e+00,5.999999999985448085e-01,2.666666666669698316e+00,-2.000000000000000000e+00,-2.066666666667515528e+00,-4.733333333331756876e+00,-7.333333333335758653e-01,-3.066666666667515528e+00,6.000000000003637979e-01,2.133333333331393078e+00,2.666666666667879326e+00,-2.533333333332848269e+00,-5.200000000000727596e+00,-2.600000000000363798e+00,-5.133333333333212067e+00,-1.666666666666060337e+00,-6.199999999998908606e+00,-5.000000000000000000e+00,-5.666666666667879326e+00,1.066666666667515528e+00,-2.133333333335031057e+00,-5.666666666666060337e+00,1.266666666668243124e+00,-1.133333333333212067e+00,-1.733333333333575865e+00,-5.600000000000363798e+00,-6.666666666751552839e-02,-7.333333333335758653e-01,2.799999999999272404e+00,2.666666666664241347e-01,-9.999999999981810106e-01,6.666666666569653898e-02,6.666666666678793263e-01,-8.666666666667879326e-01,-2.600000000000363798e+00,3.333333333333939663e+00,-2.000000000007275958e-01,1.133333333333212067e+00,-4.600000000000363798e+00,2.066666666667515528e+00,-2.399999999999636202e+00,-3.000000000001818989e+00,-3.000000000000000000e+00,-8.000000000010913936e-01,-1.333333333330301684e+00,-3.333333333357586525e-01,-7.999999999992724042e-01,-2.600000000000363798e+00,1.000000000000000000e+00,-2.599999999998544808e+00,-3.799999999999272404e+00,1.333333333332120674e+00,-7.333333333332120674e+00,-2.666666666664241347e-01,-3.933333333334303461e+00,1.466666666665332741e+00,5.333333333346672589e-01,3.333333333333939663e+00,-3.133333333333212067e+00,-1.800000000001091394e+00,-1.399999999999636202e+00,-3.666666666666060337e+00,-2.000000000000000000e+00,-4.733333333333575865e+00,-1.533333333332848269e+00,-3.399999999999636202e+00,-2.666666666666060337e+00,3.133333333331393078e+00,-1.400000000001455192e+00,-5.466666666665332741e+00,-8.666666666704259114e-01,-7.333333333317568759e-01,-2.199999999998908606e+00,1.466666666668970720e+00,1.133333333331393078e+00,-2.199999999998908606e+00,-2.466666666667151731e+00,-1.333333333332120674e+00,-7.333333333353948547e-01,-5.666666666666060337e+00,3.999999999996362021e-01,-8.666666666649689432e-01,-2.666666666666060337e+00,-3.333333333339396631e-01,3.999999999996362021e-01,1.000000000000000000e+00,-4.733333333335394855e+00,-1.000000000000000000e+00,-6.799999999999272404e+00,-1.199999999998908606e+00,-2.666666666666060337e+00,4.666666666653327411e-01,0.000000000000000000e+00,3.400000000001455192e+00,3.066666666665696539e+00,-4.266666666666424135e+00,-1.133333333331393078e+00,-3.400000000001455192e+00,8.666666666649689432e-01,4.666666666671517305e-01,-5.400000000001455192e+00,7.333333333335758653e-01,-2.933333333330665482e+00,1.533333333332848269e+00,-4.200000000000727596e+00,2.133333333333212067e+00,3.333333333339396631e-01,-2.266666666668243124e+00,-1.000000000000000000e+00,-2.066666666667515528e+00,1.333333333332120674e+00,-3.133333333333212067e+00,-1.799999999997453415e+00,1.666666666666060337e+00,-1.000000000000000000e+00,-2.666666666666060337e+00,-1.599999999998544808e+00,1.066666666665696539e+00,-2.466666666667151731e+00,-1.999999999989086064e-01,-2.600000000000363798e+00,-3.666666666666060337e+00,-2.666666666664241347e-01,-2.466666666668970720e+00,2.800000000002910383e+00,1.133333333331393078e+00,-1.133333333335031057e+00,-1.133333333333212067e+00,-8.666666666664241347e+00,1.733333333331756876e+00,3.600000000000363798e+00,-5.333333333328482695e-01,-3.866666666666787933e+00,2.066666666665696539e+00
8.666666666667879326e-01,1.000000000000000000e+00,-1.533333333334667259e+00,5.466666666667151731e+00,7.333333333335758653e-01,2.999999999998181011e+00,3.333333333339396631e-01,-1.333333333332120674e+00,1.266666666666424135e+00,-2.000000000000000000e+00,-1.133333333333212067e+00,1.600000000000363798e+00,2.000000000007275958e-01,3.733333333333575865e+00,9.933333333332484472e+00,1.006666666666569654e+01,1.200000000000181899e+01,1.660000000000036380e+01,1.560000000000036380e+01,1.753333333333284827e+01,1.933333333333212067e+01,1.713333333333321207e+01,1.719999999999890861e+01,1.853333333333284827e+01,2.080000000000109139e+01,2.020000000000072760e+01,2.019999999999890861e+01,1.966666666666606034e+01,1.780000000000109139e+01,1.166666666666424135e+01,9.133333333335031057e+00,2.799999999999272404e+00,2.600000000002182787e+00,2.266666666666424135e+00,1.399999999999636202e+00,-3.466666666668970720e+00,2.466666666668970720e+00,1.133333333333212067e+00,-2.200000000000727596e+00,9.333333333343034610e-01,-5.333333333346672589e-01,-7.733333333331756876e+00,-2.733333333335394855e+00,-5.133333333333212067e+00,-1.333333333330301684e+00,-5.533333333336486248e+00,6.666666666678793263e-01,-8.199999999998908606e+00,-1.866666666668606922e+00,-9.333333333306654822e-01,-3.733333333333575865e+00,-3.866666666668606922e+00,-6.000000000000000000e+00,2.133333333333212067e+00,-6.266666666666424135e+00,-4.333333333332120674e+00,2.466666666665332741e+00,-6.066666666665696539e+00,-2.533333333334667259e+00,-9.933333333332484472e+00,-2.466666666665332741e+00,-4.200000000002546585e+00,-1.333333333332120674e-01,-1.933333333332484472e+00,1.399999999999636202e+00,8.666666666666060337e+00,-8.666666666667879326e-01,1.040000000000327418e+01,-1.400000000001455192e+00,4.866666666666787933e+00,3.866666666666787933e+00,7.200000000000727596e+00,5.066666666665696539e+00,3.466666666667151731e+00,8.999999999998181011e+00,2.000000000000000000e+00,1.666666666666060337e+00,5.933333333332484472e+00,-1.733333333331756876e+00,-1.866666666666787933e+00,-4.599999999998544808e+00,-1.399999999999636202e+00,-6.666666666666060337e+00,2.866666666664968943e+00,-2.600000000002182787e+00,-3.999999999996362021e-01,-2.066666666667515528e+00,-5.333333333333939663e+00,-2.066666666665696539e+00,5.333333333346672589e-01,1.400000000001455192e+00,5.666666666667879326e+00,4.133333333333212067e+00,6.866666666664968943e+00,6.600000000000363798e+00,2.466666666665332741e+00,8.266666666666424135e+00,1.273333333333357587e+01,6.866666666666787933e+00,9.799999999999272404e+00,7.933333333334303461e+00,1.120000000000072760e+01,8.666666666667879326e+00,1.113333333333321207e+01,8.266666666666424135e+00,1.866666666666787933e+00,3.200000000000727596e+00,3.199999999998908606e+00,5.733333333333575865e+00,1.333333333313930780e-01,2.066666666667515528e+00,1.533333333334667259e+00,-3.799999999999272404e+00,-3.266666666668243124e+00,-3.399999999997817213e+00,-1.266666666666424135e+00,-5.533333333332848269e+00,-2.000000000007275958e-01,-8.866666666668606922e+00,-8.200000000000727596e+00,2.333333333332120674e+00,-4.000000000000000000e+00,-4.533333333332848269e+00,-6.666666666666060337e+00,-8.000000000000000000e+00,-2.066666666665696539e+00,-2.800000000001091394e+00,-5.333333333332120674e+00,-3.333333333321206737e-01,-6.666666666678793263e-01,1.600000000000363798e+00,-5.399999999999636202e+00,1.933333333332484472e+00,2.600000000000363798e+00,2.866666666666787933e+00,5.266666666666424135e+00,2.533333333334667259e+00,3.733333333333575865e+00,3.600000000000363798e+00,3.399999999999636202e+00,-6.666666666751552839e-02,6.666666666642413475e-01,3.733333333333575865e+00,-4.266666666666424135e+00,-1.866666666668606922e+00,-3.866666666664968943e+00,1.999999999989086064e-01,-5.333333333328482695e-01,8.666666666686069220e-01,5.333333333328482695e-01,-3.466666666667151731e+00,5.733333333333575865e+00,-1.200000000000727596e+00,-1.533333333332848269e+00,3.733333333333575865e+00,4.066666666667515528e+00,-2.266666666668243124e+00,-3.066666666665696539e+00,1.066666666665696539e+00,5.266666666664605145e+00,-3.333333333332120674e+00,6.000000000003637979e-01,-2.333333333332120674e+00,2.266666666668243124e+00,-2.533333333332848269e+00,-1.666666666667879326e+00,-8.466666666667151731e+00,-5.733333333333575865e+00,-6.666666666667879326e+00,-6.799999999999272404e+00,-4.533333333332848269e+00,-2.333333333335758653e+00,2.133333333335031057e+00,-1.133333333333212067e+00,-9.600000000000363798e+00,3.999999999996362021e-01,-2.266666666666424135e+00,-3.399999999999636202e+00,-2.399999999999636202e+00,-3.200000000000727596e+00,-4.933333333334303461e+00,-1.666666666667879326e+00,1.333333333332120674e-01,1.933333333336122450e+00,3.200000000000727596e+00,-3.333333333333939663e+00,-5.533333333332848269e+00,-3.333333333332120674e+00,-1.800000000002910383e+00,1.200000000000727596e+00,-9.999999999981810106e-01,2.733333333329937886e+00,8.000000000029103830e-01,-6.000000000003637979e-01,-1.666666666666060337e+00,7.466666666667151731e+00,9.333333333324844716e-01,6.000000000003637979e-01,1.666666666666060337e+00,3.466666666667151731e+00,2.266666666666424135e+00,1.799999999999272404e+00,-2.599999999996725819e+00,-4.666666666689707199e-01,3.333333333339396631e-01,1.333333333332120674e+00,1.666666666666060337e+00,-6.333333333332120674e+00,-3.133333333333212067e+00,2.200000000000727596e+00,-5.399999999999636202e+00,-1.533333333332848269e+00,-3.266666666666424135e+00,-3.533333333332848269e+00,-5.666666666666060337e+00,-3.266666666668243124e+00,1.399999999997817213e+00,1.000000000001818989e+00,-8.666666666649689432e-01,-3.400000000001455192e+00,-3.000000000000000000e+00,-8.066666666667515528e+00,3.000000000000000000e+00,-4.399999999999636202e+00,-4.866666666666787933e+00,-5.933333333334303461e+00,-3.399999999999636202e+00,-2.000000000001818989e+00,-3.999999999998181011e+00,-2.733333333333575865e+00,-2.133333333333212067e+00,-3.066666666667515528e+00,-3.933333333334303461e+00,-4.666666666666060337e+00,-8.000000000010913936e-01,-7.999999999974534148e-01,-5.266666666670062114e+00,-5.133333333331393078e+00,-2.000000000000000000e+00,-3.600000000000363798e+00,-1.399999999997817213e+00,-5.200000000000727596e+00,-5.533333333332848269e+00,3.266666666668243124e+00,-2.466666666668970720e+00,-3.000000000000000000e+00,-2.066666666665696539e+00,-1.733333333333575865e+00,-1.066666666665696539e+00,-5.666666666666060337e+00,-7.000000000001818989e+00,1.533333333331029280e+00,-9.333333333324844716e-01,6.666666666569653898e-02,-9.333333333324844716e-01,-4.266666666664605145e+00,-4.266666666668243124e+00,-1.333333333330301684e+00,-4.400000000001455192e+00,-2.066666666667515528e+00,-3.400000000001455192e+00,-1.466666666665332741e+00,-6.000000000003637979e-01,1.333333333332120674e-01,-3.533333333331029280e+00,-1.333333333333939663e+00,-3.999999999996362021e-01,-1.400000000001455192e+00,-4.533333333334667259e+00,-3.999999999996362021e-01,-8.000000000010913936e-01,4.000000000001818989e+00,-2.000000000007275958e-01,-5.400000000001455192e+00,-4.933333333332484472e+00,2.000000000007275958e-01,-3.599999999998544808e+00,-4.600000000000363798e+00,-4.133333333333212067e+00,1.333333333313930780e-01,-2.733333333331756876e+00,-6.266666666668243124e+00,-2.133333333331393078e+00,-6.266666666668243124e+00,-2.266666666668243124e+00,-4.199999999997089617e+00,-6.933333333334303461e+00,-2.933333333332484472e+00,1.133333333335031057e+00,-4.666666666689707199e-01,-6.933333333332484472e+00,-3.533333333334667259e+00,-4.533333333332848269e+00,-1.200000000000727596e+00,1.400000000001455192e+00,-3.333333333333939663e+00,-7.466666666667151731e+00,-3.066666666667515528e+00,-4.666666666671517305e-01,-2.333333333330301684e+00,6.666666666387754958e-02,1.333333333350310568e-01,-2.000000000000000000e+00,-7.866666666666787933e+00,-4.799999999997453415e+00,7.999999999992724042e-01,-1.000000000000000000e+00,1.333333333332120674e-01,-1.040000000000145519e+01,-3.399999999999636202e+00,-1.133333333333212067e+00,6.399999999999636202e+00,-4.199999999998908606e+00,-2.533333333334667259e+00
-1.399999999999636202e+00,1.066666666665696539e+00,-3.533333333332848269e+00,2.800000000001091394e+00,-2.733333333331756876e+00,-1.818989403545856476e-12,-3.333333333332120674e+00,1.066666666667515528e+00,-1.000000000000000000e+00,-2.800000000001091394e+00,-4.200000000000727596e+00,-6.000000000003637979e-01,-3.266666666666424135e+00,-3.999999999996362021e-01,6.666666666667879326e+00,6.866666666666787933e+00,4.866666666664968943e+00,6.400000000001455192e+00,6.133333333333212067e+00,9.799999999999272404e+00,5.266666666666424135e+00,1.186666666666678793e+01,8.000000000001818989e+00,8.866666666666787933e+00,1.339999999999781721e+01,1.333333333333212067e+01,1.079999999999927240e+01,1.046666666667078971e+01,6.000000000000000000e+00,6.066666666663877550e+00,3.133333333335031057e+00,2.066666666667515528e+00,4.266666666664605145e+00,-1.066666666665696539e+00,-3.333333333339396631e-01,2.800000000001091394e+00,-8.666666666667879326e-01,2.000000000007275958e-01,-1.333333333333939663e+00,-2.333333333333939663e+00,-1.466666666667151731e+00,-8.666666666649689432e-01,3.866666666666787933e+00,-2.666666666664241347e-01,-3.733333333335394855e+00,-3.800000000001091394e+00,2.466666666665332741e+00,-6.799999999999272404e+00,-3.000000000000000000e+00,-7.999999999992724042e-01,-4.666666666653327411e-01,-2.666666666682431241e-01,-5.666666666664241347e+00,5.333333333328482695e-01,-2.933333333332484472e+00,-8.666666666667879326e-01,-4.000000000000000000e+00,-8.200000000000727596e+00,-2.666666666667879326e+00,-3.333333333333939663e+00,-4.733333333333575865e+00,-7.666666666666060337e+00,-2.933333333332484472e+00,2.666666666646051453e-01,-3.533333333331029280e+00,-2.200000000000727596e+00,-6.466666666665332741e+00,-9.333333333324844716e-01,-5.866666666666787933e+00,-4.199999999998908606e+00,-5.333333333328482695e-01,1.199999999998908606e+00,5.999999999985448085e-01,-2.399999999999636202e+00,9.333333333324844716e-01,6.666666666569653898e-02,4.399999999999636202e+00,4.866666666666787933e+00,-3.266666666666424135e+00,6.000000000003637979e-01,6.000000000003637979e-01,1.666666666666060337e+00,3.133333333333212067e+00,1.933333333334303461e+00,2.533333333334667259e+00,1.333333333330301684e+00,-8.666666666649689432e-01,1.039999999999963620e+01,1.219999999999890861e+01,9.733333333335394855e+00,1.326666666666460515e+01,1.386666666666678793e+01,1.213333333333321207e+01,1.840000000000145519e+01,1.593333333333248447e+01,1.113333333333321207e+01,1.600000000000000000e+01,1.646666666666715173e+01,1.293333333333430346e+01,1.220000000000072760e+01,1.200000000000000000e+01,1.446666666666351375e+01,4.666666666689707199e-01,4.266666666664605145e+00,1.533333333332848269e+00,3.933333333334303461e+00,-2.933333333332484472e+00,-3.399999999999636202e+00,-4.266666666666424135e+00,0.000000000000000000e+00,-5.000000000000000000e+00,-4.666666666667879326e+00,-2.266666666666424135e+00,-1.333333333350310568e-01,2.800000000002910383e+00,3.333333333330301684e+00,3.066666666671153507e+00,1.086666666666496894e+01,7.333333333335758653e+00,1.240000000000145519e+01,6.533333333331029280e+00,1.059999999999854481e+01,1.439999999999963620e+01,1.033333333333212067e+01,8.400000000001455192e+00,1.826666666666642413e+01,1.426666666666460515e+01,8.600000000002182787e+00,9.533333333332848269e+00,5.266666666668243124e+00,8.199999999998908606e+00,6.466666666667151731e+00,6.533333333332848269e+00,6.066666666665696539e+00,6.533333333334667259e+00,8.733333333333575865e+00,7.933333333334303461e+00,6.199999999998908606e+00,8.466666666667151731e+00,8.066666666665696539e+00,1.800000000001091394e+00,2.733333333333575865e+00,4.133333333333212067e+00,7.933333333332484472e+00,1.073333333333357587e+01,5.000000000000000000e+00,4.066666666667515528e+00,-3.999999999996362021e-01,-1.733333333333575865e+00,-6.666666666678793263e-01,3.999999999996362021e-01,-4.000000000000000000e+00,-5.333333333332120674e+00,-4.133333333333212067e+00,-3.866666666666787933e+00,-5.533333333334667259e+00,-1.733333333333575865e+00,-3.199999999998908606e+00,-3.533333333334667259e+00,-5.066666666665696539e+00,-2.533333333332848269e+00,-8.666666666686069220e-01,-3.333333333321206737e-01,1.533333333334667259e+00,1.466666666665332741e+00,-2.799999999999272404e+00,-1.666666666667879326e+00,2.666666666664241347e-01,-1.866666666664968943e+00,-4.799999999999272404e+00,3.866666666663149954e+00,1.399999999999636202e+00,3.733333333333575865e+00,-4.266666666664605145e+00,-1.533333333332848269e+00,-3.266666666666424135e+00,-2.333333333335758653e+00,-5.933333333332484472e+00,-6.266666666666424135e+00,-9.399999999999636202e+00,-6.399999999999636202e+00,-3.400000000003274181e+00,-8.933333333332484472e+00,-1.866666666666787933e+00,-4.333333333332120674e+00,-5.600000000000363798e+00,-7.000000000000000000e+00,-4.866666666663149954e+00,-6.000000000003637979e-01,-5.800000000001091394e+00,-2.199999999998908606e+00,-4.733333333335394855e+00,-3.533333333334667259e+00,-1.266666666666424135e+00,-1.733333333335394855e+00,-2.799999999999272404e+00,-2.866666666666787933e+00,-5.999999999985448085e-01,-3.066666666665696539e+00,7.333333333335758653e-01,-3.533333333334667259e+00,-1.733333333333575865e+00,-1.333333333333939663e+00,-3.933333333332484472e+00,-1.066666666663877550e+00,-5.400000000001455192e+00,-6.066666666665696539e+00,-5.333333333332120674e+00,-1.333333333350310568e-01,-2.600000000002182787e+00,1.733333333333575865e+00,6.000000000003637979e-01,2.200000000000727596e+00,-3.666666666666060337e+00,1.333333333332120674e-01,1.133333333333212067e+00,-2.066666666665696539e+00,-2.600000000000363798e+00,-2.600000000000363798e+00,-1.466666666667151731e+00,-1.066666666667515528e+00,3.466666666668970720e+00,2.733333333333575865e+00,-4.466666666667151731e+00,-9.333333333324844716e-01,-6.399999999999636202e+00,-6.933333333332484472e+00,-4.733333333335394855e+00,-2.200000000000727596e+00,-2.933333333334303461e+00,-6.866666666668606922e+00,-3.599999999996725819e+00,-7.000000000001818989e+00,-2.333333333332120674e+00,-5.600000000000363798e+00,-3.333333333333939663e+00,-2.000000000000000000e+00,-3.333333333330301684e+00,-3.600000000000363798e+00,-4.800000000002910383e+00,1.133333333333212067e+00,9.333333333324844716e-01,-4.066666666663877550e+00,-4.333333333333939663e+00,-2.133333333335031057e+00,1.333333333350310568e-01,-3.399999999999636202e+00,6.666666666569653898e-02,-1.399999999997817213e+00,-1.200000000000727596e+00,-1.599999999998544808e+00,-8.000000000001818989e+00,-2.266666666664605145e+00,-5.200000000002546585e+00,1.333333333350310568e-01,-5.733333333333575865e+00,-3.600000000002182787e+00,-1.999999999989086064e-01,-2.800000000001091394e+00,-5.066666666667515528e+00,-4.533333333332848269e+00,-3.799999999999272404e+00,-3.533333333334667259e+00,-2.133333333333212067e+00,-3.399999999997817213e+00,-6.600000000000363798e+00,1.400000000001455192e+00,-1.466666666667151731e+00,1.933333333334303461e+00,-6.466666666667151731e+00,-5.733333333333575865e+00,-3.799999999999272404e+00,-1.933333333334303461e+00,3.333333333321206737e-01,1.399999999999636202e+00,-1.600000000002182787e+00,-3.999999999996362021e-01,-2.599999999998544808e+00,-4.800000000001091394e+00,-1.200000000000727596e+00,1.600000000004001777e+00,-3.533333333336486248e+00,-4.266666666664605145e+00,-9.000000000000000000e+00,-2.666666666664241347e-01,-5.333333333328482695e-01,-1.000000000000000000e+00,-3.666666666667879326e+00,-3.466666666667151731e+00,-6.399999999999636202e+00,-1.533333333332848269e+00,-1.200000000000727596e+00,-5.999999999998181011e+00,-3.333333333330301684e+00,-6.866666666668606922e+00,-6.600000000002182787e+00,-7.800000000001091394e+00,-4.399999999997817213e+00,1.333333333332120674e+00,-5.133333333333212067e+00,-3.599999999998544808e+00,-2.200000000000727596e+00,-4.399999999999636202e+00,-2.800000000001091394e+00,-4.200000000000727596e+00,-3.799999999999272404e+00,-4.800000000001091394e+00,-1.999999999989086064e-01,-1.399999999999636202e+00,2.333333333333939663e+00,-3.999999999996362021e-01,-1.000000000000000000e+00,7.333333333317568759e-01,-1.466666666665332741e+00
1.666666666667879326e+00,2.266666666665514640e+00,-1.666666666666060337e+00,-2.600000000000363798e+00,-2.066666666665696539e+00,-1.266666666667333629e+00,3.333333333330301684e-01,8.000000000001818989e-01,2.666666666664241347e-01,1.666666666666969832e+00,-5.333333333328482695e-01,1.933333333333393966e+00,-6.666666666660603369e-02,-1.000000000000000000e+00,2.599999999999454303e+00,3.333333333333939663e+00,-1.199999999999818101e+00,6.533333333332848269e+00,7.799999999998362910e+00,8.133333333334121562e+00,4.266666666667333629e+00,5.999999999994543032e-01,6.000000000003637979e-01,3.533333333333757764e+00,1.866666666666787933e+00,5.399999999998726707e+00,2.400000000000545697e+00,2.400000000000545697e+00,2.466666666665332741e+00,2.466666666668061225e+00,3.000000000000000000e+00,1.399999999998726707e+00,-1.066666666666606034e+00,-2.866666666665878438e+00,-5.333333333333030168e+00,9.999999999981810106e-01,1.466666666667151731e+00,3.200000000000727596e+00,-1.133333333334121562e+00,1.733333333334485360e+00,1.066666666665696539e+00,2.666666666664241347e-01,-1.999999999989086064e-01,5.333333333328482695e-01,1.266666666667333629e+00,-3.266666666668243124e+00,3.333333333348491578e-01,-9.333333333343034610e-01,-3.666666666666060337e+00,-6.666666666751552839e-02,-6.666666666660603369e-01,-1.800000000001091394e+00,-4.133333333331393078e+00,1.666666666666060337e+00,-7.999999999992724042e-01,-3.199999999999818101e+00,-1.133333333334121562e+00,4.666666666671517305e-01,1.066666666666606034e+00,-2.533333333333757764e+00,-1.933333333333393966e+00,2.666666666673336294e-01,-5.333333333328482695e-01,-1.133333333333212067e+00,-7.333333333344853600e-01,-4.533333333333757764e+00,-1.066666666665696539e+00,4.666666666666060337e+00,-4.400000000000545697e+00,-3.000000000000000000e+00,1.000000000000909495e+00,1.466666666666242236e+00,2.000000000000000000e+00,-2.399999999998726707e+00,2.466666666666242236e+00,-1.066666666667515528e+00,-1.266666666665514640e+00,-2.733333333333575865e+00,2.666666666666969832e+00,5.133333333332302573e+00,8.666666666658784379e-01,-1.533333333332848269e+00,-3.733333333333575865e+00,-8.000000000010913936e-01,1.533333333333757764e+00,-1.466666666667151731e+00,2.666666666667879326e+00,-5.933333333333393966e+00,1.200000000000727596e+00,-1.466666666666242236e+00,3.200000000000727596e+00,-1.266666666666424135e+00,9.333333333333939663e-01,-4.666666666671517305e-01,-1.999999999989086064e-01,3.133333333332302573e+00,6.666666666669698316e-01,7.999999999983629095e-01,2.600000000001273293e+00,-2.400000000000545697e+00,-6.666666666751552839e-02,-2.000000000000000000e+00,4.266666666667333629e+00,4.666666666662422358e-01,-4.333333333333030168e+00,-2.000000000007275958e-01,1.000000000000000000e+00,2.466666666665332741e+00,-1.733333333331756876e+00,-1.000000000000000000e+00,7.333333333335758653e-01,1.800000000000181899e+00,-8.000000000010913936e-01,3.999999999996362021e-01,-1.133333333333212067e+00,-3.199999999999818101e+00,-4.800000000000181899e+00,-1.599999999999454303e+00,-1.066666666667515528e+00,1.933333333333393966e+00,-4.533333333332848269e+00,-4.666666666662422358e-01,-4.466666666665332741e+00,2.199999999999818101e+00,-2.466666666667151731e+00,-4.066666666666606034e+00,-3.333333333330301684e-01,-1.066666666667515528e+00,-1.799999999999272404e+00,-8.666666666667879326e-01,-5.333333333337577642e-01,2.933333333334303461e+00,-2.866666666667697427e+00,2.666666666673336294e-01,-3.333333333334849158e+00,1.866666666668606922e+00,-2.399999999999636202e+00,2.066666666665696539e+00,-1.999999999989086064e-01,-3.333333333339396631e-01,1.333333333333030168e+00,-2.200000000000727596e+00,-2.733333333332666371e+00,1.333333333333030168e+00,-3.999999999996362021e-01,1.066666666666606034e+00,-3.733333333332666371e+00,5.333333333328482695e-01,-1.933333333332484472e+00,4.666666666662422358e-01,-1.666666666666969832e+00,7.999999999992724042e-01,-6.666666666669698316e-01,-1.800000000000181899e+00,6.666666666751552839e-02,5.333333333328482695e-01,-6.666666666669698316e-01,1.399999999999636202e+00,1.133333333334121562e+00,-7.333333333344853600e-01,-8.666666666658784379e-01,2.199999999999818101e+00,5.533333333332848269e+00,-5.333333333319387748e-01,1.999999999998181011e+00,5.333333333337577642e-01,-1.733333333333575865e+00,4.666666666680612252e-01,2.599999999999454303e+00,-2.133333333331393078e+00,-2.266666666666424135e+00,8.666666666667879326e-01,-3.999999999996362021e-01,-1.533333333334667259e+00,6.666666666751552839e-02,-2.066666666668425023e+00,-5.999999999994543032e-01,-3.533333333334667259e+00,9.333333333343034610e-01,-2.600000000001273293e+00,6.666666666660603369e-01,-1.533333333331938775e+00,-2.799999999999272404e+00,-6.333333333333030168e+00,1.066666666666606034e+00,-1.733333333333575865e+00,-1.466666666667151731e+00,5.333333333337577642e-01,-3.333333333333939663e+00,-1.066666666666606034e+00,3.999999999996362021e-01,-3.799999999999272404e+00,-1.000000000000000000e+00,-1.266666666666424135e+00,-4.600000000000363798e+00,-3.600000000000363798e+00,8.000000000010913936e-01,-1.666666666666969832e+00,1.999999999999090505e+00,-3.199999999998908606e+00,-1.818989403545856476e-12,1.933333333334303461e+00,-9.999999999990905053e-01,-9.333333333343034610e-01,1.400000000000545697e+00,-2.333333333333030168e+00,-1.666666666666969832e+00,-2.000000000000000000e+00,-2.666666666666969832e+00,6.000000000000000000e+00,2.933333333333393966e+00,-1.533333333333757764e+00,5.333333333328482695e-01,6.000000000012732926e-01,2.133333333333212067e+00,5.333333333328482695e-01,-2.333333333333939663e+00,-2.600000000000363798e+00,9.333333333352129557e-01,-1.933333333334303461e+00,3.333333333333030168e+00,4.199999999999818101e+00,3.600000000000363798e+00,5.333333333346672589e-01,1.799999999999272404e+00,9.094947017729282379e-13,2.333333333332120674e+00,-2.133333333333212067e+00,8.000000000010913936e-01,6.666666666660603369e-02,-2.000000000016370905e-01,1.666666666666969832e+00,2.533333333333757764e+00,-2.666666666655146400e-01,-1.266666666666424135e+00,-2.466666666667151731e+00,-3.666666666666969832e+00,-4.933333333333393966e+00,1.466666666666242236e+00,-5.266666666666424135e+00,-2.133333333332302573e+00,-9.333333333343034610e-01,3.000000000000000000e+00,-7.333333333335758653e-01,-2.866666666666787933e+00,-2.866666666666787933e+00,-3.866666666666787933e+00,1.333333333341215621e-01,-1.800000000000181899e+00,-3.533333333334667259e+00,-1.199999999999818101e+00,-1.066666666665696539e+00,1.200000000000727596e+00,-2.533333333333757764e+00,5.999999999994543032e-01,8.666666666676974273e-01,1.199999999999818101e+00,-8.000000000001818989e-01,-4.666666666666969832e+00,-8.666666666667879326e-01,5.333333333328482695e-01,-1.399999999999636202e+00,-4.133333333333212067e+00,2.733333333333575865e+00,5.333333333337577642e-01,1.533333333332848269e+00,4.666666666680612252e-01,1.333333333323025727e-01,2.666666666666060337e+00,-3.333333333333939663e+00,-3.466666666666242236e+00,-4.066666666666606034e+00,1.333333333332120674e-01,4.466666666666242236e+00,-2.199999999999818101e+00,-1.399999999998726707e+00,1.600000000000363798e+00,3.199999999998908606e+00,-5.000000000000000000e+00,1.199999999999818101e+00,-2.066666666665696539e+00,-5.333333333346672589e-01,-4.133333333333212067e+00,-3.466666666666242236e+00,2.533333333332848269e+00,-3.333333333339396631e-01,-1.866666666666787933e+00,2.666666666664241347e-01,-2.399999999999636202e+00,1.666666666666060337e+00,1.866666666665878438e+00,-8.666666666649689432e-01,-2.666666666666060337e+00,1.866666666666787933e+00,1.800000000001091394e+00,2.133333333331393078e+00,2.800000000001091394e+00,4.666666666662422358e-01,-2.799999999999272404e+00,1.533333333332848269e+00,-1.600000000000363798e+00,6.666666666660603369e-02,-2.733333333332666371e+00,4.666666666653327411e-01,-2.599999999999454303e+00,-5.066666666667515528e+00,8.000000000001818989e-01,-2.999999999998181011e+00,-4.000000000005456968e-01,-7.666666666666969832e+00,-1.333333333333939663e+00,-3.466666666666242236e+00,6.000000000003637979e-01,-2.466666666666242236e+00
-2.066666666665696539e+00,-1.133333333333212067e+00,5.333333333328482695e-01,6.666666666660603369e-01,-3.266666666666424135e+00,-3.666666666666060337e+00,1.600000000000363798e+00,3.666666666666060337e+00,-2.399999999997817213e+00,-2.000000000000000000e+00,-1.933333333334303461e+00,2.400000000001455192e+00,3.399999999997817213e+00,4.133333333333212067e+00,4.266666666666424135e+00,7.399999999999636202e+00,1.233333333333212067e+01,8.600000000000363798e+00,1.200000000000000000e+01,1.566666666666787933e+01,1.313333333333321207e+01,1.146666666666715173e+01,7.933333333332484472e+00,1.486666666666678793e+01,1.240000000000145519e+01,1.353333333333284827e+01,1.086666666666678793e+01,8.199999999998908606e+00,8.866666666668606922e+00,4.133333333331393078e+00,4.000000000000000000e+00,1.133333333333212067e+00,4.733333333331756876e+00,-3.666666666666060337e+00,-2.599999999998544808e+00,2.799999999999272404e+00,-3.599999999998544808e+00,-1.000000000001818989e+00,-4.533333333332848269e+00,-2.266666666666424135e+00,3.333333333321206737e-01,1.400000000001455192e+00,-1.066666666665696539e+00,-1.066666666667515528e+00,1.799999999999272404e+00,-3.999999999996362021e-01,-1.466666666667151731e+00,-4.266666666666424135e+00,1.533333333332848269e+00,-8.000000000010913936e-01,-8.333333333332120674e+00,1.799999999999272404e+00,-7.333333333317568759e-01,-1.600000000000363798e+00,2.666666666664241347e-01,-4.533333333332848269e+00,-5.933333333332484472e+00,1.333333333332120674e-01,-2.533333333334667259e+00,-3.799999999999272404e+00,-4.000000000014551915e-01,-4.466666666667151731e+00,1.200000000000727596e+00,-3.399999999999636202e+00,-4.399999999999636202e+00,-1.866666666664968943e+00,-6.000000000001818989e+00,-6.666666666678793263e-01,-5.999999999985448085e-01,-1.466666666667151731e+00,1.466666666665332741e+00,-7.999999999992724042e-01,-2.066666666667515528e+00,-1.933333333330665482e+00,2.000000000007275958e-01,-4.000000000000000000e+00,3.799999999999272404e+00,-3.333333333333939663e+00,1.666666666666060337e+00,7.333333333353948547e-01,-2.000000000007275958e-01,-2.666666666664241347e-01,-2.066666666667515528e+00,-1.466666666667151731e+00,1.466666666665332741e+00,-3.666666666666060337e+00,-1.066666666665696539e+00,-7.333333333353948547e-01,1.866666666666787933e+00,-4.600000000000363798e+00,-1.599999999998544808e+00,-5.133333333333212067e+00,-1.866666666664968943e+00,1.333333333332120674e+00,-2.999999999998181011e+00,1.533333333332848269e+00,1.333333333332120674e+00,2.066666666665696539e+00,-5.333333333328482695e-01,-1.133333333333212067e+00,-4.666666666671517305e-01,7.333333333335758653e-01,-1.799999999999272404e+00,-7.066666666667515528e+00,1.000000000000000000e+00,-7.333333333317568759e-01,2.666666666646051453e-01,-1.999999999998181011e+00,-4.399999999999636202e+00,3.799999999999272404e+00,-6.666666666569653898e-02,-4.133333333333212067e+00,-4.200000000000727596e+00,-1.733333333333575865e+00,-1.000000000000000000e+00,1.266666666666424135e+00,-5.333333333328482695e-01,2.333333333333939663e+00,4.133333333331393078e+00,2.000000000007275958e-01,1.133333333335031057e+00,-1.600000000000363798e+00,1.999999999989086064e-01,-1.399999999999636202e+00,-1.799999999999272404e+00,-4.666666666671517305e-01,2.799999999997453415e+00,1.800000000001091394e+00,2.399999999999636202e+00,-2.066666666667515528e+00,-2.399999999997817213e+00,-4.666666666653327411e-01,-4.066666666669334518e+00,-3.133333333333212067e+00,1.999999999989086064e-01,-2.733333333331756876e+00,-1.999999999989086064e-01,-1.400000000001455192e+00,-2.066666666665696539e+00,-1.333333333333939663e+00,-3.266666666666424135e+00,5.333333333328482695e-01,-1.466666666667151731e+00,-2.933333333332484472e+00,-4.466666666665332741e+00,7.999999999992724042e-01,-7.333333333335758653e-01,-6.666666666751552839e-02,1.533333333332848269e+00,-3.933333333330665482e+00,-1.066666666669334518e+00,-4.199999999998908606e+00,-5.266666666668243124e+00,1.533333333334667259e+00,-1.733333333331756876e+00,-2.800000000001091394e+00,-4.266666666666424135e+00,2.733333333333575865e+00,-4.066666666667515528e+00,-6.666666666751552839e-02,-5.066666666665696539e+00,-3.133333333335031057e+00,-1.199999999998908606e+00,2.000000000000000000e+00,7.333333333335758653e-01,2.266666666666424135e+00,6.266666666668243124e+00,3.933333333332484472e+00,-2.666666666666060337e+00,9.333333333324844716e-01,4.133333333333212067e+00,-1.533333333332848269e+00,-4.466666666667151731e+00,3.333333333333939663e+00,-1.333333333333939663e+00,1.866666666666787933e+00,-1.000000000000000000e+00,-8.666666666667879326e-01,-3.933333333332484472e+00,-1.000000000001818989e+00,-2.599999999998544808e+00,-5.800000000001091394e+00,-2.799999999999272404e+00,-2.666666666666060337e+00,-3.733333333333575865e+00,-7.800000000001091394e+00,8.666666666667879326e-01,-2.066666666665696539e+00,-5.333333333333939663e+00,-3.066666666665696539e+00,-1.799999999999272404e+00,-1.000000000000000000e+00,-1.666666666667879326e+00,6.666666666751552839e-02,-4.600000000002182787e+00,5.333333333328482695e-01,6.000000000003637979e-01,-9.999999999981810106e-01,7.999999999992724042e-01,-3.599999999998544808e+00,-1.733333333333575865e+00,-5.066666666665696539e+00,1.666666666664241347e+00,1.000000000000000000e+00,1.066666666665696539e+00,-4.666666666653327411e-01,9.333333333343034610e-01,-6.666666666933451779e-02,-1.133333333333212067e+00,1.818989403545856476e-12,-2.399999999999636202e+00,3.999999999996362021e-01,1.533333333332848269e+00,-8.666666666667879326e-01,2.866666666666787933e+00,1.333333333333939663e+00,-5.333333333328482695e-01,-2.733333333335394855e+00,-2.399999999997817213e+00,-9.333333333343034610e-01,-4.399999999999636202e+00,-4.066666666665696539e+00,-4.666666666667879326e+00,-5.933333333332484472e+00,-4.666666666671517305e-01,-4.066666666665696539e+00,-1.533333333334667259e+00,-3.266666666666424135e+00,-8.666666666667879326e-01,-2.399999999999636202e+00,-5.333333333346672589e-01,2.066666666667515528e+00,-3.333333333333939663e+00,1.200000000000727596e+00,6.666666666569653898e-02,-3.199999999998908606e+00,1.799999999997453415e+00,3.800000000002910383e+00,-2.400000000001455192e+00,-3.133333333333212067e+00,1.933333333334303461e+00,-3.666666666666060337e+00,-3.333333333333939663e+00,-4.866666666666787933e+00,-8.666666666649689432e-01,-1.333333333350310568e-01,-2.666666666667879326e+00,-3.333333333321206737e-01,-4.733333333335394855e+00,-1.333333333332120674e+00,4.333333333333939663e+00,-1.933333333334303461e+00,-1.066666666665696539e+00,4.333333333335758653e+00,8.666666666649689432e-01,-9.333333333324844716e-01,1.066666666665696539e+00,5.333333333328482695e-01,1.266666666666424135e+00,-7.333333333335758653e-01,1.333333333350310568e-01,-1.133333333335031057e+00,-2.266666666664605145e+00,-4.666666666671517305e-01,-1.733333333333575865e+00,-4.666666666671517305e-01,-7.999999999992724042e-01,-1.600000000002182787e+00,-4.599999999998544808e+00,1.866666666666787933e+00,-2.333333333333939663e+00,-2.266666666666424135e+00,-1.466666666667151731e+00,-2.799999999999272404e+00,2.133333333333212067e+00,-6.000000000000000000e+00,-2.600000000000363798e+00,1.399999999999636202e+00,-2.666666666666060337e+00,-3.333333333339396631e-01,-5.266666666666424135e+00,-2.133333333331393078e+00,-5.066666666667515528e+00,9.333333333324844716e-01,-1.333333333333939663e+00,-2.133333333333212067e+00,-3.866666666666787933e+00,4.666666666671517305e-01,6.666666666660603369e-01,-4.599999999998544808e+00,1.133333333333212067e+00,-3.999999999996362021e-01,-1.466666666667151731e+00,2.133333333333212067e+00,-6.666666666642413475e-01,1.266666666664605145e+00,-1.733333333333575865e+00,1.733333333333575865e+00,1.399999999999636202e+00,2.733333333331756876e+00,2.400000000001455192e+00,3.799999999999272404e+00,-2.666666666646051453e-01,-6.000000000021827873e-01,1.333333333350310568e-01,-1.866666666668606922e+00,6.000000000003637979e-01,-2.799999999999272404e+00,9.333333333343034610e-01,-8.666666666686069220e-01,-9.333333333324844716e-01,-1.266666666666424135e+00,-2.000000000007275958e-01,-4.066666666665696539e+00
-7.333333333335758653e-01,2.000000000001818989e+00,4.733333333331756876e+00,-1.666666666667879326e+00,-9.999999999981810106e-01,-1.200000000000727596e+00,-3.333333333332120674e+00,-4.200000000000727596e+00,-6.000000000003637979e-01,-2.666666666666060337e+00,-1.333333333333939663e+00,2.666666666664241347e-01,8.666666666686069220e-01,1.266666666664605145e+00,1.226666666666642413e+01,2.266666666666606034e+01,1.786666666666860692e+01,1.733333333333212067e+01,2.520000000000072760e+01,2.366666666666606034e+01,2.453333333333466726e+01,2.426666666666642413e+01,2.593333333333430346e+01,2.400000000000000000e+01,2.793333333333248447e+01,2.746666666666533274e+01,2.573333333333357587e+01,2.493333333333248447e+01,1.973333333333357587e+01,1.313333333333503106e+01,1.466666666667151731e+00,4.600000000000363798e+00,9.999999999981810106e-01,-9.333333333324844716e-01,-2.666666666667879326e+00,3.999999999996362021e-01,-2.066666666665696539e+00,-2.000000000000000000e+00,-3.533333333332848269e+00,-4.733333333333575865e+00,-5.066666666667515528e+00,-4.533333333332848269e+00,-6.000000000000000000e+00,-4.866666666666787933e+00,-8.333333333333939663e+00,-7.000000000000000000e+00,-5.666666666666060337e+00,-4.466666666667151731e+00,-4.066666666665696539e+00,-4.000000000014551915e-01,-8.466666666667151731e+00,-5.133333333333212067e+00,-8.466666666665332741e+00,-2.066666666665696539e+00,-5.933333333334303461e+00,-2.666666666664241347e+00,-7.266666666666424135e+00,-4.600000000000363798e+00,-5.066666666667515528e+00,-1.066666666667515528e+00,-5.333333333332120674e+00,-4.400000000001455192e+00,-2.333333333332120674e+00,-4.266666666668243124e+00,-1.100000000000000000e+01,-2.866666666664968943e+00,-6.200000000000727596e+00,-1.600000000000363798e+00,-6.133333333333212067e+00,-1.800000000001091394e+00,-5.133333333333212067e+00,-2.333333333333939663e+00,-6.666666666666060337e+00,4.666666666671517305e-01,-4.200000000000727596e+00,-1.799999999999272404e+00,-2.199999999998908606e+00,-4.933333333332484472e+00,-4.066666666667515528e+00,4.199999999998908606e+00,-1.333333333332120674e+00,4.666666666653327411e-01,-1.799999999999272404e+00,6.666666666660603369e-01,1.466666666667151731e+00,-2.333333333333939663e+00,8.666666666667879326e-01,-6.666666666751552839e-02,-1.999999999989086064e-01,6.666666666660603369e-01,4.000000000014551915e-01,8.666666666667879326e-01,-2.066666666667515528e+00,-2.866666666666787933e+00,2.666666666667879326e+00,-3.933333333334303461e+00,-8.666666666667879326e-01,3.133333333333212067e+00,5.333333333328482695e-01,-7.333333333335758653e-01,3.333333333333939663e+00,6.666666666642413475e-01,4.000000000014551915e-01,-5.066666666665696539e+00,1.799999999999272404e+00,-1.600000000000363798e+00,-7.333333333335758653e-01,6.000000000003637979e-01,4.266666666666424135e+00,-1.733333333333575865e+00,3.200000000000727596e+00,-1.133333333331393078e+00,-3.533333333334667259e+00,-3.866666666664968943e+00,-2.133333333333212067e+00,2.666666666664241347e-01,3.733333333331756876e+00,4.266666666668243124e+00,5.533333333332848269e+00,-1.600000000000363798e+00,5.533333333332848269e+00,5.933333333332484472e+00,3.866666666666787933e+00,-1.000000000000000000e+00,2.000000000000000000e+00,2.000000000001818989e+00,4.199999999998908606e+00,-2.000000000007275958e-01,2.600000000000363798e+00,-1.999999999989086064e-01,-1.866666666668606922e+00,-5.733333333333575865e+00,-2.533333333332848269e+00,-5.000000000000000000e+00,-2.733333333331756876e+00,-4.399999999999636202e+00,-7.399999999999636202e+00,-6.266666666666424135e+00,-1.133333333335031057e+00,-3.399999999999636202e+00,-1.266666666666424135e+00,-2.400000000001455192e+00,-1.933333333332484472e+00,-3.399999999999636202e+00,6.133333333333212067e+00,4.133333333331393078e+00,1.818989403545856476e-12,-3.399999999999636202e+00,2.799999999997453415e+00,2.000000000001818989e+00,6.666666666660603369e-01,8.000000000010913936e-01,5.800000000001091394e+00,3.999999999996362021e-01,-2.933333333332484472e+00,2.399999999997817213e+00,-2.933333333332484472e+00,1.733333333333575865e+00,1.199999999998908606e+00,-7.000000000000000000e+00,-4.333333333333939663e+00,-3.533333333332848269e+00,-7.333333333335758653e-01,-1.399999999999636202e+00,-1.399999999999636202e+00,-2.266666666666424135e+00,-3.000000000000000000e+00,-3.533333333332848269e+00,-4.133333333333212067e+00,-1.733333333335394855e+00,-4.866666666666787933e+00,-9.999999999981810106e-01,-1.400000000001455192e+00,1.133333333335031057e+00,-4.866666666666787933e+00,-1.933333333332484472e+00,-2.666666666666060337e+00,-2.000000000025465852e-01,-4.066666666665696539e+00,-4.600000000002182787e+00,-1.933333333332484472e+00,2.933333333334303461e+00,-3.466666666665332741e+00,1.999999999989086064e-01,3.333333333321206737e-01,-3.933333333330665482e+00,6.000000000003637979e-01,2.799999999999272404e+00,-2.799999999999272404e+00,-9.333333333343034610e-01,-3.733333333333575865e+00,6.333333333332120674e+00,1.733333333335394855e+00,5.133333333331393078e+00,2.333333333333939663e+00,-3.333333333339396631e-01,-4.266666666668243124e+00,-1.999999999989086064e-01,-2.266666666666424135e+00,-1.266666666668243124e+00,-2.799999999999272404e+00,-2.333333333332120674e+00,-4.399999999999636202e+00,-7.333333333335758653e-01,-2.399999999999636202e+00,2.933333333332484472e+00,-1.266666666666424135e+00,-2.333333333332120674e+00,-1.466666666667151731e+00,1.600000000000363798e+00,3.266666666666424135e+00,2.933333333332484472e+00,9.999999999981810106e-01,3.333333333333939663e+00,1.133333333335031057e+00,3.933333333332484472e+00,2.600000000000363798e+00,-8.666666666667879326e-01,-1.599999999998544808e+00,2.533333333332848269e+00,-1.799999999999272404e+00,-4.533333333334667259e+00,-2.000000000000000000e+00,-7.000000000000000000e+00,-4.733333333333575865e+00,-4.599999999998544808e+00,-6.200000000000727596e+00,3.333333333339396631e-01,-4.733333333335394855e+00,-2.666666666666060337e+00,-3.000000000000000000e+00,-2.266666666666424135e+00,-1.533333333332848269e+00,-1.133333333333212067e+00,-1.933333333334303461e+00,-3.066666666665696539e+00,-1.666666666666060337e+00,-5.266666666666424135e+00,-8.666666666686069220e-01,1.333333333350310568e-01,-3.066666666667515528e+00,2.000000000007275958e-01,-5.133333333335031057e+00,-1.866666666666787933e+00,-4.799999999999272404e+00,-7.333333333335758653e-01,-3.333333333339396631e-01,-2.333333333333939663e+00,-2.466666666665332741e+00,-2.000000000000000000e+00,-4.066666666667515528e+00,-4.066666666665696539e+00,1.066666666667515528e+00,-1.200000000000727596e+00,-3.600000000000363798e+00,-8.666666666667879326e-01,-4.399999999999636202e+00,2.733333333335394855e+00,-4.000000000014551915e-01,-7.333333333335758653e-01,-4.333333333332120674e+00,-6.399999999999636202e+00,-3.333333333333939663e+00,-1.333333333332120674e+00,-2.133333333335031057e+00,1.333333333333939663e+00,-3.666666666667879326e+00,-5.333333333328482695e-01,-1.133333333335031057e+00,-2.533333333331029280e+00,1.133333333333212067e+00,2.666666666666060337e+00,-6.200000000000727596e+00,-1.866666666664968943e+00,1.999999999989086064e-01,-5.999999999985448085e-01,9.333333333324844716e-01,1.066666666667515528e+00,8.666666666649689432e-01,-1.399999999999636202e+00,-5.333333333346672589e-01,2.533333333334667259e+00,-2.666666666682431241e-01,-2.666666666664241347e-01,-1.333333333333939663e+00,-1.999999999989086064e-01,-2.866666666666787933e+00,-6.666666666660603369e-01,-5.600000000000363798e+00,-4.333333333332120674e+00,1.800000000001091394e+00,-3.533333333334667259e+00,-3.866666666666787933e+00,-4.000000000014551915e-01,1.200000000000727596e+00,-2.133333333333212067e+00,1.600000000000363798e+00,-2.466666666667151731e+00,-2.000000000007275958e-01,-1.000000000000000000e+00,-8.600000000000363798e+00,-1.133333333333212067e+00,-4.333333333332120674e+00,1.933333333334303461e+00,1.799999999999272404e+00,-3.399999999999636202e+00,-7.999999999992724042e-01,-2.800000000001091394e+00,-3.599999999998544808e+00,-3.933333333334303461e+00,-5.000000000000000000e+00,-4.399999999999636202e+00,-9.333333333324844716e-01,-6.733333333335394855e+00
-6.666666666660603369e-01,-2.666666666667879326e+00,-3.066666666663877550e+00,6.666666666387754958e-02,-2.333333333333939663e+00,3.000000000000000000e+00,-1.533333333334667259e+00,-3.999999999998181011e+00,-6.866666666666787933e+00,7.333333333335758653e-01,-8.666666666667879326e-01,-2.533333333332848269e+00,7.999999999992724042e-01,1.466666666665332741e+00,2.000000000000000000e+00,1.199999999998908606e+00,8.600000000000363798e+00,6.199999999998908606e+00,3.666666666669698316e+00,8.866666666664968943e+00,5.933333333336122450e+00,8.933333333332484472e+00,1.026666666666642413e+01,9.799999999999272404e+00,8.533333333331029280e+00,8.533333333336486248e+00,1.246666666666715173e+01,7.666666666667879326e+00,3.933333333334303461e+00,3.933333333330665482e+00,3.533333333334667259e+00,6.666666666660603369e-01,3.066666666665696539e+00,5.933333333332484472e+00,2.133333333333212067e+00,3.133333333333212067e+00,-3.999999999978172127e-01,-1.266666666668243124e+00,-8.666666666686069220e-01,-2.533333333332848269e+00,-7.333333333333939663e+00,-3.666666666664241347e+00,5.266666666666424135e+00,-1.933333333334303461e+00,6.666666666660603369e-01,8.000000000029103830e-01,3.399999999999636202e+00,-3.933333333332484472e+00,-5.533333333332848269e+00,-5.333333333333939663e+00,-3.866666666666787933e+00,2.066666666665696539e+00,-1.200000000000727596e+00,2.666666666667879326e+00,-2.066666666665696539e+00,-2.133333333335031057e+00,-1.466666666665332741e+00,-4.800000000002910383e+00,5.133333333333212067e+00,-6.133333333333212067e+00,-4.133333333333212067e+00,-3.199999999998908606e+00,5.000000000001818989e+00,-1.333333333333939663e+00,-2.533333333334667259e+00,1.666666666666060337e+00,-1.333333333332120674e+00,2.133333333333212067e+00,-5.133333333333212067e+00,2.533333333334667259e+00,9.333333333343034610e-01,-4.800000000001091394e+00,-4.733333333335394855e+00,-2.266666666666424135e+00,1.333333333332120674e-01,6.666666666660603369e-01,-4.733333333333575865e+00,-8.066666666665696539e+00,1.266666666664605145e+00,3.866666666668606922e+00,-4.000000000014551915e-01,-3.799999999999272404e+00,1.333333333333939663e+00,1.600000000000363798e+00,-9.000000000000000000e+00,1.000000000000000000e+00,4.866666666668606922e+00,4.133333333333212067e+00,-5.333333333346672589e-01,4.199999999997089617e+00,-1.999999999970896170e-01,4.066666666665696539e+00,2.200000000000727596e+00,3.600000000000363798e+00,-2.533333333332848269e+00,-1.333333333335758653e+00,3.066666666669334518e+00,-7.333333333353948547e-01,1.133333333333212067e+00,7.200000000002546585e+00,1.266666666666424135e+00,-2.266666666666424135e+00,-3.133333333335031057e+00,-8.000000000010913936e-01,-1.933333333332484472e+00,-2.000000000000000000e+00,1.333333333333939663e+00,2.066666666667515528e+00,1.000000000000000000e+00,4.799999999999272404e+00,-2.133333333333212067e+00,-3.333333333335758653e+00,-2.733333333331756876e+00,1.866666666666787933e+00,-4.333333333332120674e+00,1.400000000001455192e+00,3.999999999996362021e-01,-1.533333333334667259e+00,-1.266666666668243124e+00,7.999999999992724042e-01,3.600000000000363798e+00,1.066666666667515528e+00,8.666666666649689432e-01,-5.133333333333212067e+00,-8.199999999998908606e+00,-1.066666666665696539e+00,3.000000000000000000e+00,1.599999999998544808e+00,-3.133333333333212067e+00,1.466666666665332741e+00,-2.199999999997089617e+00,1.333333333332120674e-01,-2.133333333331393078e+00,-1.466666666667151731e+00,-4.600000000002182787e+00,-7.333333333317568759e-01,-5.400000000001455192e+00,-3.999999999996362021e-01,-1.133333333333212067e+00,5.066666666667515528e+00,7.333333333335758653e-01,-2.066666666667515528e+00,-1.199999999998908606e+00,-5.333333333346672589e-01,-3.133333333331393078e+00,5.999999999985448085e-01,-1.399999999999636202e+00,1.933333333334303461e+00,-2.999999999998181011e+00,1.733333333331756876e+00,-4.266666666666424135e+00,1.799999999999272404e+00,-2.800000000002910383e+00,-2.000000000007275958e-01,-2.733333333333575865e+00,1.133333333335031057e+00,-6.399999999997817213e+00,-6.666666666678793263e-01,-1.600000000002182787e+00,-5.999999999985448085e-01,-3.333333333332120674e+00,-2.266666666668243124e+00,-1.466666666665332741e+00,2.666666666666060337e+00,2.400000000001455192e+00,8.666666666667879326e-01,-2.133333333335031057e+00,-3.199999999998908606e+00,-7.333333333335758653e-01,2.533333333332848269e+00,-3.399999999999636202e+00,2.466666666667151731e+00,-5.266666666668243124e+00,-6.666666666569653898e-02,2.933333333332484472e+00,5.333333333328482695e-01,-1.733333333333575865e+00,-1.266666666666424135e+00,-3.999999999978172127e-01,-8.133333333331393078e+00,-2.133333333335031057e+00,-3.333333333339396631e-01,2.266666666664605145e+00,-1.333333333313930780e-01,-2.933333333332484472e+00,-2.799999999999272404e+00,-4.666666666667879326e+00,7.999999999992724042e-01,-3.000000000000000000e+00,-7.133333333333212067e+00,-1.133333333333212067e+00,1.066666666667515528e+00,5.999999999985448085e-01,1.466666666667151731e+00,-1.133333333336850046e+00,1.333333333332120674e-01,-3.599999999998544808e+00,-2.600000000000363798e+00,-1.199999999998908606e+00,-5.000000000000000000e+00,2.333333333333939663e+00,3.666666666667879326e+00,-2.000000000000000000e+00,-7.333333333335758653e-01,2.266666666666424135e+00,-3.800000000001091394e+00,1.933333333334303461e+00,-1.466666666665332741e+00,-2.400000000003274181e+00,8.000000000010913936e-01,-3.999999999996362021e-01,-2.133333333333212067e+00,-4.666666666653327411e-01,-3.600000000000363798e+00,-1.133333333331393078e+00,-3.133333333335031057e+00,-1.333333333333939663e+00,-6.666666666660603369e-01,-6.666666666678793263e-01,-3.333333333321206737e-01,1.733333333331756876e+00,-3.066666666665696539e+00,1.333333333350310568e-01,-3.600000000002182787e+00,2.199999999998908606e+00,-1.333333333332120674e+00,-1.333333333335758653e+00,-2.999999999998181011e+00,4.600000000002182787e+00,-1.066666666667515528e+00,1.266666666666424135e+00,-1.933333333336122450e+00,4.666666666671517305e-01,-1.533333333332848269e+00,-2.866666666666787933e+00,-2.799999999999272404e+00,-5.733333333333575865e+00,-5.866666666666787933e+00,2.666666666667879326e+00,-5.133333333333212067e+00,-6.000000000000000000e+00,8.666666666667879326e-01,-1.466666666665332741e+00,-6.600000000000363798e+00,-2.333333333332120674e+00,-3.333333333337577642e+00,-2.666666666664241347e+00,8.666666666667879326e-01,-8.666666666686069220e-01,4.000000000000000000e+00,2.533333333332848269e+00,4.800000000002910383e+00,5.933333333330665482e+00,-4.200000000000727596e+00,1.066666666667515528e+00,2.866666666666787933e+00,4.866666666664968943e+00,-1.133333333331393078e+00,3.333333333335758653e+00,8.000000000010913936e-01,-2.666666666667879326e+00,3.466666666665332741e+00,-4.333333333333939663e+00,-6.666666666660603369e-01,-5.066666666667515528e+00,2.333333333333939663e+00,-7.000000000000000000e+00,-3.133333333333212067e+00,-5.333333333346672589e-01,-1.266666666666424135e+00,7.333333333335758653e-01,-7.666666666666060337e+00,-2.933333333332484472e+00,-7.000000000000000000e+00,0.000000000000000000e+00,1.066666666665696539e+00,-3.533333333331029280e+00,-1.800000000002910383e+00,2.133333333335031057e+00,-2.000000000001818989e+00,-8.933333333334303461e+00,5.000000000000000000e+00,-1.533333333332848269e+00,-1.866666666666787933e+00,-1.000000000000000000e+00,-2.533333333331029280e+00,3.333333333321206737e-01,2.866666666666787933e+00,3.266666666664605145e+00,-3.866666666664968943e+00,9.333333333343034610e-01,6.666666666678793263e-01,7.333333333317568759e-01,-5.933333333332484472e+00,-6.666666666569653898e-02,-1.333333333333939663e+00,-8.066666666665696539e+00,-3.000000000000000000e+00,-1.666666666666060337e+00,-6.000000000003637979e-01,2.666666666664241347e+00,-2.333333333332120674e+00,-1.333333333350310568e-01,-5.266666666666424135e+00,5.799999999999272404e+00,-2.133333333333212067e+00,-6.666666666569653898e-02,2.866666666666787933e+00,-2.666666666664241347e-01,-2.866666666666787933e+00,-1.199999999998908606e+00,6.199999999998908606e+00,-2.000000000007275958e-01,-1.133333333333212067e+00
8.666666666649689432e-01,-1.133333333335031057e+00,-4.466666666667151731e+00,-4.666666666671517305e-01,-7.333333333353948547e-01,-1.933333333332484472e+00,1.866666666666787933e+00,-5.266666666664605145e+00,-1.200000000002546585e+00,-2.799999999997453415e+00,-2.600000000002182787e+00,2.666666666664241347e-01,-3.666666666666060337e+00,2.933333333334303461e+00,1.239999999999963620e+01,1.146666666666715173e+01,7.266666666664605145e+00,1.546666666666715173e+01,1.120000000000072760e+01,1.459999999999854481e+01,1.633333333333575865e+01,1.166666666666424135e+01,1.486666666666860692e+01,1.146666666666533274e+01,7.400000000001455192e+00,1.186666666666496894e+01,1.673333333333539485e+01,1.573333333333357587e+01,9.733333333331756876e+00,4.600000000000363798e+00,-2.399999999999636202e+00,6.666666666660603369e-01,-1.933333333332484472e+00,-3.400000000001455192e+00,-5.199999999998908606e+00,-3.066666666667515528e+00,-3.399999999999636202e+00,-2.600000000000363798e+00,9.333333333343034610e-01,7.466666666667151731e+00,-3.199999999998908606e+00,-4.800000000001091394e+00,-6.600000000000363798e+00,-1.200000000000727596e+00,-3.666666666669698316e+00,2.866666666668606922e+00,-4.666666666671517305e-01,-1.933333333330665482e+00,1.799999999999272404e+00,-1.933333333334303461e+00,-7.599999999998544808e+00,6.666666666751552839e-02,-8.000000000001818989e+00,-8.799999999999272404e+00,-4.866666666666787933e+00,-4.333333333333939663e+00,-1.600000000000363798e+00,-2.666666666667879326e+00,-5.066666666665696539e+00,-8.666666666667879326e-01,-5.000000000000000000e+00,-3.866666666666787933e+00,-4.133333333331393078e+00,-2.266666666666424135e+00,-6.000000000003637979e-01,-2.000000000007275958e-01,-9.333333333343034610e-01,2.066666666665696539e+00,1.066666666667515528e+00,-3.399999999997817213e+00,-6.000000000003637979e-01,-3.933333333334303461e+00,2.533333333332848269e+00,-3.266666666666424135e+00,-1.799999999999272404e+00,-3.199999999998908606e+00,-1.333333333332120674e-01,-1.933333333334303461e+00,-5.333333333328482695e-01,-1.733333333331756876e+00,3.333333333339396631e-01,-4.533333333334667259e+00,-2.666666666664241347e-01,-3.200000000002546585e+00,1.266666666666424135e+00,3.333333333339396631e-01,5.000000000000000000e+00,-7.333333333317568759e-01,2.933333333330665482e+00,1.866666666666787933e+00,1.818989403545856476e-12,-7.333333333335758653e-01,1.266666666668243124e+00,-7.733333333335394855e+00,5.333333333328482695e-01,1.133333333335031057e+00,1.466666666667151731e+00,3.999999999998181011e+00,3.266666666666424135e+00,-9.333333333343034610e-01,2.466666666667151731e+00,3.999999999996362021e-01,-1.466666666663513752e+00,1.600000000000363798e+00,-8.000000000010913936e-01,5.533333333332848269e+00,-1.199999999998908606e+00,-8.000000000010913936e-01,4.466666666667151731e+00,4.199999999998908606e+00,-1.800000000001091394e+00,1.066666666665696539e+00,-1.066666666665696539e+00,1.333333333332120674e-01,-3.399999999999636202e+00,-1.333333333332120674e+00,-4.199999999998908606e+00,-4.400000000001455192e+00,-3.866666666664968943e+00,-2.000000000001818989e+00,-2.733333333333575865e+00,1.399999999999636202e+00,1.466666666667151731e+00,3.600000000000363798e+00,-5.333333333330301684e+00,-8.666666666686069220e-01,-6.000000000003637979e-01,-2.200000000002546585e+00,1.466666666667151731e+00,1.533333333332848269e+00,-9.999999999981810106e-01,1.266666666666424135e+00,3.266666666668243124e+00,3.600000000000363798e+00,-4.666666666671517305e-01,-6.666666666660603369e-01,-6.666666666569653898e-02,-1.000000000001818989e+00,-7.800000000001091394e+00,-4.133333333333212067e+00,1.133333333333212067e+00,-4.533333333331029280e+00,-3.600000000002182787e+00,-2.133333333333212067e+00,-2.866666666668606922e+00,-3.133333333331393078e+00,-2.133333333333212067e+00,1.133333333333212067e+00,-5.266666666664605145e+00,-4.800000000001091394e+00,-3.866666666666787933e+00,-2.199999999998908606e+00,-2.466666666668970720e+00,1.066666666667515528e+00,1.799999999999272404e+00,-1.933333333332484472e+00,3.399999999997817213e+00,-1.666666666666060337e+00,-9.333333333306654822e-01,4.066666666665696539e+00,7.999999999992724042e-01,1.866666666668606922e+00,-4.800000000001091394e+00,-2.000000000007275958e-01,5.333333333346672589e-01,3.999999999996362021e-01,-3.333333333339396631e-01,-3.333333333339396631e-01,-7.333333333335758653e-01,-1.600000000002182787e+00,-3.666666666666060337e+00,-6.999999999998181011e+00,2.466666666665332741e+00,-2.999999999998181011e+00,-3.066666666667515528e+00,-2.666666666666060337e+00,-5.600000000000363798e+00,-8.666666666667879326e-01,1.333333333332120674e-01,-2.000000000000000000e+00,-1.266666666666424135e+00,-3.666666666664241347e+00,-4.133333333333212067e+00,-3.066666666667515528e+00,-3.266666666668243124e+00,-5.333333333346672589e-01,2.133333333331393078e+00,-4.333333333333939663e+00,-2.266666666664605145e+00,-3.000000000000000000e+00,2.466666666668970720e+00,-6.000000000021827873e-01,-3.333333333303016843e-01,-3.866666666666787933e+00,-4.000000000014551915e-01,-4.533333333334667259e+00,-1.999999999998181011e+00,6.666666666751552839e-02,7.999999999992724042e-01,8.000000000010913936e-01,-1.866666666666787933e+00,-3.066666666667515528e+00,-2.066666666665696539e+00,3.466666666665332741e+00,-7.333333333317568759e-01,-4.466666666667151731e+00,-3.000000000000000000e+00,-6.666666666678793263e-01,-4.000000000014551915e-01,-2.666666666666060337e+00,7.599999999998544808e+00,1.733333333333575865e+00,1.333333333350310568e-01,-1.333333333333939663e+00,6.000000000021827873e-01,7.333333333317568759e-01,-2.466666666667151731e+00,8.666666666649689432e-01,-8.133333333331393078e+00,2.000000000007275958e-01,-2.066666666669334518e+00,-6.666666666751552839e-02,-5.999999999967258191e-01,-8.000000000010913936e-01,2.599999999998544808e+00,-6.199999999997089617e+00,1.600000000000363798e+00,-1.466666666667151731e+00,-8.666666666667879326e-01,-3.133333333335031057e+00,-4.000000000000000000e+00,9.333333333361224504e-01,-2.733333333333575865e+00,4.200000000000727596e+00,-8.199999999997089617e+00,1.133333333331393078e+00,-8.666666666686069220e-01,-3.666666666666060337e+00,2.066666666663877550e+00,-3.200000000000727596e+00,-4.666666666653327411e-01,-2.666666666664241347e-01,-6.266666666666424135e+00,1.200000000000727596e+00,-2.466666666667151731e+00,1.400000000001455192e+00,2.333333333333939663e+00,1.799999999999272404e+00,-6.933333333336122450e+00,4.933333333334303461e+00,-3.533333333332848269e+00,2.599999999998544808e+00,2.000000000007275958e-01,-7.066666666665696539e+00,1.666666666667879326e+00,-6.666666666751552839e-02,-7.866666666666787933e+00,3.799999999997453415e+00,-4.533333333331029280e+00,6.666666666751552839e-02,-1.866666666666787933e+00,-4.466666666665332741e+00,-2.666666666682431241e-01,7.533333333331029280e+00,-4.466666666667151731e+00,9.333333333324844716e-01,-1.133333333331393078e+00,-8.666666666649689432e-01,3.000000000000000000e+00,-2.333333333333939663e+00,-2.066666666665696539e+00,2.866666666666787933e+00,1.066666666665696539e+00,-2.000000000007275958e-01,6.666666666678793263e-01,2.799999999999272404e+00,-1.999999999998181011e+00,-3.600000000002182787e+00,-8.733333333331756876e+00,1.333333333333939663e+00,-2.600000000000363798e+00,-4.000000000001818989e+00,1.000000000000000000e+00,-2.533333333334667259e+00,6.666666666751552839e-02,-9.333333333343034610e-01,-6.066666666665696539e+00,-1.333333333332120674e+00,-5.666666666666060337e+00,-6.933333333332484472e+00,-4.600000000000363798e+00,-2.666666666700621136e-01,-2.466666666667151731e+00,1.066666666667515528e+00,2.666666666664241347e-01,-1.999999999989086064e-01,3.999999999996362021e-01,-4.066666666667515528e+00,-2.666666666682431241e-01,-1.599999999998544808e+00,-5.066666666663877550e+00,3.266666666666424135e+00,-1.666666666666060337e+00,6.199999999998908606e+00,3.266666666666424135e+00,3.333333333339396631e-01,-1.199999999998908606e+00,2.399999999999636202e+00,7.333333333335758653e-01,-1.399999999999636202e+00,8.000000000010913936e-01,-3.266666666668243124e+00,-3.000000000000000000e+00,-1.333333333333939663e+00
-3.333333333339396631e-01,-2.533333333332848269e+00,-2.399999999999636202e+00,-3.333333333333939663e+00,8.000000000010913936e-01,-2.600000000000363798e+00,1.333333333332120674e-01,-7.599999999998544808e+00,-2.666666666667879326e+00,-1.800000000001091394e+00,-2.066666666665696539e+00,2.799999999999272404e+00,3.399999999999636202e+00,4.533333333336486248e+00,5.933333333332484472e+00,1.039999999999963620e+01,8.933333333334303461e+00,6.066666666665696539e+00,9.466666666668970720e+00,1.186666666666678793e+01,1.039999999999781721e+01,1.193333333333248447e+01,1.119999999999890861e+01,4.399999999999636202e+00,1.080000000000109139e+01,1.053333333333466726e+01,5.399999999997817213e+00,7.466666666667151731e+00,7.999999999992724042e-01,3.466666666668970720e+00,1.133333333331393078e+00,-1.266666666666424135e+00,3.666666666666060337e+00,8.000000000010913936e-01,-5.533333333334667259e+00,8.666666666667879326e-01,-4.199999999998908606e+00,-3.266666666666424135e+00,4.666666666667879326e+00,-1.866666666668606922e+00,2.800000000002910383e+00,1.333333333332120674e+00,-1.933333333334303461e+00,2.666666666664241347e-01,3.066666666665696539e+00,-1.399999999999636202e+00,-3.333333333339396631e-01,-1.866666666666787933e+00,-4.533333333332848269e+00,-2.666666666664241347e-01,-5.466666666667151731e+00,-5.600000000000363798e+00,-1.399999999999636202e+00,-3.000000000000000000e+00,-1.133333333329574089e+00,-6.800000000002910383e+00,-1.000000000000000000e+00,-1.666666666667879326e+00,-3.799999999997453415e+00,-5.000000000000000000e+00,-7.666666666666060337e+00,1.266666666666424135e+00,-5.000000000000000000e+00,4.799999999999272404e+00,-1.133333333335031057e+00,3.466666666667151731e+00,-2.733333333331756876e+00,9.333333333324844716e-01,-4.666666666671517305e-01,-3.866666666666787933e+00,2.733333333333575865e+00,-3.200000000000727596e+00,1.066666666665696539e+00,-7.999999999992724042e-01,-1.999999999998181011e+00,1.999999999989086064e-01,-1.599999999998544808e+00,2.266666666664605145e+00,-8.066666666665696539e+00,-1.199999999998908606e+00,-5.000000000000000000e+00,2.133333333333212067e+00,-2.400000000001455192e+00,-1.133333333333212067e+00,2.199999999998908606e+00,-5.066666666665696539e+00,-2.533333333334667259e+00,-3.666666666666060337e+00,1.400000000001455192e+00,1.199999999998908606e+00,8.666666666667879326e-01,-1.733333333333575865e+00,-3.333333333333939663e+00,1.866666666668606922e+00,1.533333333332848269e+00,1.000000000001818989e+00,1.000000000000000000e+00,-2.666666666682431241e-01,1.800000000002910383e+00,-4.600000000000363798e+00,4.933333333332484472e+00,0.000000000000000000e+00,-2.466666666668970720e+00,-2.000000000007275958e-01,5.333333333328482695e-01,-2.466666666665332741e+00,-1.999999999970896170e-01,-1.066666666667515528e+00,-3.666666666667879326e+00,-5.666666666666060337e+00,-1.666666666667879326e+00,-1.066666666665696539e+00,-5.266666666666424135e+00,-3.133333333335031057e+00,5.400000000001455192e+00,-5.533333333334667259e+00,-1.000000000000000000e+00,2.866666666666787933e+00,-2.333333333333939663e+00,-6.733333333331756876e+00,1.133333333333212067e+00,-3.866666666666787933e+00,1.333333333350310568e-01,2.333333333332120674e+00,1.933333333332484472e+00,-3.466666666667151731e+00,-6.666666666660603369e-01,1.933333333332484472e+00,-3.333333333321206737e-01,-5.733333333333575865e+00,3.000000000001818989e+00,-4.733333333335394855e+00,-2.533333333332848269e+00,2.666666666664241347e-01,6.666666666660603369e-01,-3.199999999998908606e+00,4.000000000000000000e+00,-6.666666666660603369e-01,-8.666666666667879326e-01,3.533333333332848269e+00,-1.818989403545856476e-12,-2.799999999999272404e+00,8.666666666667879326e-01,-3.133333333333212067e+00,3.333333333333939663e+00,-6.666666666678793263e-01,9.333333333343034610e-01,-4.666666666671517305e-01,-4.466666666665332741e+00,-7.333333333317568759e-01,6.666666666660603369e-01,-3.333333333333939663e+00,0.000000000000000000e+00,6.000000000003637979e-01,-8.799999999999272404e+00,2.466666666665332741e+00,6.666666666751552839e-02,-2.666666666664241347e-01,-3.000000000001818989e+00,-2.333333333332120674e+00,-3.333333333332120674e+00,3.333333333330301684e+00,-2.666666666627861559e-01,2.066666666662058560e+00,-1.933333333332484472e+00,-3.333333333332120674e+00,-2.066666666667515528e+00,1.066666666665696539e+00,-2.133333333333212067e+00,3.399999999999636202e+00,-5.466666666665332741e+00,-1.799999999999272404e+00,-5.133333333335031057e+00,-2.799999999999272404e+00,-3.266666666666424135e+00,-1.066666666667515528e+00,-2.400000000001455192e+00,-3.133333333333212067e+00,-4.666666666653327411e-01,1.400000000001455192e+00,1.466666666667151731e+00,-3.333333333333939663e+00,-3.199999999998908606e+00,-5.000000000000000000e+00,-2.066666666665696539e+00,2.666666666662422358e+00,-3.399999999999636202e+00,9.333333333343034610e-01,2.466666666667151731e+00,-3.333333333339396631e-01,6.666666666751552839e-02,5.333333333346672589e-01,-8.666666666667879326e-01,-2.800000000001091394e+00,-6.666666666667879326e+00,-1.466666666665332741e+00,-2.933333333334303461e+00,-2.333333333333939663e+00,4.599999999998544808e+00,-1.799999999999272404e+00,4.000000000014551915e-01,4.466666666667151731e+00,2.933333333334303461e+00,-2.600000000002182787e+00,-1.399999999999636202e+00,3.333333333321206737e-01,-5.266666666666424135e+00,8.666666666667879326e-01,1.200000000000727596e+00,5.466666666667151731e+00,-1.999999999989086064e-01,8.600000000000363798e+00,1.866666666664968943e+00,-4.733333333331756876e+00,1.999999999998181011e+00,-5.133333333331393078e+00,-4.600000000000363798e+00,-1.399999999999636202e+00,2.866666666664968943e+00,6.000000000003637979e-01,-6.666666666678793263e-01,2.400000000001455192e+00,-2.666666666664241347e+00,-2.666666666667879326e+00,-4.066666666667515528e+00,1.999999999989086064e-01,-1.153333333333284827e+01,5.333333333346672589e-01,-8.000000000010913936e-01,-5.200000000000727596e+00,1.599999999998544808e+00,1.133333333336850046e+00,-4.066666666669334518e+00,-2.666666666664241347e-01,0.000000000000000000e+00,-3.999999999978172127e-01,-3.066666666667515528e+00,1.066666666665696539e+00,2.533333333334667259e+00,3.666666666667879326e+00,3.999999999996362021e-01,5.200000000000727596e+00,-2.600000000000363798e+00,1.999999999989086064e-01,3.399999999997817213e+00,-2.799999999997453415e+00,9.333333333324844716e-01,4.666666666666060337e+00,-6.666666666569653898e-02,-3.866666666666787933e+00,-2.266666666666424135e+00,3.333333333339396631e-01,-1.000000000001818989e+00,-5.599999999998544808e+00,-4.733333333333575865e+00,-4.866666666666787933e+00,-3.399999999999636202e+00,-1.266666666666424135e+00,-2.933333333336122450e+00,-4.399999999995998223e+00,2.066666666662058560e+00,-1.999999999989086064e-01,-5.133333333329574089e+00,-4.933333333334303461e+00,1.733333333333575865e+00,-4.133333333333212067e+00,1.266666666666424135e+00,6.666666666660603369e-01,1.266666666666424135e+00,1.666666666666060337e+00,1.200000000000727596e+00,3.133333333331393078e+00,1.200000000000727596e+00,7.999999999992724042e-01,3.266666666668243124e+00,-2.399999999999636202e+00,-4.266666666666424135e+00,-8.000000000010913936e-01,6.000000000003637979e-01,-2.000000000007275958e-01,-1.666666666667879326e+00,-7.133333333333212067e+00,-4.133333333331393078e+00,1.799999999999272404e+00,-4.333333333335758653e+00,-2.399999999997817213e+00,-3.466666666665332741e+00,-6.000000000003637979e-01,1.066666666665696539e+00,-3.266666666666424135e+00,1.999999999998181011e+00,-1.999999999998181011e+00,8.666666666667879326e-01,-1.866666666664968943e+00,-6.666666666667879326e+00,8.000000000010913936e-01,4.266666666666424135e+00,1.599999999998544808e+00,-4.000000000001818989e+00,5.533333333334667259e+00,9.333333333343034610e-01,4.066666666667515528e+00,-5.600000000000363798e+00,-5.333333333328482695e-01,3.333333333303016843e-01,-2.666666666666060337e+00,3.133333333333212067e+00,-4.933333333332484472e+00,-7.333333333335758653e-01,2.066666666665696539e+00,4.666666666671517305e-01,-3.999999999996362021e-01,-1.999999999970896170e-01,-2.933333333336122450e+00
1.200000000000727596e+00,-9.999999999981810106e-01,-4.933333333334303461e+00,-2.666666666664241347e-01,-4.000000000000000000e+00,-4.000000000000000000e+00,-1.933333333334303461e+00,1.066666666667515528e+00,1.799999999999272404e+00,-4.666666666689707199e-01,-4.466666666663513752e+00,7.999999999992724042e-01,1.400000000001455192e+00,7.533333333331029280e+00,5.733333333333575865e+00,1.506666666666751553e+01,1.333333333333212067e+01,2.186666666666496894e+01,2.013333333333503106e+01,1.706666666666569654e+01,1.866666666666969832e+01,2.119999999999708962e+01,1.800000000000181899e+01,1.793333333333248447e+01,1.700000000000000000e+01,2.133333333333393966e+01,1.866666666666606034e+01,1.713333333333321207e+01,9.533333333334667259e+00,5.533333333332848269e+00,4.266666666666424135e+00,1.399999999999636202e+00,-4.666666666671517305e-01,-2.333333333332120674e+00,-6.666666666678793263e-01,-8.666666666667879326e-01,-4.933333333332484472e+00,-6.199999999998908606e+00,-2.466666666667151731e+00,-1.466666666667151731e+00,-6.733333333333575865e+00,-5.666666666667879326e+00,-2.666666666666060337e+00,-3.066666666665696539e+00,-3.066666666665696539e+00,-6.400000000001455192e+00,-3.599999999998544808e+00,-5.533333333334667259e+00,-1.666666666666060337e+00,-4.133333333333212067e+00,-5.666666666667879326e+00,-9.066666666667515528e+00,-5.999999999967258191e-01,-8.000000000001818989e+00,-4.466666666667151731e+00,-1.333333333333939663e+00,-2.666666666664241347e-01,-5.399999999997817213e+00,-2.333333333333939663e+00,-1.866666666666787933e+00,-1.866666666666787933e+00,-4.666666666667879326e+00,-2.466666666665332741e+00,-5.933333333334303461e+00,-3.666666666666060337e+00,-1.933333333334303461e+00,6.000000000003637979e-01,-2.733333333333575865e+00,2.800000000001091394e+00,-3.666666666667879326e+00,-3.533333333332848269e+00,-8.333333333333939663e+00,-2.666666666667879326e+00,-5.333333333328482695e-01,-4.066666666665696539e+00,-3.000000000000000000e+00,7.333333333335758653e-01,-1.333333333333939663e+00,-5.333333333332120674e+00,2.266666666666424135e+00,-2.199999999998908606e+00,-3.799999999999272404e+00,-2.600000000002182787e+00,-1.533333333334667259e+00,-2.533333333332848269e+00,-5.333333333328482695e-01,2.399999999999636202e+00,2.133333333333212067e+00,-6.000000000003637979e-01,-1.799999999999272404e+00,-7.333333333335758653e-01,-4.666666666653327411e-01,-1.199999999998908606e+00,4.533333333331029280e+00,-1.933333333332484472e+00,-5.066666666667515528e+00,4.333333333332120674e+00,1.600000000000363798e+00,-1.333333333332120674e+00,-8.666666666667879326e-01,2.266666666666424135e+00,4.066666666667515528e+00,-4.000000000000000000e+00,4.666666666671517305e-01,3.333333333321206737e-01,-3.399999999999636202e+00,-2.399999999999636202e+00,9.333333333343034610e-01,2.266666666666424135e+00,-1.200000000000727596e+00,9.133333333333212067e+00,-6.666666666660603369e-01,2.066666666665696539e+00,3.200000000002546585e+00,4.000000000000000000e+00,-3.866666666668606922e+00,-2.600000000000363798e+00,4.933333333334303461e+00,-3.466666666668970720e+00,-3.999999999996362021e-01,4.733333333333575865e+00,-6.666666666660603369e-01,8.000000000010913936e-01,-5.866666666668606922e+00,-4.133333333331393078e+00,-3.466666666667151731e+00,-4.666666666671517305e-01,-2.133333333333212067e+00,-3.466666666667151731e+00,-4.733333333333575865e+00,-1.999999999998181011e+00,2.399999999999636202e+00,-2.399999999999636202e+00,2.933333333332484472e+00,3.000000000001818989e+00,-1.818989403545856476e-12,1.200000000000727596e+00,-3.666666666666060337e+00,-1.400000000001455192e+00,6.666666666569653898e-02,-3.066666666667515528e+00,3.400000000001455192e+00,-1.133333333333212067e+00,-1.000000000000000000e+00,7.200000000000727596e+00,3.066666666667515528e+00,-2.133333333333212067e+00,-3.933333333334303461e+00,-2.733333333333575865e+00,-3.466666666667151731e+00,-1.933333333332484472e+00,-2.400000000001455192e+00,2.133333333333212067e+00,-7.999999999974534148e-01,3.733333333331756876e+00,2.666666666666060337e+00,-4.333333333333939663e+00,-4.333333333332120674e+00,-1.666666666666060337e+00,-7.533333333334667259e+00,-2.200000000000727596e+00,-8.066666666665696539e+00,3.066666666667515528e+00,8.000000000010913936e-01,-2.000000000000000000e+00,6.666666666387754958e-02,-4.133333333333212067e+00,-6.000000000000000000e+00,-3.333333333321206737e-01,-5.799999999999272404e+00,-6.199999999997089617e+00,-1.933333333336122450e+00,-2.200000000000727596e+00,-2.200000000000727596e+00,5.533333333332848269e+00,-3.533333333331029280e+00,9.333333333324844716e-01,-6.533333333334667259e+00,-6.000000000003637979e-01,-2.866666666666787933e+00,-7.866666666668606922e+00,1.818989403545856476e-12,2.466666666667151731e+00,-4.533333333331029280e+00,2.199999999998908606e+00,5.666666666667879326e+00,-4.466666666667151731e+00,0.000000000000000000e+00,2.933333333332484472e+00,-7.799999999999272404e+00,-3.466666666667151731e+00,-1.333333333350310568e-01,-5.999999999985448085e-01,-5.666666666666060337e+00,1.333333333350310568e-01,2.000000000007275958e-01,7.333333333317568759e-01,-5.866666666666787933e+00,5.333333333328482695e-01,-1.133333333335031057e+00,-6.133333333333212067e+00,0.000000000000000000e+00,-1.933333333330665482e+00,-9.866666666666787933e+00,6.666666666678793263e-01,2.466666666667151731e+00,-2.000000000000000000e+00,2.000000000000000000e+00,2.200000000000727596e+00,-2.666666666700621136e-01,-4.466666666667151731e+00,-3.333333333335758653e+00,9.333333333361224504e-01,-2.666666666666060337e+00,-6.800000000001091394e+00,-1.800000000001091394e+00,-2.066666666665696539e+00,-1.866666666666787933e+00,3.133333333333212067e+00,-3.266666666666424135e+00,-3.399999999999636202e+00,1.066666666667515528e+00,-4.799999999999272404e+00,-8.733333333335394855e+00,-1.599999999998544808e+00,2.000000000007275958e-01,4.666666666671517305e-01,-1.866666666668606922e+00,6.666666666569653898e-02,7.999999999992724042e-01,-3.533333333334667259e+00,-2.933333333330665482e+00,-2.466666666667151731e+00,-6.000000000003637979e-01,-1.199999999998908606e+00,-8.666666666667879326e-01,-6.200000000000727596e+00,-2.333333333332120674e+00,-1.933333333334303461e+00,-5.066666666667515528e+00,-1.866666666664968943e+00,-2.666666666666060337e+00,-3.399999999999636202e+00,-8.666666666686069220e-01,9.333333333324844716e-01,-2.333333333330301684e+00,3.933333333332484472e+00,-2.333333333335758653e+00,-2.666666666666060337e+00,-3.333333333339396631e-01,-1.800000000001091394e+00,2.200000000000727596e+00,-7.999999999974534148e-01,2.733333333331756876e+00,4.666666666666060337e+00,2.000000000000000000e+00,-1.333333333332120674e-01,-1.466666666665332741e+00,-1.533333333332848269e+00,-4.666666666689707199e-01,-5.199999999998908606e+00,-3.133333333333212067e+00,-5.999999999985448085e-01,6.000000000003637979e-01,3.999999999996362021e-01,-1.333333333350310568e-01,-6.600000000000363798e+00,1.133333333333212067e+00,-2.199999999998908606e+00,-7.066666666665696539e+00,-3.666666666667879326e+00,-2.399999999999636202e+00,-3.333333333321206737e-01,2.133333333333212067e+00,-6.266666666666424135e+00,6.866666666666787933e+00,-2.000000000000000000e+00,-1.866666666666787933e+00,-4.933333333334303461e+00,-4.599999999998544808e+00,-2.933333333334303461e+00,3.533333333334667259e+00,-2.466666666667151731e+00,-1.133333333336850046e+00,5.133333333333212067e+00,3.200000000002546585e+00,-2.133333333333212067e+00,6.666666666569653898e-02,-5.533333333332848269e+00,-1.066666666667515528e+00,-2.199999999998908606e+00,1.999999999989086064e-01,1.933333333334303461e+00,-5.333333333328482695e-01,3.133333333333212067e+00,1.933333333334303461e+00,-4.666666666671517305e-01,2.066666666665696539e+00,-3.533333333334667259e+00,-4.466666666665332741e+00,-2.000000000007275958e-01,-7.333333333335758653e-01,-4.199999999997089617e+00,-6.666666666751552839e-02,4.733333333331756876e+00,-2.533333333332848269e+00,-1.333333333332120674e-01,-6.666666666660603369e-01,-8.666666666667879326e-01,-2.066666666667515528e+00,-2.800000000001091394e+00,-2.133333333333212067e+00,-7.399999999997817213e+00,3.133333333331393078e+00
-5.600000000000363798e+00,-5.399999999999636202e+00,-1.333333333332120674e-01,3.200000000000727596e+00,-2.999999999998181011e+00,1.000000000000000000e+00,-3.733333333333575865e+00,-5.933333333334303461e+00,-7.333333333335758653e-01,-4.933333333332484472e+00,1.999999999989086064e-01,-1.933333333332484472e+00,-5.866666666664968943e+00,-1.600000000000363798e+00,1.600000000000363798e+00,6.866666666664968943e+00,7.333333333333939663e+00,5.866666666666787933e+00,-8.666666666667879326e-01,2.600000000000363798e+00,4.133333333335031057e+00,3.533333333331029280e+00,9.533333333334667259e+00,3.266666666664605145e+00,6.200000000000727596e+00,2.799999999999272404e+00,7.066666666665696539e+00,8.666666666667879326e+00,7.866666666666787933e+00,3.333333333335758653e+00,1.733333333333575865e+00,4.199999999998908606e+00,-4.200000000000727596e+00,1.866666666666787933e+00,5.733333333331756876e+00,-3.333333333339396631e-01,1.733333333331756876e+00,-1.666666666666060337e+00,-7.999999999992724042e-01,1.133333333335031057e+00,1.133333333333212067e+00,1.200000000000727596e+00,-2.200000000000727596e+00,-3.999999999998181011e+00,-1.933333333334303461e+00,-6.000000000003637979e-01,-3.000000000001818989e+00,2.666666666664241347e-01,6.666666666660603369e-01,-3.533333333331029280e+00,2.000000000007275958e-01,-1.466666666665332741e+00,2.266666666664605145e+00,2.200000000000727596e+00,-2.666666666700621136e-01,-3.866666666666787933e+00,1.733333333335394855e+00,-1.399999999999636202e+00,1.999999999989086064e-01,-1.133333333333212067e+00,-3.533333333332848269e+00,-5.999999999985448085e-01,1.199999999998908606e+00,-1.199999999998908606e+00,-1.000000000001818989e+00,5.333333333328482695e-01,-4.599999999998544808e+00,-3.266666666668243124e+00,-3.000000000001818989e+00,-3.533333333329210291e+00,-1.600000000002182787e+00,-4.466666666665332741e+00,2.666666666664241347e-01,-1.333333333333939663e+00,-2.799999999997453415e+00,6.666666666660603369e-01,-4.466666666665332741e+00,2.666666666664241347e-01,-5.466666666667151731e+00,-5.933333333334303461e+00,-6.399999999999636202e+00,4.733333333333575865e+00,-2.666666666664241347e-01,-3.933333333334303461e+00,-4.733333333333575865e+00,1.066666666667515528e+00,2.066666666667515528e+00,-1.399999999999636202e+00,-2.799999999999272404e+00,2.333333333328482695e+00,-1.733333333331756876e+00,4.666666666671517305e-01,-1.999999999998181011e+00,1.333333333333939663e+00,3.199999999998908606e+00,2.266666666666424135e+00,-3.466666666668970720e+00,1.733333333333575865e+00,2.266666666666424135e+00,1.933333333332484472e+00,1.533333333334667259e+00,-6.666666666666060337e+00,3.533333333332848269e+00,3.200000000000727596e+00,-8.000000000010913936e-01,-3.466666666665332741e+00,2.599999999998544808e+00,-7.333333333335758653e-01,-2.399999999999636202e+00,-1.466666666665332741e+00,-3.733333333333575865e+00,-1.666666666666060337e+00,-2.866666666666787933e+00,1.800000000001091394e+00,-3.466666666667151731e+00,-4.066666666667515528e+00,8.666666666649689432e-01,-2.000000000000000000e+00,-1.733333333333575865e+00,-9.333333333306654822e-01,-2.666666666666060337e+00,-5.933333333334303461e+00,-3.999999999998181011e+00,2.199999999998908606e+00,9.333333333324844716e-01,1.533333333332848269e+00,-8.666666666667879326e-01,-9.333333333324844716e-01,-5.466666666667151731e+00,3.799999999999272404e+00,6.666666666660603369e-01,-5.133333333333212067e+00,-3.666666666666060337e+00,2.666666666664241347e-01,-4.133333333331393078e+00,3.133333333333212067e+00,2.933333333332484472e+00,2.933333333332484472e+00,-4.000000000001818989e+00,-5.200000000000727596e+00,-2.999999999998181011e+00,-1.733333333333575865e+00,-2.866666666664968943e+00,-2.866666666666787933e+00,-1.466666666667151731e+00,-3.466666666667151731e+00,5.066666666669334518e+00,1.333333333332120674e-01,-6.600000000000363798e+00,3.599999999998544808e+00,-1.066666666667515528e+00,-4.466666666665332741e+00,6.666666666569653898e-02,2.800000000001091394e+00,2.999999999998181011e+00,1.066666666667515528e+00,-3.999999999996362021e-01,2.666666666682431241e-01,2.666666666666060337e+00,-1.599999999998544808e+00,2.733333333331756876e+00,-1.866666666664968943e+00,1.866666666666787933e+00,3.666666666664241347e+00,-8.466666666667151731e+00,-9.333333333324844716e-01,-8.000000000010913936e-01,-1.333333333333939663e+00,-1.133333333331393078e+00,1.066666666665696539e+00,7.999999999992724042e-01,1.866666666666787933e+00,2.000000000007275958e-01,-6.666666666660603369e-01,-3.000000000000000000e+00,7.333333333335758653e-01,-1.133333333333212067e+00,-2.399999999999636202e+00,-2.266666666668243124e+00,5.133333333335031057e+00,-8.666666666686069220e-01,6.000000000003637979e-01,-1.600000000000363798e+00,-2.199999999998908606e+00,2.000000000007275958e-01,-3.333333333333939663e+00,-1.599999999998544808e+00,-1.466666666668970720e+00,-1.200000000002546585e+00,2.200000000000727596e+00,-2.466666666665332741e+00,-3.266666666668243124e+00,-3.199999999997089617e+00,-2.200000000002546585e+00,1.266666666670062114e+00,-2.533333333334667259e+00,-4.266666666668243124e+00,-3.000000000000000000e+00,-1.399999999999636202e+00,-6.666666666666060337e+00,6.666666666660603369e-01,-3.733333333331756876e+00,-1.199999999998908606e+00,-8.666666666686069220e-01,-2.133333333333212067e+00,-8.666666666667879326e-01,4.333333333332120674e+00,-5.333333333310292801e-01,4.666666666666060337e+00,-2.333333333333939663e+00,1.466666666665332741e+00,1.600000000002182787e+00,-1.266666666668243124e+00,-1.666666666666060337e+00,3.999999999998181011e+00,1.133333333335031057e+00,2.933333333332484472e+00,3.333333333339396631e-01,2.466666666667151731e+00,7.333333333317568759e-01,3.999999999996362021e-01,-2.533333333331029280e+00,-7.999999999992724042e-01,-5.933333333334303461e+00,-2.000000000007275958e-01,-2.266666666664605145e+00,1.333333333330301684e+00,1.399999999999636202e+00,1.000000000001818989e+00,-2.600000000002182787e+00,-3.133333333331393078e+00,-1.199999999998908606e+00,-3.200000000000727596e+00,-6.799999999999272404e+00,-3.066666666667515528e+00,-2.600000000000363798e+00,-2.133333333333212067e+00,9.333333333324844716e-01,6.666666666933451779e-02,-8.000000000010913936e-01,-3.333333333339396631e-01,-1.466666666665332741e+00,-4.400000000001455192e+00,1.866666666666787933e+00,-1.066666666665696539e+00,-1.200000000000727596e+00,-3.933333333334303461e+00,-3.199999999998908606e+00,4.866666666666787933e+00,-7.999999999992724042e-01,-1.400000000001455192e+00,2.666666666664241347e-01,-1.933333333334303461e+00,-1.466666666667151731e+00,-1.333333333333939663e+00,-2.666666666664241347e-01,-3.999999999978172127e-01,-2.000000000007275958e-01,-4.666666666664241347e+00,9.333333333306654822e-01,-5.999999999985448085e-01,2.599999999998544808e+00,2.533333333334667259e+00,-4.199999999998908606e+00,2.133333333333212067e+00,-2.000000000001818989e+00,-3.333333333333939663e+00,-1.000000000000000000e+00,-1.733333333331756876e+00,-6.000000000003637979e-01,1.800000000002910383e+00,-4.400000000001455192e+00,5.866666666664968943e+00,-1.000000000000000000e+00,-2.733333333331756876e+00,9.999999999981810106e-01,-6.666666666751552839e-02,1.400000000001455192e+00,-1.999999999989086064e-01,-1.866666666666787933e+00,-2.199999999998908606e+00,1.199999999998908606e+00,-2.399999999999636202e+00,-8.000000000010913936e-01,-1.266666666670062114e+00,-4.066666666665696539e+00,6.666666666933451779e-02,-8.466666666667151731e+00,1.400000000001455192e+00,5.333333333328482695e-01,-1.818989403545856476e-12,-7.066666666665696539e+00,-2.199999999998908606e+00,-6.666666666678793263e-01,-3.399999999997817213e+00,3.866666666666787933e+00,6.666666666569653898e-02,1.933333333334303461e+00,-2.000000000001818989e+00,6.666666666660603369e-01,-5.333333333333939663e+00,1.600000000000363798e+00,9.333333333343034610e-01,-7.333333333335758653e-01,-3.733333333333575865e+00,-4.533333333334667259e+00,6.666666666569653898e-02,-3.599999999998544808e+00,-7.999999999992724042e-01,1.133333333333212067e+00,-1.199999999998908606e+00,-1.666666666666060337e+00,-3.666666666667879326e+00,1.999999999998181011e+00
-2.533333333334667259e+00,-3.666666666666060337e+00,-2.933333333334303461e+00,-1.266666666668243124e+00,-4.399999999999636202e+00,1.600000000002182787e+00,1.733333333333575865e+00,-3.866666666666787933e+00,1.333333333332120674e-01,-7.333333333335758653e-01,-2.266666666666424135e+00,-5.333333333310292801e-01,3.199999999998908606e+00,7.666666666666060337e+00,1.013333333333321207e+01,1.166666666666606034e+01,1.386666666666860692e+01,1.499999999999818101e+01,1.166666666666606034e+01,1.326666666666824312e+01,1.839999999999963620e+01,1.493333333333248447e+01,1.619999999999890861e+01,1.413333333333321207e+01,2.040000000000145519e+01,1.779999999999927240e+01,1.653333333333284827e+01,1.286666666666860692e+01,1.319999999999890861e+01,1.000000000000000000e+01,3.199999999998908606e+00,6.533333333332848269e+00,1.266666666668243124e+00,6.200000000002546585e+00,3.466666666665332741e+00,-3.600000000002182787e+00,6.000000000003637979e-01,6.666666666678793263e-01,6.000000000003637979e-01,-2.733333333333575865e+00,4.800000000001091394e+00,-3.000000000000000000e+00,-5.800000000001091394e+00,-3.000000000000000000e+00,-6.933333333334303461e+00,-1.133333333333212067e+00,-7.333333333335758653e+00,-3.666666666666060337e+00,-4.666666666664241347e+00,-3.200000000000727596e+00,8.000000000010913936e-01,3.333333333339396631e-01,-1.333333333333939663e+00,-1.733333333335394855e+00,-1.333333333313930780e-01,-7.933333333334303461e+00,6.000000000003637979e-01,2.533333333332848269e+00,-1.733333333333575865e+00,-1.866666666666787933e+00,-3.266666666668243124e+00,2.666666666667879326e+00,2.000000000025465852e-01,-1.333333333335758653e+00,-2.466666666667151731e+00,-4.266666666666424135e+00,-4.466666666665332741e+00,-5.333333333333939663e+00,1.066666666665696539e+00,8.000000000010913936e-01,-1.266666666666424135e+00,-1.533333333334667259e+00,-7.999999999992724042e-01,-1.866666666666787933e+00,-1.466666666665332741e+00,-3.133333333333212067e+00,-2.800000000001091394e+00,-3.466666666667151731e+00,-3.333333333321206737e-01,2.399999999999636202e+00,-1.266666666668243124e+00,-1.266666666666424135e+00,8.000000000010913936e-01,-1.000000000000000000e+00,-6.066666666667515528e+00,4.533333333332848269e+00,-2.666666666664241347e-01,-4.199999999998908606e+00,-5.333333333328482695e-01,2.333333333333939663e+00,9.999999999981810106e-01,1.466666666668970720e+00,2.533333333331029280e+00,2.933333333334303461e+00,1.333333333313930780e-01,3.933333333334303461e+00,-9.333333333324844716e-01,2.666666666666060337e+00,5.333333333346672589e-01,2.933333333334303461e+00,-3.333333333333939663e+00,1.333333333313930780e-01,1.066666666667515528e+00,1.733333333333575865e+00,-4.666666666671517305e-01,2.266666666666424135e+00,-3.333333333339396631e-01,1.000000000000000000e+00,4.399999999999636202e+00,2.200000000000727596e+00,-6.600000000000363798e+00,2.133333333336850046e+00,2.799999999999272404e+00,-2.333333333333939663e+00,5.799999999999272404e+00,1.999999999989086064e-01,-2.799999999999272404e+00,2.533333333332848269e+00,-6.399999999999636202e+00,-1.266666666666424135e+00,-2.466666666668970720e+00,1.818989403545856476e-12,-4.000000000001818989e+00,-7.199999999998908606e+00,-6.533333333331029280e+00,1.600000000000363798e+00,-4.000000000001818989e+00,-3.599999999996725819e+00,-1.799999999999272404e+00,-7.200000000000727596e+00,-5.000000000001818989e+00,-1.066666666667515528e+00,-1.600000000000363798e+00,1.866666666664968943e+00,-4.266666666666424135e+00,1.066666666667515528e+00,-2.133333333335031057e+00,-2.066666666665696539e+00,-2.799999999999272404e+00,4.666666666666060337e+00,-1.799999999999272404e+00,2.800000000001091394e+00,-8.666666666667879326e-01,6.000000000003637979e-01,-1.533333333334667259e+00,6.266666666666424135e+00,1.333333333350310568e-01,-1.200000000000727596e+00,3.666666666667879326e+00,2.800000000001091394e+00,1.866666666664968943e+00,-1.333333333332120674e-01,1.666666666666060337e+00,7.333333333335758653e-01,-5.066666666665696539e+00,1.999999999989086064e-01,-2.733333333333575865e+00,-3.466666666667151731e+00,-4.466666666667151731e+00,-6.666666666660603369e-01,-2.733333333335394855e+00,9.333333333343034610e-01,-4.066666666665696539e+00,-4.800000000001091394e+00,-2.666666666682431241e-01,-2.799999999995634425e+00,-3.466666666667151731e+00,1.000000000000000000e+00,-1.400000000001455192e+00,1.400000000001455192e+00,-3.333333333339396631e-01,7.999999999974534148e-01,2.200000000000727596e+00,1.266666666668243124e+00,2.000000000007275958e-01,-3.799999999999272404e+00,-4.000000000000000000e+00,2.333333333333939663e+00,-1.533333333336486248e+00,-2.133333333333212067e+00,-2.666666666667879326e+00,6.666666666678793263e-01,-3.266666666666424135e+00,-7.333333333335758653e-01,-2.533333333334667259e+00,-1.733333333333575865e+00,-2.199999999997089617e+00,-2.266666666666424135e+00,-2.800000000001091394e+00,-3.066666666667515528e+00,-6.666666666642413475e-01,-2.600000000000363798e+00,-4.000000000000000000e+00,1.333333333333939663e+00,-2.866666666668606922e+00,6.666666666678793263e-01,-4.133333333333212067e+00,-2.466666666667151731e+00,-2.933333333334303461e+00,-4.533333333332848269e+00,-4.666666666653327411e-01,-3.200000000000727596e+00,-4.733333333333575865e+00,2.266666666666424135e+00,-2.600000000000363798e+00,-1.466666666667151731e+00,4.466666666668970720e+00,1.266666666666424135e+00,-5.666666666667879326e+00,-2.599999999998544808e+00,-1.933333333334303461e+00,-1.133333333333212067e+00,2.133333333333212067e+00,6.666666666660603369e-01,-1.199999999998908606e+00,-1.933333333334303461e+00,-7.999999999992724042e-01,-2.066666666667515528e+00,-2.133333333333212067e+00,-2.666666666664241347e-01,-6.000000000021827873e-01,-6.333333333332120674e+00,-3.666666666667879326e+00,-1.999999999989086064e-01,-8.000000000010913936e-01,3.333333333339396631e-01,4.000000000014551915e-01,-2.000000000000000000e+00,-4.266666666666424135e+00,2.466666666667151731e+00,-1.200000000000727596e+00,1.818989403545856476e-12,0.000000000000000000e+00,-1.600000000000363798e+00,-1.000000000000000000e+00,5.333333333310292801e-01,-2.733333333333575865e+00,-1.933333333334303461e+00,-6.133333333331393078e+00,-2.800000000001091394e+00,-5.200000000000727596e+00,-1.333333333313930780e-01,-6.066666666665696539e+00,1.199999999998908606e+00,-4.666666666667879326e+00,6.666666666751552839e-02,-2.999999999998181011e+00,-4.000000000014551915e-01,-6.666666666666060337e+00,-3.333333333339396631e-01,-4.266666666668243124e+00,3.866666666666787933e+00,2.133333333335031057e+00,2.399999999999636202e+00,-2.333333333332120674e+00,2.000000000007275958e-01,-5.200000000000727596e+00,4.866666666664968943e+00,-5.266666666666424135e+00,-6.000000000003637979e-01,-2.399999999999636202e+00,-5.999999999985448085e-01,-5.266666666666424135e+00,2.666666666666060337e+00,-3.066666666665696539e+00,-1.866666666668606922e+00,-4.466666666667151731e+00,-4.933333333332484472e+00,-1.399999999999636202e+00,1.333333333333939663e+00,-4.000000000014551915e-01,4.866666666666787933e+00,-6.066666666667515528e+00,1.066666666667515528e+00,6.733333333333575865e+00,-3.000000000000000000e+00,-1.000000000000000000e+00,3.466666666667151731e+00,1.933333333332484472e+00,0.000000000000000000e+00,-1.933333333332484472e+00,-2.400000000001455192e+00,3.000000000000000000e+00,-3.666666666664241347e+00,-2.266666666668243124e+00,-2.800000000001091394e+00,-5.066666666665696539e+00,-2.799999999999272404e+00,-3.066666666667515528e+00,-9.666666666666060337e+00,-7.333333333335758653e-01,-2.000000000000000000e+00,-4.533333333332848269e+00,3.999999999996362021e-01,-3.866666666666787933e+00,-6.000000000003637979e-01,1.266666666668243124e+00,-6.533333333334667259e+00,7.999999999992724042e-01,-2.666666666646051453e-01,-9.333333333343034610e-01,-1.333333333332120674e+00,-2.133333333335031057e+00,2.000000000007275958e-01,1.666666666666060337e+00,3.999999999996362021e-01,-3.600000000000363798e+00,-6.666666666569653898e-02,-5.066666666665696539e+00,-1.266666666666424135e+00,-1.000000000000000000e+00,-2.333333333333939663e+00,-2.666666666664241347e-01,-1.200000000000727596e+00
2.000000000000000000e+00,-6.199999999998908606e+00,-1.133333333333212067e+00,-3.333333333333939663e+00,-2.199999999998908606e+00,0.000000000000000000e+00,-5.200000000000727596e+00,1.066666666667515528e+00,3.133333333333212067e+00,-1.466666666667151731e+00,-6.133333333333212067e+00,-3.333333333321206737e-01,-3.000000000000000000e+00,-1.666666666666060337e+00,7.866666666664968943e+00,-2.133333333333212067e+00,4.266666666666424135e+00,4.600000000000363798e+00,5.466666666667151731e+00,8.000000000010913936e-01,2.533333333334667259e+00,5.999999999998181011e+00,-1.733333333333575865e+00,2.666666666666060337e+00,6.666666666667879326e+00,3.799999999997453415e+00,3.466666666665332741e+00,3.200000000000727596e+00,-2.533333333329210291e+00,-1.800000000001091394e+00,1.733333333335394855e+00,3.999999999996362021e-01,-2.000000000000000000e+00,1.933333333332484472e+00,8.666666666667879326e-01,4.666666666671517305e-01,-3.333333333321206737e-01,3.733333333333575865e+00,3.999999999978172127e-01,-7.000000000001818989e+00,1.266666666666424135e+00,2.000000000007275958e-01,-5.399999999999636202e+00,2.000000000000000000e+00,1.466666666668970720e+00,3.133333333331393078e+00,3.266666666668243124e+00,-3.333333333339396631e-01,-3.466666666668970720e+00,3.733333333335394855e+00,-2.266666666666424135e+00,-3.333333333333939663e+00,-5.333333333346672589e-01,-1.200000000000727596e+00,4.533333333334667259e+00,-2.599999999998544808e+00,-3.466666666667151731e+00,3.199999999998908606e+00,1.533333333332848269e+00,-6.666666666666060337e+00,-6.733333333335394855e+00,-4.333333333332120674e+00,-3.400000000001455192e+00,-3.199999999998908606e+00,-3.133333333333212067e+00,1.066666666665696539e+00,-6.000000000021827873e-01,-3.733333333331756876e+00,-1.933333333334303461e+00,3.333333333339396631e-01,1.200000000000727596e+00,3.933333333334303461e+00,-1.066666666667515528e+00,2.666666666664241347e-01,5.600000000000363798e+00,-2.933333333330665482e+00,-2.400000000001455192e+00,6.000000000021827873e-01,5.399999999997817213e+00,-4.666666666664241347e+00,1.333333333333939663e+00,-1.666666666669698316e+00,6.666666666678793263e-01,-4.066666666665696539e+00,-2.666666666667879326e+00,-2.266666666666424135e+00,-3.533333333332848269e+00,-2.066666666669334518e+00,-3.266666666664605145e+00,-4.000000000000000000e+00,6.199999999998908606e+00,2.066666666669334518e+00,1.866666666664968943e+00,-6.333333333332120674e+00,2.466666666667151731e+00,-3.200000000002546585e+00,-2.266666666664605145e+00,4.133333333331393078e+00,2.000000000000000000e+00,-2.466666666667151731e+00,-1.466666666667151731e+00,-9.333333333343034610e-01,-3.933333333330665482e+00,2.933333333332484472e+00,9.333333333324844716e-01,-3.799999999999272404e+00,-3.933333333334303461e+00,3.933333333332484472e+00,-3.999999999996362021e-01,-6.066666666665696539e+00,-2.666666666666060337e+00,-1.333333333332120674e-01,-7.733333333331756876e+00,-1.599999999998544808e+00,2.999999999998181011e+00,-2.800000000001091394e+00,-1.266666666666424135e+00,-4.533333333332848269e+00,-4.799999999999272404e+00,-5.466666666665332741e+00,-2.666666666682431241e-01,-6.666666666569653898e-02,-1.166666666666606034e+01,-6.666666666751552839e-02,3.666666666666060337e+00,2.200000000000727596e+00,-1.333333333333939663e+00,2.600000000000363798e+00,-6.666666666569653898e-02,-1.133333333333212067e+00,3.199999999997089617e+00,-2.533333333332848269e+00,8.199999999998908606e+00,-4.666666666653327411e-01,-4.666666666671517305e-01,3.933333333334303461e+00,2.333333333333939663e+00,7.066666666662058560e+00,-2.666666666664241347e-01,-7.999999999992724042e-01,-2.666666666664241347e+00,2.666666666664241347e+00,1.333333333332120674e-01,-7.999999999992724042e-01,-2.466666666667151731e+00,-2.666666666666060337e+00,-3.466666666667151731e+00,-6.133333333333212067e+00,-1.866666666664968943e+00,-4.799999999999272404e+00,-3.933333333334303461e+00,-4.666666666667879326e+00,-6.533333333332848269e+00,1.266666666668243124e+00,-3.733333333335394855e+00,-2.600000000000363798e+00,-1.666666666666060337e+00,-5.466666666667151731e+00,-2.533333333332848269e+00,2.800000000001091394e+00,-1.866666666668606922e+00,1.733333333335394855e+00,3.466666666668970720e+00,6.666666666569653898e-02,4.733333333331756876e+00,-4.133333333333212067e+00,-1.533333333332848269e+00,1.000000000000000000e+00,-4.000000000000000000e+00,3.533333333332848269e+00,-1.266666666666424135e+00,-3.333333333339396631e-01,6.666666666660603369e-01,-1.399999999997817213e+00,-4.666666666666060337e+00,1.533333333332848269e+00,1.066666666665696539e+00,-3.533333333331029280e+00,8.666666666667879326e-01,1.199999999998908606e+00,2.000000000007275958e-01,1.466666666665332741e+00,-2.600000000000363798e+00,-4.533333333332848269e+00,-6.199999999998908606e+00,-2.466666666667151731e+00,2.400000000001455192e+00,7.333333333317568759e-01,-2.133333333331393078e+00,-4.933333333334303461e+00,-5.333333333328482695e-01,-1.733333333333575865e+00,-1.866666666666787933e+00,-5.133333333336850046e+00,-4.999999999998181011e+00,-1.133333333333212067e+00,-2.666666666669698316e+00,2.466666666668970720e+00,1.199999999998908606e+00,-1.066666666667515528e+00,1.999999999989086064e-01,-5.466666666663513752e+00,6.666666666387754958e-02,-1.599999999996725819e+00,3.466666666665332741e+00,-7.866666666664968943e+00,-2.933333333332484472e+00,1.133333333331393078e+00,-3.999999999978172127e-01,-2.133333333335031057e+00,-3.999999999978172127e-01,-3.200000000000727596e+00,-2.066666666667515528e+00,2.999999999998181011e+00,-9.333333333324844716e-01,-6.400000000001455192e+00,-7.999999999974534148e-01,-1.933333333334303461e+00,2.199999999997089617e+00,2.800000000001091394e+00,5.399999999999636202e+00,2.000000000000000000e+00,-2.266666666664605145e+00,-2.400000000001455192e+00,-2.266666666664605145e+00,-3.066666666665696539e+00,5.199999999998908606e+00,-3.533333333332848269e+00,-5.066666666667515528e+00,2.533333333332848269e+00,4.600000000000363798e+00,-2.600000000000363798e+00,-2.266666666666424135e+00,-1.533333333331029280e+00,-5.533333333334667259e+00,-3.066666666665696539e+00,-2.133333333335031057e+00,-3.466666666665332741e+00,4.266666666666424135e+00,-4.666666666671517305e-01,2.199999999998908606e+00,-7.600000000000363798e+00,-1.066666666665696539e+00,-4.000000000014551915e-01,-1.466666666663513752e+00,-3.533333333336486248e+00,1.866666666668606922e+00,-3.799999999997453415e+00,-1.733333333337213844e+00,6.000000000021827873e-01,-4.666666666667879326e+00,-2.266666666666424135e+00,3.799999999999272404e+00,-6.733333333333575865e+00,1.400000000001455192e+00,-2.066666666667515528e+00,-9.333333333324844716e-01,1.199999999998908606e+00,-1.133333333333212067e+00,-7.199999999998908606e+00,3.733333333331756876e+00,-2.266666666666424135e+00,7.333333333332120674e+00,3.200000000000727596e+00,-1.533333333332848269e+00,4.000000000000000000e+00,-1.800000000001091394e+00,-6.333333333332120674e+00,4.000000000001818989e+00,1.666666666667879326e+00,1.333333333332120674e-01,2.666666666664241347e+00,-6.199999999998908606e+00,2.933333333334303461e+00,3.666666666664241347e+00,-6.666666666678793263e-01,-5.333333333346672589e-01,-3.066666666663877550e+00,-2.933333333334303461e+00,-1.533333333334667259e+00,-2.333333333332120674e+00,-9.333333333324844716e-01,2.066666666665696539e+00,-3.000000000000000000e+00,-5.333333333333939663e+00,-3.266666666664605145e+00,-3.466666666665332741e+00,9.333333333324844716e-01,-4.066666666665696539e+00,-3.466666666667151731e+00,-5.000000000000000000e+00,-3.333333333333939663e+00,-4.933333333334303461e+00,-2.933333333332484472e+00,-2.000000000001818989e+00,-3.266666666668243124e+00,1.733333333333575865e+00,-1.333333333332120674e+00,2.333333333333939663e+00,-1.266666666668243124e+00,8.000000000010913936e-01,3.066666666667515528e+00,4.066666666665696539e+00,-1.333333333332120674e+00,4.133333333335031057e+00,3.266666666666424135e+00,2.599999999998544808e+00,5.333333333328482695e-01,-3.999999999996362021e-01,3.666666666666060337e+00,6.666666666660603369e-01,7.999999999992724042e-01,-4.333333333332120674e+00,-3.333333333332120674e+00
-4.133333333331393078e+00,-2.666666666666060337e+00,-1.000000000000000000e+00,3.333333333339396631e-01,8.666666666649689432e-01,6.666666666569653898e-02,1.466666666668970720e+00,-4.266666666670062114e+00,1.600000000002182787e+00,-2.333333333332120674e+00,5.333333333328482695e-01,1.400000000003274181e+00,-4.466666666667151731e+00,-2.133333333333212067e+00,5.466666666667151731e+00,3.666666666666060337e+00,3.866666666664968943e+00,4.933333333334303461e+00,4.933333333330665482e+00,-1.333333333350310568e-01,3.733333333335394855e+00,7.533333333332848269e+00,7.066666666669334518e+00,7.933333333332484472e+00,8.866666666666787933e+00,8.599999999998544808e+00,6.266666666666424135e+00,9.199999999998908606e+00,8.533333333336486248e+00,5.533333333331029280e+00,-2.000000000007275958e-01,-2.733333333333575865e+00,3.999999999996362021e-01,8.000000000029103830e-01,3.800000000001091394e+00,6.799999999999272404e+00,6.000000000003637979e-01,-3.133333333333212067e+00,-3.600000000002182787e+00,3.000000000001818989e+00,9.333333333306654822e-01,-8.666666666667879326e-01,-4.133333333331393078e+00,-3.200000000000727596e+00,-2.133333333335031057e+00,-7.999999999992724042e-01,5.333333333328482695e-01,6.666666666751552839e-02,-1.133333333331393078e+00,-3.999999999996362021e-01,-7.066666666667515528e+00,-2.866666666666787933e+00,1.933333333332484472e+00,3.066666666663877550e+00,-2.733333333331756876e+00,-4.933333333332484472e+00,-4.866666666664968943e+00,2.000000000000000000e+00,3.999999999959982233e-01,-1.999999999998181011e+00,-6.666666666660603369e-01,-5.333333333328482695e-01,-5.999999999985448085e-01,-1.133333333333212067e+00,-3.200000000002546585e+00,5.333333333364862483e-01,-2.600000000002182787e+00,-1.533333333332848269e+00,-4.266666666666424135e+00,-3.800000000001091394e+00,5.000000000000000000e+00,1.733333333333575865e+00,-5.266666666666424135e+00,-1.666666666667879326e+00,-1.266666666664605145e+00,1.866666666666787933e+00,2.599999999998544808e+00,-3.333333333332120674e+00,-1.400000000003274181e+00,2.000000000025465852e-01,-3.466666666667151731e+00,1.866666666666787933e+00,-1.466666666668970720e+00,9.333333333343034610e-01,3.133333333333212067e+00,-3.866666666666787933e+00,6.000000000021827873e-01,-3.999999999996362021e-01,2.666666666664241347e-01,3.599999999998544808e+00,-3.066666666665696539e+00,-1.533333333334667259e+00,2.600000000000363798e+00,-1.999999999989086064e-01,-8.000000000010913936e-01,3.066666666667515528e+00,-3.333333333321206737e-01,1.533333333332848269e+00,8.000000000010913936e-01,1.999999999989086064e-01,1.266666666668243124e+00,1.733333333329937886e+00,9.333333333324844716e-01,-3.133333333333212067e+00,-1.599999999998544808e+00,3.333333333321206737e-01,-5.333333333310292801e-01,-3.733333333333575865e+00,5.999999999985448085e-01,2.399999999999636202e+00,6.000000000003637979e-01,-1.466666666667151731e+00,-3.800000000001091394e+00,-1.266666666666424135e+00,-2.599999999998544808e+00,-1.266666666664605145e+00,-6.133333333333212067e+00,1.266666666664605145e+00,1.333333333350310568e-01,-2.733333333335394855e+00,-2.266666666664605145e+00,-3.333333333357586525e-01,6.000000000021827873e-01,3.333333333303016843e-01,-3.533333333331029280e+00,-2.533333333332848269e+00,-1.933333333334303461e+00,9.333333333343034610e-01,-2.133333333333212067e+00,3.333333333339396631e-01,-4.066666666667515528e+00,7.333333333317568759e-01,1.133333333335031057e+00,-2.733333333333575865e+00,-3.000000000000000000e+00,-1.533333333334667259e+00,-1.600000000000363798e+00,-4.933333333334303461e+00,-9.999999999981810106e-01,-1.533333333332848269e+00,-2.200000000000727596e+00,5.333333333328482695e-01,1.466666666668970720e+00,1.999999999989086064e-01,3.333333333357586525e-01,3.599999999998544808e+00,-1.200000000000727596e+00,-2.533333333332848269e+00,6.666666666660603369e-01,1.666666666666060337e+00,2.866666666664968943e+00,-1.933333333332484472e+00,2.466666666667151731e+00,-2.733333333333575865e+00,1.733333333335394855e+00,1.599999999998544808e+00,1.333333333333939663e+00,1.999999999989086064e-01,2.533333333332848269e+00,-2.066666666667515528e+00,-9.999999999981810106e-01,-2.933333333334303461e+00,3.333333333339396631e-01,1.933333333334303461e+00,-2.400000000001455192e+00,6.666666666751552839e-02,1.733333333333575865e+00,1.399999999999636202e+00,8.666666666667879326e-01,-7.333333333353948547e-01,1.333333333332120674e-01,-2.533333333332848269e+00,-3.399999999997817213e+00,-6.799999999999272404e+00,1.600000000000363798e+00,-1.066666666667515528e+00,5.333333333328482695e-01,-4.533333333332848269e+00,3.066666666665696539e+00,-1.333333333332120674e-01,2.000000000007275958e-01,-1.866666666666787933e+00,-1.933333333332484472e+00,-1.466666666667151731e+00,-1.533333333332848269e+00,-5.333333333333939663e+00,-4.066666666667515528e+00,1.533333333334667259e+00,3.333333333332120674e+00,-4.199999999998908606e+00,-5.133333333335031057e+00,1.600000000000363798e+00,4.666666666653327411e-01,-8.800000000001091394e+00,4.666666666671517305e-01,-5.266666666666424135e+00,-6.666666666569653898e-02,-3.933333333332484472e+00,-4.066666666665696539e+00,-3.066666666667515528e+00,1.599999999998544808e+00,-1.000000000000000000e+00,1.666666666666060337e+00,-5.866666666666787933e+00,-5.266666666666424135e+00,1.000000000003637979e+00,-5.466666666668970720e+00,-1.800000000001091394e+00,5.333333333333939663e+00,-1.533333333332848269e+00,-3.333333333321206737e-01,-4.999999999998181011e+00,-6.666666666933451779e-02,-3.333333333339396631e-01,-1.466666666667151731e+00,-3.333333333332120674e+00,-3.333333333333939663e+00,-6.666666666666060337e+00,-3.266666666666424135e+00,1.466666666667151731e+00,-9.333333333324844716e-01,3.466666666667151731e+00,3.399999999997817213e+00,-5.000000000000000000e+00,-3.466666666667151731e+00,-2.266666666666424135e+00,-1.800000000001091394e+00,3.333333333357586525e-01,-5.333333333346672589e-01,-2.000000000000000000e+00,6.666666666751552839e-02,-1.266666666666424135e+00,4.133333333333212067e+00,1.799999999999272404e+00,-2.666666666664241347e-01,6.000000000021827873e-01,-5.866666666668606922e+00,-1.039999999999963620e+01,-1.733333333333575865e+00,-2.133333333333212067e+00,-9.333333333324844716e-01,-6.666666666678793263e-01,-3.866666666664968943e+00,7.999999999992724042e-01,-4.066666666667515528e+00,-7.333333333335758653e-01,1.066666666667515528e+00,-8.199999999998908606e+00,2.666666666646051453e-01,-2.866666666666787933e+00,-1.266666666666424135e+00,5.333333333346672589e-01,3.666666666664241347e+00,-2.600000000000363798e+00,7.333333333353948547e-01,-7.333333333353948547e-01,2.000000000001818989e+00,-7.333333333317568759e-01,-1.666666666666060337e+00,4.333333333332120674e+00,-1.800000000001091394e+00,0.000000000000000000e+00,-1.533333333334667259e+00,-3.333333333332120674e+00,-7.333333333317568759e-01,-1.333333333350310568e-01,5.333333333346672589e-01,-2.133333333333212067e+00,-1.400000000001455192e+00,1.400000000001455192e+00,-2.066666666667515528e+00,-4.999999999998181011e+00,-4.266666666666424135e+00,-5.133333333333212067e+00,-5.000000000001818989e+00,-1.533333333332848269e+00,-1.666666666669698316e+00,-1.000000000000000000e+00,2.533333333334667259e+00,-8.666666666667879326e-01,-1.733333333333575865e+00,-3.866666666664968943e+00,3.999999999978172127e-01,3.333333333333939663e+00,-1.866666666663149954e+00,-3.733333333335394855e+00,-2.133333333331393078e+00,2.666666666666060337e+00,3.866666666666787933e+00,3.066666666665696539e+00,1.600000000000363798e+00,8.666666666649689432e-01,-2.266666666666424135e+00,-5.600000000000363798e+00,-6.666666666751552839e-02,-4.666666666666060337e+00,1.333333333333939663e+00,-1.533333333332848269e+00,-4.533333333336486248e+00,-2.066666666665696539e+00,3.000000000001818989e+00,1.199999999998908606e+00,-1.600000000002182787e+00,-6.466666666665332741e+00,-3.066666666665696539e+00,-4.933333333334303461e+00,-7.000000000000000000e+00,1.466666666667151731e+00,1.599999999998544808e+00,-3.466666666663513752e+00,-3.999999999996362021e-01,2.000000000000000000e+00,-3.666666666666060337e+00,5.333333333310292801e-01
-2.733333333333575865e+00,-9.333333333343034610e-01,-2.600000000000363798e+00,-6.666666666569653898e-02,5.000000000000000000e+00,3.999999999996362021e-01,4.266666666668243124e+00,-3.066666666667515528e+00,3.666666666666060337e+00,-4.399999999999636202e+00,4.733333333333575865e+00,4.666666666666060337e+00,3.333333333332120674e+00,7.999999999992724042e-01,9.200000000000727596e+00,5.333333333333939663e+00,4.066666666665696539e+00,3.333333333339396631e-01,5.733333333335394855e+00,2.199999999998908606e+00,-6.000000000003637979e-01,6.466666666665332741e+00,8.133333333335031057e+00,6.200000000000727596e+00,8.799999999997453415e+00,-1.600000000000363798e+00,6.333333333335758653e+00,7.733333333333575865e+00,4.733333333331756876e+00,-6.000000000003637979e-01,3.600000000000363798e+00,-1.933333333332484472e+00,0.000000000000000000e+00,-1.466666666665332741e+00,-8.666666666667879326e-01,6.733333333333575865e+00,-4.200000000000727596e+00,-5.000000000001818989e+00,-4.933333333332484472e+00,1.333333333332120674e+00,2.400000000001455192e+00,-1.133333333333212067e+00,-4.266666666666424135e+00,2.666666666664241347e-01,2.466666666667151731e+00,-5.000000000000000000e+00,3.533333333332848269e+00,1.400000000001455192e+00,-1.933333333334303461e+00,-2.133333333333212067e+00,-3.666666666666060337e+00,-1.533333333332848269e+00,-1.933333333332484472e+00,-2.666666666682431241e-01,-6.200000000000727596e+00,-4.733333333333575865e+00,-4.533333333332848269e+00,-2.933333333334303461e+00,-2.466666666665332741e+00,-6.399999999999636202e+00,-6.666666666660603369e-01,-4.000000000001818989e+00,-2.133333333331393078e+00,-5.800000000001091394e+00,7.333333333335758653e-01,-1.000000000001818989e+00,-2.266666666664605145e+00,2.399999999997817213e+00,-3.999999999996362021e-01,-1.000000000000000000e+00,2.800000000001091394e+00,-2.466666666667151731e+00,-2.466666666667151731e+00,-1.866666666664968943e+00,1.600000000000363798e+00,-3.200000000000727596e+00,-2.399999999999636202e+00,-2.933333333334303461e+00,3.000000000001818989e+00,7.333333333335758653e-01,-6.000000000003637979e-01,4.666666666635137517e-01,-1.533333333332848269e+00,-3.199999999998908606e+00,-2.466666666668970720e+00,1.333333333350310568e-01,4.133333333333212067e+00,-1.533333333332848269e+00,-2.066666666665696539e+00,-4.066666666665696539e+00,4.333333333332120674e+00,-1.533333333334667259e+00,3.800000000001091394e+00,5.133333333333212067e+00,3.200000000000727596e+00,1.133333333331393078e+00,2.600000000000363798e+00,-1.333333333332120674e-01,4.599999999998544808e+00,6.266666666668243124e+00,-5.866666666666787933e+00,-2.999999999998181011e+00,2.600000000000363798e+00,3.533333333332848269e+00,-3.333333333339396631e-01,-1.333333333368500462e-01,3.133333333335031057e+00,2.000000000001818989e+00,-4.933333333336122450e+00,-3.799999999997453415e+00,-5.199999999998908606e+00,-5.666666666667879326e+00,1.800000000001091394e+00,-1.333333333350310568e-01,-5.666666666666060337e+00,2.266666666666424135e+00,3.466666666665332741e+00,-1.599999999998544808e+00,-8.000000000010913936e-01,3.533333333332848269e+00,-6.999999999996362021e+00,-1.333333333335758653e+00,-7.400000000001455192e+00,-4.533333333332848269e+00,-3.600000000002182787e+00,3.333333333375776419e-01,-3.399999999999636202e+00,-3.200000000002546585e+00,-2.666666666664241347e+00,-3.333333333339396631e-01,1.199999999998908606e+00,-5.933333333332484472e+00,-9.999999999981810106e-01,-2.666666666664241347e-01,-7.000000000001818989e+00,4.666666666666060337e+00,-3.333333333333939663e+00,5.399999999999636202e+00,1.533333333332848269e+00,2.266666666668243124e+00,-6.666666666751552839e-02,-1.133333333329574089e+00,1.399999999994179234e+00,-6.000000000003637979e-01,5.333333333346672589e-01,-7.333333333317568759e-01,2.133333333335031057e+00,-3.133333333333212067e+00,-2.266666666666424135e+00,-8.000000000010913936e-01,-2.466666666667151731e+00,2.866666666666787933e+00,-3.000000000000000000e+00,3.466666666667151731e+00,-1.599999999998544808e+00,6.533333333331029280e+00,1.106666666666569654e+01,5.000000000001818989e+00,2.666666666646051453e-01,8.133333333335031057e+00,9.399999999997817213e+00,7.600000000000363798e+00,1.106666666666751553e+01,5.800000000001091394e+00,1.239999999999781721e+01,6.333333333333939663e+00,6.600000000000363798e+00,9.066666666665696539e+00,4.266666666668243124e+00,4.066666666665696539e+00,2.066666666667515528e+00,-3.000000000000000000e+00,1.200000000000727596e+00,-3.133333333333212067e+00,-3.266666666666424135e+00,-6.666666666666060337e+00,-1.333333333332120674e-01,-2.466666666668970720e+00,-1.799999999999272404e+00,-3.866666666668606922e+00,2.000000000007275958e-01,-5.133333333335031057e+00,-5.066666666665696539e+00,-3.066666666665696539e+00,-2.133333333333212067e+00,-7.533333333332848269e+00,2.666666666664241347e-01,-3.799999999999272404e+00,8.666666666667879326e-01,-1.666666666667879326e+00,-2.933333333332484472e+00,-5.666666666666060337e+00,-3.333333333333939663e+00,-1.399999999999636202e+00,-3.666666666664241347e+00,-1.200000000000727596e+00,6.666666666642413475e-01,-4.266666666666424135e+00,-6.000000000003637979e-01,-1.466666666667151731e+00,3.333333333321206737e-01,-2.199999999998908606e+00,-1.533333333334667259e+00,2.666666666667879326e+00,-2.199999999998908606e+00,3.599999999998544808e+00,3.533333333334667259e+00,1.733333333333575865e+00,-3.266666666664605145e+00,-3.000000000000000000e+00,-7.533333333336486248e+00,-2.866666666664968943e+00,-1.600000000002182787e+00,-2.266666666664605145e+00,-2.266666666668243124e+00,-2.933333333334303461e+00,-5.199999999998908606e+00,-5.333333333333939663e+00,-3.066666666665696539e+00,-2.199999999998908606e+00,-2.333333333333939663e+00,-4.200000000000727596e+00,-2.333333333333939663e+00,2.933333333334303461e+00,-1.799999999999272404e+00,-4.666666666653327411e-01,-2.333333333332120674e+00,3.733333333335394855e+00,-2.800000000001091394e+00,-2.600000000002182787e+00,-2.666666666664241347e-01,2.799999999997453415e+00,3.333333333333939663e+00,-1.733333333333575865e+00,-2.333333333333939663e+00,-7.799999999999272404e+00,-2.533333333332848269e+00,1.799999999999272404e+00,-5.333333333332120674e+00,3.999999999996362021e-01,1.599999999998544808e+00,-1.666666666666060337e+00,-9.333333333333939663e+00,-8.666666666649689432e-01,9.333333333343034610e-01,-4.666666666667879326e+00,-6.666666666660603369e-01,-5.400000000001455192e+00,3.999999999996362021e-01,-6.666666666678793263e-01,3.600000000000363798e+00,-2.733333333333575865e+00,-5.599999999998544808e+00,1.200000000000727596e+00,-4.666666666671517305e-01,-4.199999999998908606e+00,-1.866666666668606922e+00,-6.666666666660603369e-01,-1.333333333332120674e-01,-3.599999999998544808e+00,9.333333333306654822e-01,-3.133333333333212067e+00,1.200000000000727596e+00,-3.266666666664605145e+00,-3.733333333335394855e+00,-1.533333333332848269e+00,1.533333333331029280e+00,-6.666666666678793263e-01,-7.999999999992724042e-01,1.933333333334303461e+00,-3.999999999996362021e-01,1.400000000003274181e+00,1.733333333333575865e+00,-4.000000000001818989e+00,3.066666666669334518e+00,1.399999999997817213e+00,-1.799999999997453415e+00,1.666666666666060337e+00,-2.266666666668243124e+00,5.533333333332848269e+00,1.818989403545856476e-12,-7.333333333335758653e-01,-1.466666666665332741e+00,2.333333333330301684e+00,-9.333333333361224504e-01,-3.799999999999272404e+00,-4.399999999999636202e+00,1.666666666666060337e+00,-4.666666666653327411e-01,-5.133333333333212067e+00,-2.400000000001455192e+00,-2.133333333333212067e+00,-9.999999999981810106e-01,2.666666666682431241e-01,-5.933333333334303461e+00,-4.800000000002910383e+00,-4.999999999998181011e+00,-3.333333333332120674e+00,-5.133333333333212067e+00,-3.600000000000363798e+00,7.333333333335758653e-01,1.866666666664968943e+00,3.333333333321206737e-01,1.818989403545856476e-12,-3.600000000000363798e+00,-5.666666666666060337e+00,-1.266666666668243124e+00,-2.266666666666424135e+00,-3.333333333333939663e+00,-3.399999999999636202e+00,3.999999999996362021e-01,6.000000000003637979e-01,7.333333333335758653e-01,-9.333333333324844716e-01
-1.200000000000727596e+00,2.333333333333939663e+00,1.133333333331393078e+00,8.666666666686069220e-01,3.999999999996362021e-01,2.199999999998908606e+00,-7.133333333333212067e+00,4.666666666671517305e-01,-5.799999999999272404e+00,3.133333333335031057e+00,-8.666666666667879326e-01,-1.600000000000363798e+00,-2.933333333334303461e+00,6.666666666751552839e-02,5.333333333333939663e+00,5.066666666665696539e+00,5.333333333333939663e+00,7.666666666664241347e+00,1.133333333333212067e+00,3.533333333332848269e+00,6.800000000001091394e+00,1.040000000000145519e+01,8.266666666666424135e+00,1.060000000000036380e+01,6.799999999999272404e+00,9.666666666666060337e+00,1.060000000000036380e+01,6.866666666666787933e+00,1.020000000000072760e+01,1.400000000001455192e+00,8.199999999998908606e+00,5.266666666666424135e+00,2.199999999998908606e+00,2.333333333333939663e+00,6.133333333333212067e+00,-2.399999999999636202e+00,2.333333333332120674e+00,2.400000000001455192e+00,-1.733333333333575865e+00,2.466666666667151731e+00,-3.266666666668243124e+00,-6.199999999998908606e+00,2.799999999999272404e+00,-2.066666666667515528e+00,2.933333333334303461e+00,-5.066666666667515528e+00,-8.600000000000363798e+00,-2.666666666664241347e-01,-3.666666666664241347e+00,-2.200000000000727596e+00,-4.066666666665696539e+00,-2.733333333335394855e+00,-8.399999999999636202e+00,-6.399999999999636202e+00,-2.066666666667515528e+00,-6.733333333333575865e+00,1.066666666665696539e+00,-4.133333333333212067e+00,-5.066666666667515528e+00,-5.199999999997089617e+00,5.999999999985448085e-01,3.333333333333939663e+00,-2.600000000000363798e+00,2.000000000000000000e+00,-6.000000000000000000e+00,1.799999999999272404e+00,-4.133333333335031057e+00,5.333333333364862483e-01,1.066666666665696539e+00,-2.266666666666424135e+00,4.133333333333212067e+00,-3.600000000002182787e+00,2.066666666667515528e+00,-3.333333333321206737e-01,1.818989403545856476e-12,-4.733333333333575865e+00,-1.666666666666060337e+00,-5.933333333332484472e+00,1.133333333333212067e+00,1.133333333335031057e+00,-3.733333333335394855e+00,-1.399999999999636202e+00,5.999999999967258191e-01,3.266666666666424135e+00,-2.466666666667151731e+00,5.333333333328482695e-01,1.818989403545856476e-12,-2.666666666667879326e+00,3.933333333332484472e+00,-1.799999999999272404e+00,2.600000000002182787e+00,-7.333333333335758653e-01,6.066666666667515528e+00,6.666666666678793263e-01,3.666666666666060337e+00,3.333333333332120674e+00,3.666666666666060337e+00,4.666666666671517305e-01,1.133333333331393078e+00,2.133333333335031057e+00,-6.666666666751552839e-02,1.666666666667879326e+00,1.866666666666787933e+00,-8.666666666667879326e-01,2.466666666665332741e+00,-2.733333333333575865e+00,-1.200000000000727596e+00,-2.333333333332120674e+00,-1.799999999999272404e+00,-2.066666666667515528e+00,-1.733333333335394855e+00,-3.133333333333212067e+00,-2.666666666646051453e-01,-4.200000000000727596e+00,-3.533333333332848269e+00,-8.666666666649689432e-01,-1.733333333333575865e+00,-4.199999999998908606e+00,-1.333333333333939663e+00,-3.200000000000727596e+00,-9.333333333324844716e-01,-3.866666666666787933e+00,-2.666666666667879326e+00,-5.000000000000000000e+00,-3.266666666668243124e+00,-7.333333333335758653e-01,-5.333333333310292801e-01,-2.000000000007275958e-01,1.866666666668606922e+00,-6.666666666660603369e-01,-3.266666666668243124e+00,-2.066666666667515528e+00,8.666666666667879326e-01,-5.133333333331393078e+00,-3.133333333335031057e+00,1.066666666667515528e+00,7.333333333317568759e-01,-9.333333333324844716e-01,4.400000000001455192e+00,4.800000000001091394e+00,-4.333333333333939663e+00,-6.666666666751552839e-02,-2.333333333332120674e+00,-4.733333333335394855e+00,3.333333333333939663e+00,1.066666666667515528e+00,-1.466666666665332741e+00,0.000000000000000000e+00,-8.000000000029103830e-01,6.000000000003637979e-01,-9.333333333343034610e-01,-2.000000000007275958e-01,1.999999999989086064e-01,-7.333333333333939663e+00,-3.933333333332484472e+00,2.733333333335394855e+00,-2.866666666664968943e+00,-2.266666666666424135e+00,-6.666666666751552839e-02,-2.666666666666060337e+00,-2.000000000007275958e-01,-2.533333333334667259e+00,-5.600000000000363798e+00,-1.000000000000000000e+00,-2.466666666668970720e+00,-6.666666666569653898e-02,2.266666666666424135e+00,4.666666666671517305e-01,-1.133333333331393078e+00,1.933333333334303461e+00,-1.600000000000363798e+00,1.800000000001091394e+00,-8.000000000010913936e-01,8.666666666649689432e-01,-2.466666666667151731e+00,-2.733333333331756876e+00,-6.000000000021827873e-01,3.999999999996362021e-01,6.666666666933451779e-02,-6.666666666569653898e-02,-2.933333333334303461e+00,-6.266666666668243124e+00,-5.266666666666424135e+00,2.799999999999272404e+00,-3.733333333331756876e+00,1.133333333333212067e+00,-1.533333333331029280e+00,4.666666666653327411e-01,-3.066666666665696539e+00,-1.800000000001091394e+00,1.066666666667515528e+00,1.066666666665696539e+00,2.799999999999272404e+00,-1.799999999999272404e+00,1.266666666664605145e+00,-7.999999999992724042e-01,-1.818989403545856476e-12,2.666666666667879326e+00,-4.599999999998544808e+00,-1.199999999998908606e+00,-5.333333333333939663e+00,-1.466666666667151731e+00,-3.799999999999272404e+00,-6.666666666678793263e-01,-1.133333333333212067e+00,-1.199999999998908606e+00,-9.333333333343034610e-01,-3.733333333331756876e+00,5.333333333346672589e-01,-2.666666666682431241e-01,9.333333333343034610e-01,-7.333333333335758653e-01,-4.133333333335031057e+00,2.666666666664241347e-01,2.066666666667515528e+00,6.666666666678793263e-01,-1.400000000001455192e+00,-2.999999999998181011e+00,-3.733333333335394855e+00,1.200000000000727596e+00,-2.333333333333939663e+00,-7.333333333353948547e-01,-2.199999999997089617e+00,-4.133333333333212067e+00,-3.133333333333212067e+00,-4.533333333332848269e+00,-3.200000000000727596e+00,3.533333333331029280e+00,-1.466666666667151731e+00,-2.399999999997817213e+00,-2.000000000000000000e+00,-2.333333333332120674e+00,1.333333333333939663e+00,1.199999999998908606e+00,-8.666666666667879326e-01,1.666666666667879326e+00,-4.666666666667879326e+00,7.999999999992724042e-01,4.399999999997817213e+00,-3.266666666664605145e+00,-7.999999999992724042e-01,4.533333333332848269e+00,-3.066666666665696539e+00,1.466666666667151731e+00,-3.866666666666787933e+00,6.666666666569653898e-02,6.666666666751552839e-02,1.266666666666424135e+00,2.533333333332848269e+00,-8.000000000010913936e-01,-4.266666666666424135e+00,1.333333333333939663e+00,-1.466666666665332741e+00,-2.000000000007275958e-01,4.266666666664605145e+00,1.800000000001091394e+00,-4.666666666671517305e-01,1.333333333350310568e-01,-2.666666666664241347e-01,-2.400000000001455192e+00,-3.999999999996362021e-01,-4.666666666671517305e-01,-4.333333333333939663e+00,-2.466666666665332741e+00,-3.066666666667515528e+00,-7.333333333317568759e-01,1.533333333332848269e+00,-3.333333333335758653e+00,-6.399999999999636202e+00,-5.533333333332848269e+00,-2.399999999999636202e+00,5.999999999985448085e-01,-1.666666666664241347e+00,-5.200000000000727596e+00,4.000000000014551915e-01,-7.999999999992724042e-01,-3.333333333339396631e-01,2.799999999999272404e+00,1.733333333331756876e+00,-1.000000000000000000e+00,3.200000000000727596e+00,-5.333333333346672589e-01,1.799999999999272404e+00,0.000000000000000000e+00,2.866666666668606922e+00,-5.999999999985448085e-01,-5.600000000002182787e+00,-8.666666666649689432e-01,-8.666666666667879326e-01,-2.266666666668243124e+00,1.333333333350310568e-01,-6.666666666660603369e-01,1.666666666666060337e+00,-2.266666666668243124e+00,8.666666666667879326e-01,-4.533333333332848269e+00,5.333333333328482695e-01,-1.466666666665332741e+00,1.066666666667515528e+00,8.666666666631499538e-01,2.733333333335394855e+00,4.666666666635137517e-01,-1.733333333331756876e+00,1.133333333333212067e+00,2.933333333336122450e+00,-1.333333333333939663e+00,2.333333333333939663e+00,-5.466666666667151731e+00,-2.133333333335031057e+00,-7.333333333317568759e-01,-2.933333333332484472e+00,1.133333333331393078e+00,2.533333333332848269e+00,-1.933333333332484472e+00
-5.333333333310292801e-01,6.666666666678793263e-01,-2.666666666666060337e+00,-8.666666666667879326e-01,8.666666666649689432e-01,-1.333333333332120674e-01,1.933333333334303461e+00,-2.799999999999272404e+00,-6.666666666660603369e-01,-1.466666666667151731e+00,-3.133333333335031057e+00,1.533333333332848269e+00,4.800000000001091394e+00,9.733333333333575865e+00,1.393333333333430346e+01,1.713333333333321207e+01,9.466666666665332741e+00,1.879999999999927240e+01,2.146666666666715173e+01,2.460000000000218279e+01,2.193333333333248447e+01,2.553333333333284827e+01,2.693333333333248447e+01,1.766666666666606034e+01,2.260000000000218279e+01,2.346666666666351375e+01,2.226666666667006211e+01,1.899999999999818101e+01,1.233333333333212067e+01,2.933333333332484472e+00,3.666666666666060337e+00,5.600000000002182787e+00,-1.000000000000000000e+00,-2.466666666665332741e+00,-5.533333333332848269e+00,-9.066666666667515528e+00,-4.133333333333212067e+00,-5.000000000000000000e+00,-5.733333333335394855e+00,-8.666666666662422358e+00,-3.200000000000727596e+00,-5.133333333335031057e+00,-4.199999999998908606e+00,-5.866666666668606922e+00,-1.266666666668243124e+00,-6.333333333332120674e+00,-3.066666666665696539e+00,-7.733333333333575865e+00,-4.133333333333212067e+00,-3.800000000001091394e+00,-4.466666666667151731e+00,-9.666666666664241347e+00,-9.466666666667151731e+00,-3.999999999996362021e-01,-2.666666666664241347e-01,-5.866666666666787933e+00,-6.866666666666787933e+00,-1.039999999999963620e+01,-3.866666666668606922e+00,-6.866666666666787933e+00,-9.666666666666060337e+00,-4.666666666667879326e+00,1.000000000000000000e+00,-3.999999999998181011e+00,-3.666666666666060337e+00,1.999999999989086064e-01,-2.133333333331393078e+00,-1.933333333334303461e+00,-4.066666666667515528e+00,-3.333333333339396631e-01,-6.666666666660603369e-01,-2.533333333332848269e+00,1.333333333332120674e+00,-8.666666666631499538e-01,-3.866666666668606922e+00,-2.666666666664241347e-01,-5.733333333335394855e+00,-7.533333333332848269e+00,6.000000000003637979e-01,-7.399999999999636202e+00,-5.733333333331756876e+00,-2.466666666667151731e+00,-3.533333333334667259e+00,-4.599999999998544808e+00,-3.933333333332484472e+00,-3.533333333334667259e+00,-2.466666666665332741e+00,3.999999999978172127e-01,-1.200000000000727596e+00,9.333333333343034610e-01,4.600000000000363798e+00,3.399999999999636202e+00,5.066666666667515528e+00,2.400000000001455192e+00,3.999999999998181011e+00,4.799999999999272404e+00,3.200000000000727596e+00,7.200000000000727596e+00,4.066666666665696539e+00,3.533333333334667259e+00,4.199999999998908606e+00,3.799999999999272404e+00,1.333333333332120674e-01,-2.000000000007275958e-01,2.733333333333575865e+00,2.000000000001818989e+00,8.666666666667879326e-01,1.266666666664605145e+00,-2.133333333331393078e+00,8.666666666667879326e-01,1.933333333332484472e+00,-1.266666666664605145e+00,-3.800000000001091394e+00,6.666666666569653898e-02,-2.533333333332848269e+00,-3.600000000000363798e+00,1.399999999997817213e+00,3.600000000000363798e+00,2.000000000025465852e-01,1.999999999989086064e-01,-5.133333333333212067e+00,-1.999999999989086064e-01,-2.866666666666787933e+00,-1.933333333334303461e+00,-8.666666666649689432e-01,-8.933333333334303461e+00,3.333333333321206737e-01,1.600000000000363798e+00,-5.333333333346672589e-01,2.066666666665696539e+00,1.666666666667879326e+00,-1.599999999998544808e+00,-6.933333333336122450e+00,1.133333333335031057e+00,-4.933333333332484472e+00,-1.533333333332848269e+00,-1.333333333350310568e-01,-1.866666666666787933e+00,-2.199999999998908606e+00,-2.866666666664968943e+00,1.999999999989086064e-01,-3.133333333333212067e+00,-4.733333333333575865e+00,-5.266666666668243124e+00,-5.199999999998908606e+00,-6.666666666933451779e-02,-5.666666666664241347e+00,2.866666666666787933e+00,-4.733333333333575865e+00,-3.533333333332848269e+00,9.333333333343034610e-01,-6.866666666668606922e+00,6.666666666642413475e-01,-6.066666666665696539e+00,6.666666666751552839e-02,1.666666666667879326e+00,-5.333333333328482695e-01,-4.866666666666787933e+00,-4.666666666653327411e-01,-3.333333333335758653e+00,-5.866666666666787933e+00,6.666666666751552839e-02,-4.600000000000363798e+00,-2.199999999998908606e+00,9.333333333324844716e-01,-4.466666666667151731e+00,1.133333333333212067e+00,-5.399999999999636202e+00,2.133333333333212067e+00,-5.199999999998908606e+00,-3.133333333335031057e+00,-4.066666666667515528e+00,-1.066666666667515528e+00,-2.666666666666060337e+00,-1.599999999998544808e+00,-3.866666666666787933e+00,-1.133333333331393078e+00,-2.066666666665696539e+00,-1.933333333334303461e+00,-1.466666666668970720e+00,-2.333333333330301684e+00,-4.333333333333939663e+00,-1.066666666665696539e+00,-2.000000000001818989e+00,2.600000000000363798e+00,-4.066666666667515528e+00,-4.000000000001818989e+00,4.666666666671517305e-01,-2.666666666664241347e+00,1.333333333333939663e+00,2.733333333331756876e+00,-3.399999999999636202e+00,-2.733333333333575865e+00,-3.866666666666787933e+00,-3.133333333333212067e+00,-7.999999999992724042e-01,1.866666666664968943e+00,-9.999999999981810106e-01,-2.800000000001091394e+00,-3.066666666665696539e+00,1.866666666663149954e+00,1.600000000002182787e+00,-2.466666666667151731e+00,7.333333333353948547e-01,-6.000000000003637979e-01,-2.333333333333939663e+00,7.333333333335758653e-01,-7.333333333335758653e-01,-1.666666666666060337e+00,-5.333333333328482695e-01,-7.333333333335758653e-01,-4.333333333333939663e+00,-4.266666666668243124e+00,-1.933333333332484472e+00,-1.933333333332484472e+00,-4.133333333333212067e+00,2.933333333334303461e+00,-2.266666666666424135e+00,-2.866666666666787933e+00,-4.333333333333939663e+00,-6.666666666751552839e-02,-1.733333333333575865e+00,-2.066666666665696539e+00,7.333333333335758653e-01,-1.733333333333575865e+00,2.000000000007275958e-01,-4.000000000014551915e-01,4.666666666653327411e-01,-4.666666666653327411e-01,2.200000000000727596e+00,0.000000000000000000e+00,-7.400000000001455192e+00,-1.133333333331393078e+00,6.000000000003637979e-01,-4.066666666667515528e+00,-2.199999999998908606e+00,-3.000000000001818989e+00,8.666666666649689432e-01,-5.333333333330301684e+00,2.333333333330301684e+00,-4.733333333329937886e+00,3.333333333303016843e-01,-1.999999999970896170e-01,3.466666666665332741e+00,-6.000000000001818989e+00,2.066666666667515528e+00,4.000000000014551915e-01,1.066666666667515528e+00,-4.066666666667515528e+00,2.399999999999636202e+00,-1.933333333332484472e+00,-1.866666666668606922e+00,-4.333333333333939663e+00,5.866666666668606922e+00,-8.466666666667151731e+00,-1.999999999998181011e+00,-4.333333333333939663e+00,-2.000000000000000000e+00,-3.733333333335394855e+00,3.933333333334303461e+00,-3.800000000001091394e+00,2.733333333333575865e+00,-1.999999999998181011e+00,-6.000000000003637979e-01,-2.000000000001818989e+00,-1.066666666667515528e+00,-3.999999999996362021e-01,-8.000000000010913936e-01,-3.599999999998544808e+00,5.799999999999272404e+00,4.466666666668970720e+00,4.666666666671517305e-01,1.333333333332120674e-01,2.799999999999272404e+00,-5.133333333333212067e+00,-9.333333333324844716e-01,-5.133333333333212067e+00,-4.666666666653327411e-01,-3.333333333357586525e-01,-1.399999999999636202e+00,-5.333333333328482695e-01,-3.400000000001455192e+00,1.800000000001091394e+00,-1.000000000000000000e+00,5.999999999985448085e-01,-5.933333333334303461e+00,3.133333333333212067e+00,3.333333333339396631e-01,-6.133333333331393078e+00,3.799999999999272404e+00,-4.933333333332484472e+00,-3.637978807091712952e-12,-4.199999999998908606e+00,-3.999999999996362021e-01,-1.866666666664968943e+00,-2.200000000000727596e+00,2.933333333334303461e+00,-5.000000000000000000e+00,-2.000000000000000000e+00,-6.666666666660603369e-01,-8.666666666667879326e-01,-5.600000000002182787e+00,-2.266666666666424135e+00,-5.200000000000727596e+00,-1.799999999999272404e+00,3.466666666667151731e+00,-9.333333333324844716e-01,4.533333333332848269e+00,-1.266666666666424135e+00,9.333333333324844716e-01,-7.999999999992724042e-01,2.800000000001091394e+00,3.466666666667151731e+00,3.266666666664605145e+00
-4.133333333335031057e+00,-4.999999999998181011e+00,-2.333333333332120674e+00,1.666666666666060337e+00,-6.666666666660603369e-01,-3.466666666667151731e+00,-4.266666666668243124e+00,-1.266666666666424135e+00,-3.333333333332120674e+00,-3.599999999998544808e+00,-2.000000000007275958e-01,-1.799999999999272404e+00,-3.800000000001091394e+00,6.133333333335031057e+00,1.706666666666569654e+01,2.393333333333248447e+01,2.266666666666606034e+01,3.200000000000000000e+01,2.573333333333357587e+01,2.633333333333393966e+01,3.413333333333139308e+01,3.513333333333503106e+01,3.066666666666424135e+01,2.819999999999890861e+01,3.066666666666969832e+01,3.453333333333284827e+01,3.220000000000072760e+01,3.120000000000254659e+01,2.453333333333284827e+01,1.300000000000000000e+01,7.666666666664241347e+00,1.093333333333248447e+01,-1.599999999998544808e+00,-3.999999999996362021e-01,-3.066666666667515528e+00,4.000000000014551915e-01,-3.800000000001091394e+00,-3.733333333331756876e+00,1.266666666664605145e+00,-7.333333333353948547e-01,-4.666666666666060337e+00,-3.933333333332484472e+00,-6.133333333331393078e+00,-4.333333333332120674e+00,-8.466666666665332741e+00,-2.800000000001091394e+00,-3.400000000001455192e+00,-4.066666666665696539e+00,-2.666666666682431241e-01,-6.000000000003637979e-01,-3.533333333332848269e+00,-5.133333333335031057e+00,-2.533333333332848269e+00,-5.933333333332484472e+00,-1.266666666664605145e+00,-6.133333333335031057e+00,-5.200000000000727596e+00,-5.133333333331393078e+00,-7.533333333334667259e+00,4.666666666689707199e-01,-6.399999999999636202e+00,-5.600000000000363798e+00,-1.200000000000727596e+00,-7.466666666668970720e+00,-3.799999999999272404e+00,-7.266666666668243124e+00,-7.333333333317568759e-01,-4.866666666668606922e+00,-3.599999999998544808e+00,-4.933333333334303461e+00,-5.333333333328482695e-01,1.818989403545856476e-12,6.666666666569653898e-02,-1.799999999999272404e+00,-4.666666666667879326e+00,5.333333333346672589e-01,-3.866666666666787933e+00,-4.466666666667151731e+00,-4.799999999999272404e+00,-2.733333333333575865e+00,8.000000000010913936e-01,-2.933333333332484472e+00,-1.933333333334303461e+00,-8.666666666686069220e-01,-3.866666666666787933e+00,-6.466666666667151731e+00,-5.066666666665696539e+00,-5.333333333328482695e-01,0.000000000000000000e+00,-6.000000000003637979e-01,-2.666666666664241347e+00,-2.333333333333939663e+00,0.000000000000000000e+00,1.799999999999272404e+00,2.333333333332120674e+00,-1.599999999998544808e+00,-4.666666666671517305e-01,5.933333333332484472e+00,-2.133333333333212067e+00,-2.399999999999636202e+00,5.666666666667879326e+00,-8.666666666649689432e-01,-1.800000000001091394e+00,5.999999999985448085e-01,6.000000000003637979e-01,-3.266666666668243124e+00,2.933333333332484472e+00,1.466666666667151731e+00,-2.000000000007275958e-01,-1.800000000001091394e+00,-1.333333333313930780e-01,-2.066666666665696539e+00,-4.400000000001455192e+00,-4.266666666666424135e+00,3.933333333334303461e+00,-2.199999999998908606e+00,-3.266666666670062114e+00,-1.266666666662786156e+00,-6.466666666667151731e+00,-8.066666666669334518e+00,-3.666666666666060337e+00,-3.999999999996362021e-01,-5.799999999999272404e+00,-2.933333333334303461e+00,-1.199999999997089617e+00,-4.200000000000727596e+00,-1.800000000002910383e+00,-2.133333333333212067e+00,-4.666666666653327411e-01,-3.066666666665696539e+00,-3.333333333335758653e+00,-5.333333333328482695e-01,-2.000000000000000000e+00,3.533333333332848269e+00,3.000000000000000000e+00,-2.666666666664241347e-01,-6.266666666666424135e+00,-3.066666666667515528e+00,-4.066666666665696539e+00,-3.733333333333575865e+00,-1.466666666667151731e+00,-1.600000000000363798e+00,-2.866666666666787933e+00,-2.533333333331029280e+00,-5.533333333334667259e+00,-3.199999999998908606e+00,-1.399999999999636202e+00,-3.000000000001818989e+00,-4.600000000000363798e+00,-7.999999999992724042e-01,-1.666666666666060337e+00,8.666666666667879326e-01,2.866666666668606922e+00,-2.200000000000727596e+00,-4.333333333333939663e+00,-3.266666666666424135e+00,1.466666666665332741e+00,8.666666666667879326e-01,-9.333333333343034610e-01,-1.533333333332848269e+00,-5.800000000001091394e+00,3.999999999996362021e-01,-1.199999999997089617e+00,-2.733333333333575865e+00,-1.066666666665696539e+00,-6.666666666660603369e-01,-9.533333333334667259e+00,-6.866666666666787933e+00,-2.066666666667515528e+00,3.466666666667151731e+00,1.466666666665332741e+00,-7.933333333332484472e+00,-2.733333333331756876e+00,-1.533333333334667259e+00,-4.066666666665696539e+00,3.933333333334303461e+00,-8.000000000001818989e+00,-3.333333333333939663e+00,-6.666666666751552839e-02,-2.466666666667151731e+00,-3.399999999999636202e+00,5.866666666668606922e+00,2.200000000000727596e+00,2.200000000000727596e+00,-5.466666666667151731e+00,-6.066666666669334518e+00,-1.733333333333575865e+00,-6.133333333333212067e+00,3.466666666667151731e+00,8.666666666667879326e-01,-4.999999999998181011e+00,2.666666666664241347e-01,-4.533333333332848269e+00,-3.733333333335394855e+00,-4.600000000000363798e+00,-4.399999999999636202e+00,-6.466666666665332741e+00,-3.733333333333575865e+00,-3.666666666666060337e+00,-5.533333333332848269e+00,-1.818989403545856476e-12,-1.999999999998181011e+00,2.666666666666060337e+00,-5.000000000000000000e+00,1.999999999998181011e+00,-1.466666666665332741e+00,-6.666666666660603369e-01,5.199999999998908606e+00,4.000000000000000000e+00,-1.600000000000363798e+00,1.400000000001455192e+00,-1.818989403545856476e-12,-5.266666666664605145e+00,-5.333333333346672589e-01,4.200000000000727596e+00,1.133333333333212067e+00,-2.666666666664241347e-01,-3.666666666667879326e+00,2.000000000007275958e-01,-5.333333333332120674e+00,1.266666666664605145e+00,-6.666666666751552839e-02,-4.933333333330665482e+00,-9.000000000001818989e+00,-1.733333333331756876e+00,-4.133333333333212067e+00,-4.266666666666424135e+00,5.133333333333212067e+00,0.000000000000000000e+00,-5.333333333333939663e+00,-3.866666666666787933e+00,-2.866666666666787933e+00,7.333333333335758653e-01,-5.666666666666060337e+00,-3.533333333332848269e+00,-5.066666666665696539e+00,1.799999999999272404e+00,-2.000000000007275958e-01,-2.066666666667515528e+00,-5.333333333346672589e-01,-1.066666666665696539e+00,5.666666666667879326e+00,-3.533333333334667259e+00,-3.800000000001091394e+00,-4.133333333331393078e+00,-1.866666666666787933e+00,6.000000000003637979e-01,-3.933333333334303461e+00,-2.733333333331756876e+00,3.333333333321206737e-01,-2.600000000000363798e+00,-7.533333333332848269e+00,-2.333333333332120674e+00,2.266666666668243124e+00,-1.600000000000363798e+00,-3.466666666667151731e+00,-8.000000000000000000e+00,-5.133333333335031057e+00,-1.200000000002546585e+00,3.200000000000727596e+00,-4.200000000000727596e+00,-6.399999999997817213e+00,3.333333333339396631e-01,2.666666666664241347e-01,8.666666666667879326e-01,4.266666666664605145e+00,-1.666666666666060337e+00,-9.999999999981810106e-01,-1.133333333333212067e+00,-6.666666666751552839e-02,5.000000000000000000e+00,-1.333333333332120674e-01,3.066666666667515528e+00,-7.333333333353948547e-01,-4.066666666665696539e+00,1.399999999999636202e+00,4.133333333333212067e+00,-2.733333333335394855e+00,-2.533333333331029280e+00,-2.866666666668606922e+00,-4.933333333332484472e+00,2.133333333335031057e+00,-3.466666666667151731e+00,-2.733333333331756876e+00,2.666666666664241347e-01,4.399999999999636202e+00,-1.866666666668606922e+00,-3.066666666665696539e+00,2.666666666682431241e-01,6.000000000003637979e-01,8.666666666649689432e-01,-2.333333333332120674e+00,-4.666666666667879326e+00,-1.199999999998908606e+00,-8.666666666686069220e-01,-2.266666666668243124e+00,-4.666666666666060337e+00,8.000000000010913936e-01,-2.533333333332848269e+00,-6.199999999998908606e+00,-9.199999999998908606e+00,2.533333333329210291e+00,-2.466666666665332741e+00,-2.799999999999272404e+00,1.200000000000727596e+00,-4.666666666667879326e+00,-1.133333333333212067e+00,1.933333333332484472e+00,-1.333333333332120674e-01,6.000000000021827873e-01,-9.333333333343034610e-01,4.666666666689707199e-01,-8.666666666686069220e-01,1.199999999998908606e+00
-4.733333333333575865e+00,-2.733333333333575865e+00,-3.999999999996362021e-01,9.333333333343034610e-01,-1.333333333333939663e+00,5.866666666666787933e+00,-2.666666666646051453e-01,-2.800000000001091394e+00,1.133333333333212067e+00,-2.666666666666060337e+00,1.333333333332120674e-01,2.599999999998544808e+00,3.933333333334303461e+00,6.666666666660603369e-01,8.799999999999272404e+00,1.460000000000036380e+01,1.620000000000254659e+01,1.639999999999781721e+01,1.653333333333284827e+01,1.693333333333430346e+01,9.666666666666060337e+00,2.213333333333503106e+01,2.026666666666460515e+01,1.886666666666678793e+01,2.100000000000000000e+01,2.173333333333357587e+01,1.293333333333430346e+01,1.453333333333102928e+01,1.246666666666715173e+01,4.000000000000000000e+00,2.266666666666424135e+00,6.000000000003637979e-01,-1.466666666668970720e+00,1.133333333335031057e+00,-5.533333333332848269e+00,1.933333333334303461e+00,-7.266666666666424135e+00,-4.733333333333575865e+00,-4.733333333331756876e+00,-8.600000000000363798e+00,-8.866666666666787933e+00,-4.133333333335031057e+00,-4.133333333333212067e+00,-3.399999999999636202e+00,-3.933333333332484472e+00,-4.600000000002182787e+00,-4.733333333335394855e+00,-1.066666666665696539e+00,-6.133333333333212067e+00,-2.666666666666060337e+00,-7.133333333333212067e+00,-2.333333333332120674e+00,-2.533333333332848269e+00,-8.399999999999636202e+00,1.533333333334667259e+00,-4.266666666666424135e+00,-3.066666666669334518e+00,-7.733333333333575865e+00,-5.133333333333212067e+00,-2.733333333333575865e+00,-1.733333333331756876e+00,-9.133333333335031057e+00,-4.799999999999272404e+00,-1.000000000000000000e+00,-2.666666666666060337e+00,2.200000000000727596e+00,-6.866666666666787933e+00,-4.466666666667151731e+00,-1.200000000000727596e+00,-5.399999999999636202e+00,-2.200000000000727596e+00,-4.466666666667151731e+00,4.733333333333575865e+00,3.999999999996362021e-01,-1.466666666667151731e+00,-1.733333333329937886e+00,-1.000000000001818989e+00,-1.000000000000000000e+00,-3.399999999999636202e+00,-1.333333333333939663e+00,-2.999999999998181011e+00,1.933333333334303461e+00,-3.266666666666424135e+00,3.333333333321206737e-01,-1.799999999999272404e+00,-2.533333333334667259e+00,1.666666666666060337e+00,-4.199999999998908606e+00,-1.333333333350310568e-01,-5.666666666666060337e+00,-1.999999999998181011e+00,-8.666666666686069220e-01,-3.400000000001455192e+00,0.000000000000000000e+00,3.333333333339396631e-01,-7.333333333317568759e-01,-1.933333333334303461e+00,3.533333333334667259e+00,6.666666666569653898e-02,2.666666666664241347e-01,1.533333333332848269e+00,8.000000000010913936e-01,-2.333333333333939663e+00,-2.666666666664241347e-01,4.666666666666060337e+00,3.733333333333575865e+00,6.666666666751552839e-02,-7.333333333335758653e-01,-5.000000000000000000e+00,1.999999999998181011e+00,-2.333333333332120674e+00,1.933333333334303461e+00,-4.533333333332848269e+00,-4.199999999998908606e+00,-1.866666666668606922e+00,-3.333333333333939663e+00,4.000000000014551915e-01,1.866666666666787933e+00,-1.333333333333939663e+00,-5.333333333335758653e+00,-5.533333333332848269e+00,-2.000000000000000000e+00,-2.866666666668606922e+00,4.000000000000000000e+00,-4.533333333332848269e+00,-2.599999999996725819e+00,-4.200000000000727596e+00,9.333333333324844716e-01,-5.333333333328482695e-01,-1.866666666666787933e+00,-3.333333333339396631e-01,-3.266666666664605145e+00,-2.799999999999272404e+00,-1.666666666667879326e+00,4.666666666671517305e-01,-1.466666666665332741e+00,4.799999999999272404e+00,-1.733333333333575865e+00,-7.133333333333212067e+00,-6.000000000003637979e-01,-1.466666666667151731e+00,-2.000000000000000000e+00,-1.000000000001818989e+00,-2.333333333332120674e+00,3.133333333333212067e+00,-2.666666666682431241e-01,-4.066666666665696539e+00,-2.733333333333575865e+00,-4.733333333331756876e+00,-5.666666666666060337e+00,3.466666666665332741e+00,-4.466666666667151731e+00,3.266666666668243124e+00,4.199999999998908606e+00,1.333333333332120674e-01,4.266666666666424135e+00,5.399999999999636202e+00,1.399999999999636202e+00,2.733333333333575865e+00,3.600000000000363798e+00,-1.000000000000000000e+00,1.333333333332120674e-01,3.799999999999272404e+00,1.733333333333575865e+00,6.466666666667151731e+00,-3.733333333333575865e+00,-2.533333333332848269e+00,-8.666666666667879326e-01,-7.333333333317568759e-01,-1.333333333332120674e+00,-7.600000000002182787e+00,-6.466666666667151731e+00,-2.466666666665332741e+00,-3.000000000001818989e+00,-1.046666666666533274e+01,7.999999999992724042e-01,2.000000000000000000e+00,-2.933333333332484472e+00,-1.133333333333212067e+00,-6.266666666666424135e+00,2.133333333333212067e+00,-3.533333333332848269e+00,-5.466666666667151731e+00,-3.999999999998181011e+00,-1.600000000000363798e+00,-6.000000000040017767e-01,-9.333333333324844716e-01,-4.266666666666424135e+00,-2.199999999998908606e+00,1.533333333332848269e+00,-1.466666666667151731e+00,-4.466666666665332741e+00,-5.333333333332120674e+00,3.333333333303016843e-01,2.266666666664605145e+00,-3.733333333329937886e+00,5.333333333328482695e-01,3.466666666667151731e+00,4.799999999999272404e+00,-7.333333333335758653e-01,2.666666666664241347e-01,-9.333333333306654822e-01,-1.666666666667879326e+00,2.666666666666060337e+00,-2.866666666666787933e+00,-3.000000000000000000e+00,-9.333333333324844716e-01,4.066666666663877550e+00,-7.799999999999272404e+00,-3.799999999999272404e+00,-1.733333333331756876e+00,2.199999999998908606e+00,-1.466666666667151731e+00,-7.666666666666060337e+00,-5.399999999999636202e+00,-9.333333333343034610e-01,2.800000000001091394e+00,-2.266666666666424135e+00,-7.733333333335394855e+00,-4.666666666671517305e-01,-1.266666666666424135e+00,-1.999999999998181011e+00,-2.066666666665696539e+00,3.000000000000000000e+00,6.666666666642413475e-01,1.200000000000727596e+00,-4.466666666667151731e+00,-1.200000000000727596e+00,-1.933333333332484472e+00,3.533333333332848269e+00,-1.466666666665332741e+00,-2.333333333333939663e+00,1.600000000000363798e+00,4.000000000000000000e+00,-8.666666666667879326e-01,2.000000000000000000e+00,3.533333333334667259e+00,-2.133333333333212067e+00,1.466666666667151731e+00,-5.666666666667879326e+00,-2.599999999998544808e+00,-1.818989403545856476e-12,-5.866666666666787933e+00,1.533333333334667259e+00,-6.533333333334667259e+00,-1.533333333332848269e+00,-3.866666666666787933e+00,-2.466666666667151731e+00,-4.600000000000363798e+00,-8.666666666649689432e-01,-1.153333333333466726e+01,-4.866666666666787933e+00,-1.066666666667515528e+00,-5.866666666666787933e+00,-2.133333333331393078e+00,-2.400000000001455192e+00,-6.666666666660603369e-01,1.733333333333575865e+00,-3.399999999999636202e+00,6.666666666678793263e-01,1.266666666664605145e+00,-1.466666666663513752e+00,-9.333333333343034610e-01,-1.333333333333939663e+00,2.000000000007275958e-01,4.266666666666424135e+00,2.066666666665696539e+00,-4.666666666667879326e+00,1.466666666668970720e+00,2.333333333333939663e+00,-1.466666666665332741e+00,-2.666666666682431241e-01,1.933333333332484472e+00,3.133333333331393078e+00,-5.999999999985448085e-01,6.666666666660603369e-01,-1.400000000001455192e+00,2.133333333333212067e+00,-1.266666666662786156e+00,-4.333333333333939663e+00,1.466666666667151731e+00,-4.733333333333575865e+00,2.399999999997817213e+00,3.333333333339396631e-01,-1.133333333333212067e+00,-2.066666666667515528e+00,1.933333333330665482e+00,-3.733333333331756876e+00,-3.066666666665696539e+00,0.000000000000000000e+00,-4.399999999999636202e+00,-1.533333333332848269e+00,-2.666666666667879326e+00,2.266666666668243124e+00,1.733333333333575865e+00,-1.466666666667151731e+00,-9.333333333324844716e-01,-6.733333333333575865e+00,-3.000000000001818989e+00,1.200000000000727596e+00,-1.199999999998908606e+00,-5.600000000000363798e+00,-1.600000000000363798e+00,-3.133333333333212067e+00,5.333333333328482695e-01,-7.999999999992724042e-01,-5.333333333346672589e-01,3.333333333339396631e-01,-4.066666666667515528e+00,-1.333333333333939663e+00,-4.733333333333575865e+00,1.666666666669698316e+00,5.333333333333939663e+00,-3.733333333335394855e+00
-2.533333333334667259e+00,-3.266666666668243124e+00,-2.399999999997817213e+00,-3.799999999997453415e+00,-1.666666666669698316e+00,-3.799999999999272404e+00,4.000000000000000000e+00,-2.666666666666060337e+00,-3.666666666666060337e+00,-3.466666666668970720e+00,-5.266666666666424135e+00,-3.999999999996362021e-01,-3.200000000000727596e+00,-5.333333333328482695e-01,7.199999999998908606e+00,6.733333333333575865e+00,9.600000000002182787e+00,7.266666666666424135e+00,1.333333333333393966e+01,8.866666666664968943e+00,1.460000000000036380e+01,7.000000000000000000e+00,1.313333333333321207e+01,9.200000000000727596e+00,1.353333333333284827e+01,1.453333333333284827e+01,1.013333333333321207e+01,1.560000000000036380e+01,1.166666666666606034e+01,8.533333333332848269e+00,1.080000000000109139e+01,5.600000000000363798e+00,6.066666666665696539e+00,7.266666666664605145e+00,8.400000000001455192e+00,5.000000000000000000e+00,5.133333333335031057e+00,2.800000000001091394e+00,5.799999999999272404e+00,2.866666666666787933e+00,-4.666666666689707199e-01,4.266666666666424135e+00,-2.133333333331393078e+00,-7.333333333335758653e-01,6.666666666569653898e-02,-2.400000000001455192e+00,-2.266666666664605145e+00,-3.266666666666424135e+00,-4.266666666668243124e+00,-3.866666666664968943e+00,-6.333333333335758653e+00,-1.333333333333939663e+00,-1.733333333331756876e+00,-5.133333333335031057e+00,-7.199999999997089617e+00,1.866666666666787933e+00,-4.000000000001818989e+00,-3.399999999997817213e+00,-3.333333333339396631e-01,-3.933333333332484472e+00,-3.399999999999636202e+00,-2.000000000000000000e+00,6.000000000003637979e-01,-2.266666666668243124e+00,-4.199999999998908606e+00,1.399999999999636202e+00,-8.533333333334667259e+00,-5.066666666665696539e+00,2.000000000007275958e-01,9.333333333324844716e-01,-4.066666666665696539e+00,-2.533333333334667259e+00,-4.666666666667879326e+00,-3.666666666666060337e+00,-1.600000000000363798e+00,-3.399999999999636202e+00,-3.933333333332484472e+00,-3.866666666664968943e+00,-3.333333333357586525e-01,8.666666666667879326e-01,-7.466666666665332741e+00,-3.400000000001455192e+00,-3.933333333334303461e+00,-3.533333333332848269e+00,-6.666666666569653898e-02,2.733333333333575865e+00,-2.533333333332848269e+00,5.066666666667515528e+00,6.399999999999636202e+00,1.533333333332848269e+00,3.333333333332120674e+00,1.733333333333575865e+00,-6.000000000003637979e-01,6.666666666751552839e-02,1.933333333332484472e+00,3.600000000000363798e+00,6.866666666668606922e+00,4.999999999998181011e+00,2.799999999999272404e+00,2.000000000001818989e+00,-1.200000000000727596e+00,2.466666666665332741e+00,-3.399999999999636202e+00,-4.133333333333212067e+00,-2.933333333334303461e+00,-3.333333333303016843e-01,4.333333333333939663e+00,-3.333333333339396631e-01,-5.333333333333939663e+00,-4.933333333332484472e+00,6.666666666569653898e-02,-4.600000000000363798e+00,-2.066666666665696539e+00,-1.066666666665696539e+00,-6.800000000001091394e+00,-2.000000000001818989e+00,-2.466666666667151731e+00,2.000000000007275958e-01,-1.799999999999272404e+00,-1.333333333333939663e+00,-4.000000000000000000e+00,-4.199999999998908606e+00,9.333333333306654822e-01,-1.333333333313930780e-01,6.000000000003637979e-01,-5.866666666666787933e+00,-5.733333333335394855e+00,-2.666666666664241347e-01,-5.666666666667879326e+00,-1.266666666664605145e+00,1.200000000000727596e+00,-1.466666666667151731e+00,-5.333333333310292801e-01,-3.866666666666787933e+00,-1.533333333334667259e+00,2.266666666666424135e+00,-4.000000000000000000e+00,-5.466666666667151731e+00,-1.999999999989086064e-01,2.666666666666060337e+00,1.066666666667515528e+00,5.800000000001091394e+00,-3.333333333335758653e+00,-7.333333333335758653e-01,2.133333333333212067e+00,-5.799999999999272404e+00,-1.533333333332848269e+00,-3.333333333339396631e-01,1.666666666666060337e+00,2.666666666664241347e-01,-4.466666666667151731e+00,-1.733333333333575865e+00,2.666666666682431241e-01,-5.066666666667515528e+00,-5.933333333332484472e+00,-8.666666666649689432e-01,-1.866666666666787933e+00,-6.666666666660603369e-01,-1.133333333336850046e+00,-4.399999999999636202e+00,-3.199999999997089617e+00,9.333333333324844716e-01,-2.000000000001818989e+00,-2.133333333333212067e+00,-1.799999999999272404e+00,4.666666666671517305e-01,-2.266666666666424135e+00,-1.266666666668243124e+00,1.266666666666424135e+00,2.666666666664241347e-01,-9.999999999981810106e-01,3.333333333321206737e-01,-6.000000000003637979e-01,-1.466666666665332741e+00,1.999999999989086064e-01,4.666666666671517305e-01,-4.866666666664968943e+00,-6.933333333334303461e+00,-3.999999999978172127e-01,-3.133333333335031057e+00,-3.533333333332848269e+00,4.933333333332484472e+00,-4.333333333332120674e+00,7.333333333317568759e-01,-3.133333333333212067e+00,-1.666666666666060337e+00,-2.399999999999636202e+00,9.333333333306654822e-01,2.000000000007275958e-01,-3.000000000001818989e+00,-2.199999999998908606e+00,-1.199999999998908606e+00,-5.266666666668243124e+00,-7.333333333335758653e-01,-5.799999999999272404e+00,-1.133333333331393078e+00,-6.133333333331393078e+00,-8.666666666667879326e-01,-5.666666666666060337e+00,-8.666666666686069220e-01,-1.799999999999272404e+00,-1.133333333333212067e+00,-6.933333333334303461e+00,-6.000000000021827873e-01,2.800000000001091394e+00,-2.333333333333939663e+00,-3.866666666666787933e+00,2.133333333336850046e+00,-4.933333333334303461e+00,7.933333333334303461e+00,-5.533333333332848269e+00,2.666666666664241347e-01,-2.466666666668970720e+00,-6.666666666751552839e-02,-2.866666666666787933e+00,-4.733333333333575865e+00,-2.066666666667515528e+00,6.666666666678793263e-01,-3.333333333333939663e+00,-7.333333333317568759e-01,8.666666666649689432e-01,4.866666666666787933e+00,3.666666666667879326e+00,9.333333333324844716e-01,-6.866666666664968943e+00,2.133333333333212067e+00,-6.666666666660603369e-01,2.799999999997453415e+00,-2.666666666666060337e+00,1.400000000001455192e+00,4.666666666653327411e-01,-5.799999999999272404e+00,-2.666666666666060337e+00,-5.333333333328482695e-01,-2.000000000001818989e+00,-2.266666666666424135e+00,-5.466666666667151731e+00,-1.466666666667151731e+00,-1.399999999997817213e+00,3.999999999996362021e-01,-4.400000000001455192e+00,-6.933333333334303461e+00,-3.933333333332484472e+00,3.999999999996362021e-01,-3.999999999998181011e+00,2.200000000000727596e+00,7.333333333335758653e-01,1.799999999999272404e+00,2.666666666666060337e+00,-5.133333333331393078e+00,9.333333333306654822e-01,-3.266666666666424135e+00,-1.333333333333939663e+00,1.818989403545856476e-12,-1.066666666667515528e+00,1.800000000001091394e+00,1.133333333333212067e+00,-1.600000000002182787e+00,4.666666666689707199e-01,-1.600000000000363798e+00,-9.333333333343034610e-01,2.133333333335031057e+00,-3.399999999999636202e+00,-5.733333333335394855e+00,4.333333333333939663e+00,-1.733333333333575865e+00,-1.818989403545856476e-12,-1.666666666664241347e+00,-2.000000000025465852e-01,-3.733333333331756876e+00,-2.266666666668243124e+00,-3.666666666664241347e+00,1.333333333333939663e+00,-3.733333333335394855e+00,-6.000000000003637979e-01,6.666666666660603369e-01,-7.999999999992724042e-01,1.733333333335394855e+00,-1.733333333333575865e+00,-3.866666666666787933e+00,-3.199999999998908606e+00,2.666666666664241347e-01,-1.133333333335031057e+00,-5.266666666668243124e+00,3.866666666666787933e+00,1.533333333334667259e+00,3.799999999999272404e+00,-2.866666666664968943e+00,2.600000000000363798e+00,1.466666666665332741e+00,-5.399999999999636202e+00,-6.000000000000000000e+00,-3.599999999998544808e+00,1.466666666665332741e+00,-3.066666666665696539e+00,8.666666666649689432e-01,1.818989403545856476e-12,-1.466666666668970720e+00,-1.999999999989086064e-01,-3.266666666666424135e+00,-6.000000000003637979e-01,-3.200000000000727596e+00,-1.066666666667515528e+00,-7.000000000000000000e+00,-4.133333333331393078e+00,1.000000000000000000e+00,4.799999999999272404e+00,-1.799999999999272404e+00,-1.000000000000000000e+00,6.666666666660603369e-01,-2.866666666668606922e+00,-2.733333333331756876e+00,-9.333333333324844716e-01,1.333333333332120674e-01
1.066666666663877550e+00,-3.599999999998544808e+00,-1.733333333333575865e+00,-3.266666666666424135e+00,-7.533333333332848269e+00,-4.733333333335394855e+00,-3.866666666664968943e+00,-4.933333333334303461e+00,-1.799999999999272404e+00,2.600000000000363798e+00,1.533333333334667259e+00,-3.666666666667879326e+00,-2.666666666666060337e+00,1.333333333332120674e-01,9.000000000000000000e+00,1.026666666666642413e+01,1.273333333333175688e+01,1.746666666666715173e+01,1.806666666666751553e+01,2.179999999999927240e+01,1.760000000000036380e+01,1.460000000000036380e+01,2.086666666666678793e+01,1.560000000000036380e+01,1.653333333333284827e+01,1.786666666666860692e+01,1.739999999999963620e+01,1.693333333333248447e+01,1.279999999999745341e+01,9.200000000000727596e+00,4.399999999997817213e+00,2.066666666667515528e+00,-3.266666666666424135e+00,-1.733333333331756876e+00,-6.666666666660603369e-01,1.333333333332120674e-01,-9.333333333343034610e-01,-5.533333333332848269e+00,-1.800000000001091394e+00,-6.666666666569653898e-02,-4.800000000001091394e+00,-1.866666666666787933e+00,-2.266666666664605145e+00,7.333333333317568759e-01,-4.333333333332120674e+00,-3.066666666667515528e+00,1.399999999999636202e+00,-2.199999999998908606e+00,6.666666666678793263e-01,-2.933333333334303461e+00,-3.933333333334303461e+00,-1.933333333332484472e+00,-1.866666666664968943e+00,-3.066666666667515528e+00,-7.000000000001818989e+00,-8.666666666667879326e-01,-2.733333333333575865e+00,-3.266666666666424135e+00,-1.399999999999636202e+00,-3.999999999996362021e-01,-1.399999999997817213e+00,-7.800000000001091394e+00,-2.933333333334303461e+00,-7.000000000000000000e+00,-7.799999999999272404e+00,-2.733333333335394855e+00,-2.466666666665332741e+00,3.333333333332120674e+00,-4.600000000000363798e+00,-1.666666666666060337e+00,-4.666666666666060337e+00,9.333333333361224504e-01,-7.333333333353948547e-01,-5.533333333332848269e+00,-3.466666666667151731e+00,-7.333333333335758653e-01,7.999999999992724042e-01,1.133333333333212067e+00,7.333333333335758653e-01,4.533333333332848269e+00,-2.399999999999636202e+00,-1.333333333332120674e-01,-7.666666666666060337e+00,3.333333333333939663e+00,1.933333333332484472e+00,3.866666666668606922e+00,0.000000000000000000e+00,-1.333333333332120674e-01,5.466666666667151731e+00,2.666666666664241347e+00,3.999999999996362021e-01,-2.533333333332848269e+00,1.533333333332848269e+00,3.666666666666060337e+00,4.666666666671517305e-01,2.000000000000000000e+00,9.333333333343034610e-01,2.399999999999636202e+00,-2.000000000007275958e-01,-1.799999999999272404e+00,-2.533333333332848269e+00,-2.599999999998544808e+00,-2.000000000007275958e-01,-7.866666666668606922e+00,-5.333333333332120674e+00,-3.533333333332848269e+00,1.000000000000000000e+00,-4.533333333334667259e+00,-3.266666666666424135e+00,-1.133333333333212067e+00,4.666666666671517305e-01,-5.200000000000727596e+00,1.666666666667879326e+00,-4.466666666668970720e+00,-2.733333333333575865e+00,2.666666666682431241e-01,1.199999999998908606e+00,-6.666666666569653898e-02,1.199999999998908606e+00,3.599999999998544808e+00,1.333333333335758653e+00,-2.733333333333575865e+00,-3.466666666665332741e+00,-2.133333333333212067e+00,-1.133333333333212067e+00,-2.799999999999272404e+00,1.399999999999636202e+00,-1.666666666667879326e+00,2.399999999999636202e+00,-2.333333333332120674e+00,6.666666666569653898e-02,-3.600000000000363798e+00,-5.800000000001091394e+00,-5.333333333328482695e-01,-7.666666666666060337e+00,-1.599999999998544808e+00,-3.999999999996362021e-01,-2.533333333334667259e+00,-4.133333333335031057e+00,-2.666666666666060337e+00,-1.266666666664605145e+00,-1.818989403545856476e-12,-2.000000000000000000e+00,-3.666666666666060337e+00,-1.466666666667151731e+00,-9.933333333332484472e+00,-4.600000000000363798e+00,3.400000000001455192e+00,-4.466666666667151731e+00,-1.000000000001818989e+00,-3.333333333332120674e+00,-2.866666666664968943e+00,-8.000000000010913936e-01,6.666666666678793263e-01,-1.866666666668606922e+00,1.333333333350310568e-01,-9.533333333332848269e+00,-5.000000000001818989e+00,-4.066666666667515528e+00,2.533333333334667259e+00,1.199999999997089617e+00,1.466666666667151731e+00,-4.599999999998544808e+00,-9.333333333343034610e-01,1.200000000000727596e+00,7.333333333353948547e-01,-1.600000000002182787e+00,1.533333333334667259e+00,9.999999999981810106e-01,-7.999999999992724042e-01,-1.933333333332484472e+00,4.199999999998908606e+00,-2.399999999999636202e+00,2.133333333333212067e+00,-1.666666666666060337e+00,1.533333333334667259e+00,-4.733333333333575865e+00,-4.133333333335031057e+00,-6.666666666751552839e-02,7.333333333353948547e-01,-2.866666666666787933e+00,-1.999999999989086064e-01,-3.000000000000000000e+00,-1.933333333334303461e+00,-3.533333333334667259e+00,-2.533333333331029280e+00,-1.933333333334303461e+00,2.399999999999636202e+00,-5.799999999999272404e+00,-3.200000000000727596e+00,-2.533333333334667259e+00,3.999999999996362021e-01,-3.333333333339396631e-01,-1.466666666663513752e+00,-2.200000000000727596e+00,-2.666666666667879326e+00,-3.666666666667879326e+00,-2.266666666664605145e+00,1.400000000001455192e+00,5.333333333310292801e-01,-1.999999999989086064e-01,-3.466666666667151731e+00,-1.399999999999636202e+00,2.199999999998908606e+00,-1.933333333332484472e+00,5.999999999985448085e-01,-1.333333333332120674e+00,-8.666666666686069220e-01,-1.333333333332120674e+00,-1.600000000000363798e+00,3.333333333321206737e-01,7.333333333335758653e-01,1.266666666666424135e+00,-3.133333333333212067e+00,4.666666666689707199e-01,-3.733333333335394855e+00,-9.333333333324844716e-01,2.266666666668243124e+00,-3.733333333335394855e+00,-6.666666666660603369e-01,-4.799999999999272404e+00,2.533333333332848269e+00,4.133333333335031057e+00,9.333333333324844716e-01,-1.666666666667879326e+00,8.000000000010913936e-01,1.000000000000000000e+00,-1.799999999999272404e+00,-3.333333333332120674e+00,-1.866666666670425911e+00,4.666666666689707199e-01,-6.666666666678793263e-01,-1.866666666666787933e+00,6.133333333333212067e+00,-5.000000000001818989e+00,2.600000000002182787e+00,-2.133333333333212067e+00,-4.866666666666787933e+00,-2.333333333333939663e+00,-9.333333333324844716e-01,-3.333333333332120674e+00,-1.933333333334303461e+00,-1.733333333331756876e+00,3.866666666666787933e+00,-3.333333333333939663e+00,-4.266666666668243124e+00,-5.999999999985448085e-01,-8.733333333335394855e+00,-5.599999999998544808e+00,4.866666666666787933e+00,-2.933333333334303461e+00,0.000000000000000000e+00,-1.800000000001091394e+00,4.000000000014551915e-01,3.999999999978172127e-01,1.800000000001091394e+00,-4.399999999999636202e+00,6.000000000021827873e-01,-9.333333333343034610e-01,8.000000000010913936e-01,1.799999999999272404e+00,3.400000000001455192e+00,5.133333333331393078e+00,7.333333333353948547e-01,-1.666666666667879326e+00,9.333333333343034610e-01,-8.666666666686069220e-01,-2.133333333333212067e+00,-1.600000000000363798e+00,1.533333333334667259e+00,-1.000000000001818989e+00,2.000000000000000000e+00,2.200000000000727596e+00,-9.266666666666424135e+00,-3.200000000000727596e+00,6.000000000003637979e-01,-4.200000000000727596e+00,-5.333333333328482695e-01,-2.066666666667515528e+00,3.333333333339396631e-01,-3.800000000001091394e+00,6.666666666751552839e-02,2.266666666666424135e+00,-1.533333333334667259e+00,-1.533333333332848269e+00,-2.599999999998544808e+00,4.666666666653327411e-01,-4.866666666664968943e+00,5.866666666666787933e+00,4.133333333333212067e+00,-4.800000000001091394e+00,1.333333333332120674e-01,-2.866666666664968943e+00,3.333333333339396631e-01,-2.933333333336122450e+00,1.666666666669698316e+00,-2.933333333334303461e+00,1.133333333333212067e+00,-9.333333333361224504e-01,-1.466666666665332741e+00,8.666666666649689432e-01,6.666666666933451779e-02,-9.333333333324844716e-01,2.000000000007275958e-01,-1.666666666666060337e+00,3.266666666666424135e+00,-1.533333333332848269e+00,-2.333333333333939663e+00,-2.800000000001091394e+00,3.999999999996362021e-01,8.666666666667879326e-01,-2.133333333333212067e+00,-3.733333333331756876e+00,-1.466666666667151731e+00
-4.733333333331756876e+00,-3.000000000001818989e+00,-3.599999999998544808e+00,3.533333333334667259e+00,-4.666666666671517305e-01,1.799999999999272404e+00,-5.333333333346672589e-01,2.066666666669334518e+00,2.666666666664241347e-01,-1.333333333368500462e-01,6.666666666751552839e-02,-1.333333333313930780e-01,-5.333333333364862483e-01,3.000000000000000000e+00,7.733333333333575865e+00,1.206666666666569654e+01,1.120000000000436557e+01,1.193333333333248447e+01,9.733333333333575865e+00,1.233333333333393966e+01,1.213333333333139308e+01,9.666666666666060337e+00,9.933333333334303461e+00,7.066666666665696539e+00,9.266666666666424135e+00,1.146666666666715173e+01,1.206666666666569654e+01,1.093333333333612245e+01,6.333333333332120674e+00,8.666666666666060337e+00,4.133333333333212067e+00,-3.333333333339396631e-01,-2.066666666665696539e+00,-6.666666666751552839e-02,-6.666666666667879326e+00,-2.866666666664968943e+00,-1.799999999997453415e+00,-1.800000000001091394e+00,1.399999999999636202e+00,-1.666666666667879326e+00,-5.733333333331756876e+00,-9.266666666666424135e+00,-2.000000000000000000e+00,-3.399999999999636202e+00,-7.733333333333575865e+00,-5.533333333334667259e+00,-1.399999999999636202e+00,-3.466666666665332741e+00,-3.133333333335031057e+00,4.133333333333212067e+00,-2.866666666666787933e+00,1.200000000000727596e+00,-2.466666666667151731e+00,-6.000000000003637979e-01,3.733333333335394855e+00,1.999999999989086064e-01,2.799999999999272404e+00,-3.533333333332848269e+00,-6.133333333333212067e+00,-1.066666666665696539e+00,-9.333333333343034610e-01,-4.799999999999272404e+00,-2.000000000007275958e-01,-1.599999999998544808e+00,-8.066666666665696539e+00,-2.266666666668243124e+00,-5.666666666667879326e+00,-2.066666666667515528e+00,-7.599999999996725819e+00,-8.066666666667515528e+00,-4.066666666667515528e+00,-3.399999999999636202e+00,-4.666666666671517305e-01,6.333333333332120674e+00,-2.666666666664241347e-01,-7.333333333317568759e-01,1.533333333332848269e+00,-3.799999999999272404e+00,-2.666666666666060337e+00,4.000000000000000000e+00,-1.400000000001455192e+00,-4.600000000000363798e+00,2.133333333335031057e+00,3.399999999999636202e+00,1.399999999997817213e+00,4.133333333333212067e+00,-2.333333333332120674e+00,1.200000000000727596e+00,-5.866666666666787933e+00,-2.266666666668243124e+00,-1.466666666665332741e+00,-8.666666666667879326e-01,2.933333333334303461e+00,1.133333333331393078e+00,-3.533333333334667259e+00,3.333333333339396631e-01,5.733333333333575865e+00,-1.400000000001455192e+00,5.333333333346672589e-01,-1.266666666668243124e+00,-3.266666666664605145e+00,4.400000000001455192e+00,-2.600000000002182787e+00,8.000000000010913936e-01,-1.999999999998181011e+00,6.666666666642413475e-01,-3.266666666666424135e+00,-3.666666666666060337e+00,-1.999999999989086064e-01,2.799999999999272404e+00,-5.333333333346672589e-01,-1.000000000000000000e+00,8.666666666667879326e-01,-1.533333333332848269e+00,5.333333333346672589e-01,4.000000000014551915e-01,-5.400000000001455192e+00,1.999999999989086064e-01,5.333333333328482695e-01,-1.066666666665696539e+00,-2.666666666667879326e+00,3.133333333333212067e+00,1.666666666666060337e+00,3.333333333339396631e-01,-1.200000000000727596e+00,-7.999999999992724042e-01,-3.799999999999272404e+00,-4.399999999999636202e+00,-1.866666666666787933e+00,-2.933333333334303461e+00,1.600000000000363798e+00,5.333333333346672589e-01,-8.666666666667879326e-01,-1.066666666667515528e+00,1.600000000000363798e+00,3.933333333334303461e+00,-3.333333333335758653e+00,-1.466666666665332741e+00,-1.533333333334667259e+00,-2.399999999999636202e+00,-1.199999999998908606e+00,1.000000000000000000e+00,1.533333333332848269e+00,-1.200000000000727596e+00,-4.666666666671517305e-01,-5.599999999998544808e+00,-5.399999999999636202e+00,7.333333333335758653e-01,-1.133333333333212067e+00,-8.666666666667879326e-01,-8.266666666666424135e+00,3.133333333331393078e+00,-5.199999999998908606e+00,-2.533333333332848269e+00,-1.133333333333212067e+00,-5.333333333332120674e+00,-1.200000000000727596e+00,-2.333333333333939663e+00,-1.333333333332120674e-01,7.999999999992724042e-01,8.000000000010913936e-01,6.666666666642413475e-01,-5.200000000000727596e+00,-6.666666666569653898e-02,6.000000000021827873e-01,3.199999999998908606e+00,-2.600000000000363798e+00,2.733333333333575865e+00,-2.399999999997817213e+00,-1.533333333332848269e+00,5.266666666666424135e+00,-2.266666666668243124e+00,-2.666666666664241347e-01,-3.333333333321206737e-01,-4.666666666671517305e-01,-5.333333333346672589e-01,6.000000000003637979e-01,5.999999999985448085e-01,1.266666666666424135e+00,-5.533333333334667259e+00,-3.999999999996362021e+00,-8.000000000029103830e-01,-5.066666666663877550e+00,4.666666666635137517e-01,-3.733333333331756876e+00,-5.333333333332120674e+00,-4.600000000000363798e+00,-5.133333333333212067e+00,-6.733333333333575865e+00,2.000000000007275958e-01,-4.800000000001091394e+00,-4.199999999998908606e+00,7.333333333317568759e-01,-1.866666666666787933e+00,2.133333333333212067e+00,-2.266666666664605145e+00,-6.200000000000727596e+00,1.666666666664241347e+00,-3.999999999978172127e-01,-6.000000000003637979e-01,2.666666666667879326e+00,-1.600000000000363798e+00,1.466666666665332741e+00,2.666666666664241347e-01,-3.333333333332120674e+00,4.799999999999272404e+00,4.333333333333939663e+00,-6.666666666660603369e-01,-3.399999999999636202e+00,-2.666666666667879326e+00,2.666666666667879326e+00,3.533333333332848269e+00,-6.666666666569653898e-02,-4.266666666666424135e+00,-3.333333333357586525e-01,-2.466666666667151731e+00,3.933333333334303461e+00,-2.600000000000363798e+00,6.933333333332484472e+00,-4.733333333333575865e+00,-3.733333333331756876e+00,-5.066666666665696539e+00,-1.333333333333939663e+00,2.666666666666060337e+00,-1.066666666665696539e+00,-1.666666666666060337e+00,-1.866666666666787933e+00,-2.133333333333212067e+00,9.333333333324844716e-01,1.399999999999636202e+00,-4.933333333332484472e+00,-3.866666666666787933e+00,-1.533333333332848269e+00,-5.533333333334667259e+00,1.533333333332848269e+00,6.666666666751552839e-02,-2.666666666682431241e-01,-5.066666666663877550e+00,-6.599999999998544808e+00,-4.666666666689707199e-01,-1.466666666667151731e+00,-3.666666666667879326e+00,-2.600000000000363798e+00,-8.666666666649689432e-01,-3.466666666667151731e+00,1.733333333333575865e+00,2.533333333331029280e+00,1.866666666668606922e+00,1.666666666666060337e+00,1.000000000000000000e+00,-3.533333333334667259e+00,1.466666666667151731e+00,5.066666666667515528e+00,7.999999999992724042e-01,9.333333333343034610e-01,-1.466666666665332741e+00,3.333333333321206737e-01,2.533333333332848269e+00,2.466666666667151731e+00,1.999999999989086064e-01,1.866666666666787933e+00,-6.666666666660603369e-01,-1.266666666664605145e+00,-3.200000000000727596e+00,-1.533333333334667259e+00,2.600000000000363798e+00,-4.066666666663877550e+00,-3.666666666667879326e+00,-1.066666666667515528e+00,-2.866666666666787933e+00,-2.799999999999272404e+00,1.533333333332848269e+00,-3.800000000001091394e+00,-2.866666666664968943e+00,1.133333333333212067e+00,-3.533333333334667259e+00,-1.733333333333575865e+00,-1.666666666664241347e+00,-3.933333333334303461e+00,-2.199999999998908606e+00,-3.000000000000000000e+00,1.999999999989086064e-01,-1.866666666666787933e+00,2.133333333331393078e+00,3.333333333339396631e-01,9.333333333324844716e-01,-4.466666666667151731e+00,0.000000000000000000e+00,-5.666666666664241347e+00,-4.133333333333212067e+00,-5.400000000001455192e+00,-1.066666666665696539e+00,-6.000000000003637979e-01,2.600000000000363798e+00,1.266666666666424135e+00,7.333333333353948547e-01,-2.133333333335031057e+00,1.066666666665696539e+00,-2.666666666667879326e+00,2.466666666668970720e+00,-1.333333333332120674e-01,4.666666666653327411e-01,-2.000000000007275958e-01,3.133333333335031057e+00,8.666666666649689432e-01,4.066666666667515528e+00,2.133333333335031057e+00,1.999999999989086064e-01,8.000000000010913936e-01,1.066666666665696539e+00,-9.333333333343034610e-01,2.466666666667151731e+00,-3.133333333335031057e+00,1.400000000001455192e+00
-1.333333333350310568e-01,-2.599999999998544808e+00,-6.000000000003637979e-01,3.466666666667151731e+00,1.000000000001818989e+00,1.600000000000363798e+00,0.000000000000000000e+00,-6.666666666678793263e-01,1.666666666666060337e+00,-8.000000000010913936e-01,1.266666666666424135e+00,2.133333333335031057e+00,-1.800000000001091394e+00,-2.000000000007275958e-01,3.733333333333575865e+00,1.000000000000000000e+01,1.239999999999963620e+01,1.553333333333466726e+01,1.006666666666751553e+01,9.066666666665696539e+00,1.200000000000000000e+01,1.293333333333612245e+01,1.479999999999927240e+01,9.466666666667151731e+00,1.186666666666678793e+01,1.253333333333284827e+01,9.933333333332484472e+00,1.133333333333212067e+01,7.733333333333575865e+00,4.933333333334303461e+00,-3.866666666668606922e+00,1.333333333333939663e+00,-4.399999999999636202e+00,1.933333333332484472e+00,-3.333333333303016843e-01,3.999999999996362021e-01,-1.533333333334667259e+00,-8.200000000000727596e+00,-1.933333333334303461e+00,-5.999999999985448085e-01,-3.866666666666787933e+00,-3.200000000000727596e+00,-1.666666666666060337e+00,-1.600000000000363798e+00,-4.066666666667515528e+00,1.200000000000727596e+00,-4.533333333332848269e+00,-3.199999999997089617e+00,-2.600000000002182787e+00,-2.600000000000363798e+00,-9.333333333333939663e+00,-1.866666666668606922e+00,2.333333333335758653e+00,-1.000000000000000000e+00,-4.733333333333575865e+00,1.666666666664241347e+00,-9.999999999981810106e-01,-4.466666666665332741e+00,-8.666666666686069220e-01,1.066666666667515528e+00,-3.066666666667515528e+00,-3.866666666664968943e+00,3.333333333339396631e-01,-5.200000000000727596e+00,3.666666666666060337e+00,4.000000000014551915e-01,-6.066666666667515528e+00,-2.933333333334303461e+00,7.333333333317568759e-01,-2.199999999998908606e+00,-5.466666666665332741e+00,5.999999999985448085e-01,5.333333333346672589e-01,5.999999999985448085e-01,-1.133333333331393078e+00,2.266666666668243124e+00,6.599999999996725819e+00,-6.199999999998908606e+00,-5.333333333328482695e-01,-5.533333333332848269e+00,-3.666666666667879326e+00,3.466666666667151731e+00,-2.133333333333212067e+00,1.266666666664605145e+00,2.466666666668970720e+00,2.000000000001818989e+00,-8.666666666686069220e-01,-3.066666666665696539e+00,-4.266666666668243124e+00,1.733333333333575865e+00,-3.666666666667879326e+00,-4.199999999998908606e+00,7.266666666666424135e+00,5.400000000001455192e+00,4.533333333332848269e+00,2.533333333334667259e+00,6.666666666751552839e-02,5.266666666664605145e+00,-3.800000000001091394e+00,1.799999999999272404e+00,-1.733333333331756876e+00,8.666666666667879326e-01,3.199999999997089617e+00,5.333333333346672589e-01,-1.599999999998544808e+00,3.333333333332120674e+00,1.200000000000727596e+00,-2.533333333334667259e+00,-1.333333333295740886e-01,8.666666666649689432e-01,3.133333333333212067e+00,4.000000000014551915e-01,-1.600000000002182787e+00,2.666666666664241347e-01,-2.733333333333575865e+00,3.266666666666424135e+00,-1.000000000000000000e+00,1.133333333333212067e+00,2.266666666664605145e+00,4.666666666707897093e-01,-7.333333333335758653e-01,-2.133333333335031057e+00,5.333333333346672589e-01,9.333333333324844716e-01,-4.799999999999272404e+00,-1.999999999998181011e+00,-2.133333333335031057e+00,-1.733333333333575865e+00,2.399999999999636202e+00,1.799999999999272404e+00,-2.000000000000000000e+00,-1.599999999998544808e+00,-5.333333333346672589e-01,2.200000000000727596e+00,7.333333333317568759e-01,-2.399999999999636202e+00,-4.333333333332120674e+00,2.000000000007275958e-01,-6.200000000000727596e+00,-3.333333333332120674e+00,-1.000000000000000000e+00,-7.333333333317568759e-01,1.466666666663513752e+00,-2.600000000000363798e+00,-2.666666666664241347e-01,-4.933333333334303461e+00,-1.200000000000727596e+00,6.000000000021827873e-01,-3.333333333332120674e+00,-2.400000000001455192e+00,-1.600000000000363798e+00,6.066666666667515528e+00,-2.133333333333212067e+00,3.999999999996362021e-01,1.666666666666060337e+00,2.333333333332120674e+00,-2.266666666666424135e+00,-4.000000000000000000e+00,-2.333333333332120674e+00,-2.533333333332848269e+00,4.533333333334667259e+00,1.933333333332484472e+00,-9.066666666667515528e+00,-2.733333333331756876e+00,-7.333333333335758653e-01,-1.266666666668243124e+00,-6.200000000000727596e+00,-9.333333333324844716e-01,-2.933333333332484472e+00,-1.533333333334667259e+00,-2.533333333332848269e+00,-3.999999999996362021e-01,-1.599999999998544808e+00,-8.666666666667879326e-01,-2.200000000000727596e+00,-1.666666666667879326e+00,-3.933333333334303461e+00,4.733333333333575865e+00,-4.266666666666424135e+00,-4.733333333333575865e+00,7.999999999992724042e-01,1.333333333333939663e+00,-4.399999999997817213e+00,-6.666666666660603369e-01,-4.066666666665696539e+00,-3.466666666668970720e+00,-2.600000000002182787e+00,2.600000000000363798e+00,-3.933333333330665482e+00,-4.800000000001091394e+00,-3.533333333332848269e+00,-1.600000000000363798e+00,-3.466666666667151731e+00,2.666666666664241347e-01,-5.333333333328482695e-01,-1.933333333334303461e+00,-3.000000000000000000e+00,2.933333333332484472e+00,1.733333333335394855e+00,3.599999999998544808e+00,-3.666666666666060337e+00,1.266666666668243124e+00,-4.466666666668970720e+00,5.466666666668970720e+00,3.466666666667151731e+00,-6.666666666751552839e-02,1.933333333334303461e+00,-5.799999999999272404e+00,3.399999999999636202e+00,2.599999999998544808e+00,2.266666666666424135e+00,1.133333333333212067e+00,-6.733333333333575865e+00,-2.333333333333939663e+00,-1.999999999970896170e-01,7.333333333317568759e-01,2.000000000001818989e+00,5.999999999967258191e-01,-4.666666666664241347e+00,-3.000000000000000000e+00,-7.333333333335758653e-01,3.333333333321206737e-01,8.266666666666424135e+00,-2.533333333334667259e+00,-1.999999999998181011e+00,-2.200000000000727596e+00,-1.333333333332120674e+00,3.266666666666424135e+00,2.933333333332484472e+00,-2.999999999998181011e+00,-8.666666666667879326e-01,-1.400000000001455192e+00,-1.599999999998544808e+00,-4.399999999999636202e+00,-1.533333333332848269e+00,-1.800000000001091394e+00,-7.399999999999636202e+00,-6.866666666668606922e+00,-2.599999999998544808e+00,-4.533333333332848269e+00,-3.133333333335031057e+00,-2.466666666667151731e+00,-2.066666666665696539e+00,-2.399999999999636202e+00,1.599999999998544808e+00,2.466666666668970720e+00,-6.666666666666060337e+00,-3.866666666666787933e+00,2.333333333332120674e+00,1.666666666666060337e+00,-1.333333333350310568e-01,2.666666666667879326e+00,-3.466666666667151731e+00,-4.599999999998544808e+00,1.466666666667151731e+00,-3.799999999999272404e+00,-5.066666666669334518e+00,-1.000000000000000000e+00,-4.133333333331393078e+00,-7.000000000000000000e+00,-3.399999999999636202e+00,5.266666666666424135e+00,6.666666666660603369e-01,6.000000000003637979e-01,-3.799999999999272404e+00,-6.400000000001455192e+00,-2.866666666664968943e+00,6.466666666665332741e+00,3.133333333331393078e+00,-3.999999999996362021e-01,8.666666666667879326e-01,5.733333333333575865e+00,-1.200000000000727596e+00,-1.799999999999272404e+00,-5.999999999985448085e-01,-2.000000000007275958e-01,-3.466666666667151731e+00,2.466666666667151731e+00,2.000000000007275958e-01,-2.666666666682431241e-01,4.866666666666787933e+00,-4.666666666635137517e-01,-4.066666666665696539e+00,-2.666666666682431241e-01,-1.733333333333575865e+00,3.199999999998908606e+00,-1.000000000000000000e+00,-2.333333333332120674e+00,-2.000000000007275958e-01,7.333333333335758653e-01,-1.000000000000000000e+00,6.666666666678793263e-01,-5.333333333337577642e+00,4.000000000014551915e-01,-2.133333333333212067e+00,-2.133333333333212067e+00,-7.333333333335758653e-01,2.666666666664241347e-01,-1.999999999996362021e+00,-1.666666666669698316e+00,-4.066666666665696539e+00,-2.600000000000363798e+00,7.333333333317568759e-01,-2.199999999998908606e+00,1.818989403545856476e-12,2.133333333333212067e+00,-3.333333333333939663e+00,4.133333333331393078e+00,-3.866666666664968943e+00,2.333333333332120674e+00,2.666666666664241347e-01,-1.266666666666424135e+00,-2.466666666665332741e+00,5.999999999985448085e-01
2.666666666667879326e+00,-1.533333333332848269e+00,-3.600000000000363798e+00,4.066666666665696539e+00,-1.933333333332484472e+00,-3.733333333331756876e+00,-3.733333333331756876e+00,-9.333333333343034610e-01,6.666666666751552839e-02,-4.666666666671517305e-01,-2.466666666667151731e+00,-4.666666666653327411e-01,-1.666666666669698316e+00,4.999999999998181011e+00,7.733333333333575865e+00,9.733333333335394855e+00,9.933333333334303461e+00,9.133333333333212067e+00,1.419999999999890861e+01,1.199999999999818101e+01,1.620000000000072760e+01,1.493333333333612245e+01,1.500000000000000000e+01,1.346666666666533274e+01,1.239999999999963620e+01,1.606666666666569654e+01,1.706666666666569654e+01,8.133333333333212067e+00,7.933333333336122450e+00,3.733333333333575865e+00,1.133333333333212067e+00,6.666666666569653898e-02,7.399999999999636202e+00,-5.866666666668606922e+00,1.466666666668970720e+00,-2.800000000001091394e+00,2.933333333332484472e+00,-3.333333333333939663e+00,-4.399999999999636202e+00,-4.066666666665696539e+00,-6.400000000001455192e+00,-4.933333333332484472e+00,-2.533333333332848269e+00,-5.666666666664241347e+00,-8.666666666667879326e-01,-3.200000000000727596e+00,4.666666666671517305e-01,-6.733333333335394855e+00,-3.133333333333212067e+00,-6.000000000000000000e+00,-5.133333333333212067e+00,-5.533333333332848269e+00,-3.866666666666787933e+00,-1.933333333334303461e+00,1.866666666668606922e+00,-1.133333333335031057e+00,6.000000000021827873e-01,-4.000000000001818989e+00,-5.999999999996362021e+00,-8.066666666667515528e+00,-3.799999999999272404e+00,-9.066666666667515528e+00,-6.666666666678793263e-01,-1.200000000000727596e+00,-6.666666666751552839e-02,-3.600000000000363798e+00,-2.733333333333575865e+00,-2.799999999999272404e+00,3.999999999996362021e-01,-1.333333333313930780e-01,-2.466666666667151731e+00,-2.933333333334303461e+00,-2.466666666667151731e+00,7.533333333334667259e+00,5.333333333346672589e-01,-4.600000000002182787e+00,4.666666666666060337e+00,-4.066666666665696539e+00,-1.199999999998908606e+00,-3.000000000000000000e+00,3.666666666666060337e+00,-1.333333333332120674e+00,1.333333333332120674e+00,-3.466666666667151731e+00,-1.333333333333939663e+00,1.066666666667515528e+00,-1.466666666665332741e+00,7.333333333317568759e-01,-4.600000000000363798e+00,4.000000000014551915e-01,3.133333333333212067e+00,-2.533333333332848269e+00,2.799999999999272404e+00,1.000000000000000000e+00,2.266666666666424135e+00,-3.400000000001455192e+00,8.666666666667879326e-01,6.000000000003637979e-01,-7.999999999992724042e-01,-1.733333333331756876e+00,1.799999999999272404e+00,2.266666666664605145e+00,5.066666666665696539e+00,5.333333333328482695e-01,1.733333333335394855e+00,2.000000000007275958e-01,1.333333333335758653e+00,1.333333333332120674e+00,2.666666666646051453e-01,-8.666666666667879326e-01,2.999999999998181011e+00,-3.333333333321206737e-01,-1.133333333333212067e+00,-2.666666666646051453e-01,1.000000000000000000e+00,-3.199999999997089617e+00,-3.066666666667515528e+00,-5.066666666667515528e+00,1.199999999998908606e+00,-4.800000000001091394e+00,-6.666666666660603369e-01,-2.533333333334667259e+00,-1.466666666667151731e+00,3.999999999996362021e-01,-2.066666666663877550e+00,-1.133333333335031057e+00,-1.799999999999272404e+00,3.999999999978172127e-01,-1.533333333331029280e+00,-2.266666666666424135e+00,3.733333333335394855e+00,1.133333333333212067e+00,2.000000000000000000e+00,-2.066666666669334518e+00,1.333333333332120674e+00,2.000000000007275958e-01,5.333333333346672589e-01,-1.266666666668243124e+00,-2.399999999999636202e+00,-2.600000000000363798e+00,1.466666666668970720e+00,2.399999999999636202e+00,-3.199999999998908606e+00,1.400000000001455192e+00,1.666666666664241347e+00,-2.999999999998181011e+00,3.333333333339396631e-01,2.999999999998181011e+00,3.133333333331393078e+00,-5.333333333328482695e-01,1.266666666666424135e+00,8.000000000010913936e-01,4.866666666666787933e+00,9.866666666664968943e+00,1.013333333333321207e+01,1.273333333333357587e+01,2.266666666666787933e+01,2.519999999999890861e+01,2.493333333333248447e+01,3.160000000000036380e+01,3.206666666666751553e+01,3.133333333333393966e+01,2.653333333333102928e+01,2.786666666666678793e+01,2.913333333333321207e+01,2.453333333333466726e+01,2.780000000000109139e+01,2.133333333333393966e+01,1.693333333333248447e+01,1.933333333333393966e+01,8.666666666666060337e+00,2.133333333333212067e+00,1.200000000000727596e+00,-3.133333333333212067e+00,-6.399999999999636202e+00,-7.933333333332484472e+00,-1.140000000000145519e+01,-5.933333333332484472e+00,-8.200000000000727596e+00,-5.600000000000363798e+00,-5.266666666666424135e+00,-8.266666666668243124e+00,-6.933333333332484472e+00,-3.200000000000727596e+00,-8.733333333333575865e+00,-3.266666666666424135e+00,-9.133333333333212067e+00,-1.046666666666715173e+01,-5.200000000000727596e+00,-7.866666666666787933e+00,-7.599999999998544808e+00,-4.199999999998908606e+00,-6.600000000000363798e+00,-6.466666666668970720e+00,-6.199999999998908606e+00,-2.399999999999636202e+00,-2.799999999999272404e+00,-1.466666666667151731e+00,-8.666666666666060337e+00,-5.333333333328482695e-01,-5.800000000001091394e+00,-5.399999999999636202e+00,-6.666666666660603369e-01,-5.666666666667879326e+00,-4.599999999998544808e+00,-4.866666666666787933e+00,-1.333333333332120674e+00,-3.666666666666060337e+00,-5.600000000002182787e+00,-2.133333333333212067e+00,-7.266666666666424135e+00,-3.333333333333939663e+00,-5.799999999999272404e+00,-3.533333333332848269e+00,-7.133333333335031057e+00,-7.533333333336486248e+00,5.333333333346672589e-01,-4.533333333332848269e+00,-3.266666666664605145e+00,-3.733333333331756876e+00,-5.333333333335758653e+00,-9.933333333334303461e+00,-7.466666666667151731e+00,-2.866666666666787933e+00,-8.000000000000000000e+00,-6.666666666751552839e-02,-4.133333333329574089e+00,-5.866666666666787933e+00,-3.466666666667151731e+00,-1.399999999999636202e+00,1.133333333333212067e+00,-4.333333333333939663e+00,5.999999999985448085e-01,-5.999999999998181011e+00,-3.066666666669334518e+00,-2.066666666665696539e+00,-1.066666666663877550e+00,-2.200000000000727596e+00,-2.066666666667515528e+00,-3.933333333332484472e+00,-8.266666666666424135e+00,-7.000000000000000000e+00,-5.733333333333575865e+00,-7.200000000000727596e+00,-3.800000000001091394e+00,-4.733333333331756876e+00,-3.466666666667151731e+00,-8.199999999998908606e+00,-1.933333333334303461e+00,-5.466666666665332741e+00,-2.666666666667879326e+00,-5.200000000000727596e+00,-4.866666666666787933e+00,-5.333333333333939663e+00,3.000000000001818989e+00,-5.333333333333939663e+00,-3.666666666664241347e+00,-1.333333333368500462e-01,-2.866666666666787933e+00,-5.200000000000727596e+00,-4.600000000000363798e+00,-6.866666666664968943e+00,-2.333333333333939663e+00,-1.866666666668606922e+00,-3.466666666665332741e+00,-4.466666666661694762e+00,-2.000000000001818989e+00,-2.733333333335394855e+00,-1.866666666666787933e+00,-8.400000000001455192e+00,1.799999999999272404e+00,-5.533333333331029280e+00,-6.666666666569653898e-02,4.666666666653327411e-01,-5.933333333332484472e+00,-1.466666666665332741e+00,1.533333333332848269e+00,-3.133333333333212067e+00,-4.466666666667151731e+00,-1.399999999999636202e+00,-1.533333333332848269e+00,-3.133333333335031057e+00,9.333333333324844716e-01,-5.066666666665696539e+00,6.000000000021827873e-01,-3.066666666669334518e+00,4.666666666671517305e-01,-4.866666666666787933e+00,-1.266666666666424135e+00,2.933333333334303461e+00,-3.733333333335394855e+00,-4.266666666666424135e+00,-4.799999999997453415e+00,-2.466666666667151731e+00,-3.266666666664605145e+00,-3.600000000000363798e+00,1.333333333332120674e-01,-5.000000000001818989e+00,4.666666666653327411e-01,-2.466666666667151731e+00,-2.133333333335031057e+00,-5.999999999985448085e-01,2.533333333334667259e+00,-6.866666666666787933e+00,-7.400000000001455192e+00,-7.333333333335758653e-01,-4.799999999999272404e+00,2.400000000001455192e+00,-1.133333333333212067e+00,-2.933333333334303461e+00,-1.066666666667515528e+00,4.666666666689707199e-01,-2.933333333336122450e+00,-3.333333333332120674e+00
1.200000000000727596e+00,1.466666666665332741e+00,-8.000000000010913936e-01,2.733333333333575865e+00,-2.666666666646051453e-01,-8.666666666667879326e-01,-4.666666666671517305e-01,-1.666666666664241347e+00,-3.333333333339396631e-01,-1.800000000001091394e+00,-2.266666666666424135e+00,1.800000000001091394e+00,5.066666666667515528e+00,7.999999999998181011e+00,1.593333333333248447e+01,1.646666666666533274e+01,1.520000000000072760e+01,2.073333333333175688e+01,1.966666666666969832e+01,2.073333333333175688e+01,2.693333333333430346e+01,2.286666666666678793e+01,2.513333333333321207e+01,2.306666666666751553e+01,2.566666666666606034e+01,2.406666666666569654e+01,2.293333333333612245e+01,2.226666666666460515e+01,1.313333333333321207e+01,7.800000000001091394e+00,3.666666666667879326e+00,6.133333333331393078e+00,-3.333333333339396631e-01,-2.799999999999272404e+00,-1.133333333333212067e+00,-7.466666666667151731e+00,-5.933333333332484472e+00,-8.666666666667879326e-01,-2.066666666665696539e+00,-7.466666666667151731e+00,-4.333333333333939663e+00,-7.666666666667879326e+00,-4.200000000000727596e+00,-5.266666666664605145e+00,-2.866666666666787933e+00,-5.266666666668243124e+00,-4.066666666665696539e+00,-5.266666666666424135e+00,-4.133333333333212067e+00,-6.133333333335031057e+00,-6.733333333331756876e+00,-6.333333333335758653e+00,-6.533333333332848269e+00,-4.266666666666424135e+00,-5.733333333331756876e+00,-7.199999999998908606e+00,-1.933333333334303461e+00,-6.799999999999272404e+00,-3.666666666666060337e+00,-5.133333333331393078e+00,-3.866666666668606922e+00,-4.933333333334303461e+00,-3.999999999998181011e+00,-1.866666666668606922e+00,-1.533333333334667259e+00,1.666666666667879326e+00,-4.266666666666424135e+00,-6.066666666665696539e+00,-6.333333333335758653e+00,-1.266666666664605145e+00,-5.733333333335394855e+00,-1.533333333331029280e+00,-4.533333333336486248e+00,-2.933333333330665482e+00,-4.933333333334303461e+00,-4.733333333333575865e+00,-2.266666666664605145e+00,-2.133333333335031057e+00,-2.800000000001091394e+00,-6.666666666660603369e-01,-4.200000000000727596e+00,2.133333333335031057e+00,-1.666666666667879326e+00,2.266666666668243124e+00,-7.333333333335758653e-01,4.466666666665332741e+00,-3.266666666666424135e+00,-8.666666666667879326e-01,-1.600000000000363798e+00,6.666666666751552839e-02,-3.533333333334667259e+00,-4.733333333331756876e+00,-1.066666666667515528e+00,-2.199999999998908606e+00,-1.266666666666424135e+00,-2.000000000007275958e-01,-3.999999999996362021e-01,3.800000000001091394e+00,1.000000000000000000e+00,-4.733333333335394855e+00,-4.333333333332120674e+00,2.866666666666787933e+00,-5.333333333328482695e-01,-3.200000000000727596e+00,7.333333333335758653e-01,4.599999999998544808e+00,2.400000000001455192e+00,5.333333333328482695e-01,-2.866666666666787933e+00,-4.466666666667151731e+00,-3.600000000000363798e+00,-1.266666666666424135e+00,-6.799999999999272404e+00,-8.466666666667151731e+00,4.000000000000000000e+00,7.999999999992724042e-01,-3.599999999998544808e+00,6.000000000003637979e-01,5.000000000000000000e+00,-3.000000000001818989e+00,-5.733333333331756876e+00,1.399999999999636202e+00,-1.466666666667151731e+00,3.066666666667515528e+00,2.666666666666060337e+00,-2.666666666682431241e-01,-5.533333333332848269e+00,1.666666666667879326e+00,-3.800000000001091394e+00,-4.199999999998908606e+00,-1.866666666666787933e+00,-1.066666666665696539e+00,-2.133333333335031057e+00,-7.199999999998908606e+00,-1.933333333334303461e+00,-1.733333333333575865e+00,-8.933333333332484472e+00,-4.800000000001091394e+00,-2.266666666666424135e+00,-8.666666666666060337e+00,-3.466666666667151731e+00,-3.333333333357586525e-01,-2.533333333331029280e+00,1.600000000000363798e+00,-1.266666666666424135e+00,-2.133333333335031057e+00,-4.466666666665332741e+00,-9.333333333324844716e-01,-2.200000000000727596e+00,-9.333333333324844716e-01,1.733333333331756876e+00,-6.666666666569653898e-02,-4.666666666671517305e-01,-2.000000000000000000e+00,4.066666666667515528e+00,3.800000000001091394e+00,1.599999999998544808e+00,-7.999999999992724042e-01,-1.466666666667151731e+00,-6.000000000003637979e-01,-1.066666666665696539e+00,4.666666666671517305e-01,-1.666666666667879326e+00,-5.333333333346672589e-01,-3.666666666666060337e+00,-2.666666666666060337e+00,-9.333333333324844716e-01,2.933333333332484472e+00,1.666666666667879326e+00,-1.933333333334303461e+00,-3.199999999998908606e+00,-3.066666666665696539e+00,-3.533333333334667259e+00,1.666666666666060337e+00,-7.999999999992724042e-01,-2.866666666666787933e+00,-1.666666666667879326e+00,-4.599999999998544808e+00,-7.333333333335758653e-01,-1.000000000000000000e+00,-6.399999999999636202e+00,1.466666666665332741e+00,-7.666666666666060337e+00,-1.466666666665332741e+00,-1.266666666668243124e+00,-2.733333333333575865e+00,-3.466666666667151731e+00,3.000000000000000000e+00,-2.866666666666787933e+00,-1.066666666665696539e+00,2.600000000000363798e+00,-3.399999999999636202e+00,-1.866666666668606922e+00,4.000000000014551915e-01,4.000000000000000000e+00,4.133333333333212067e+00,-5.066666666667515528e+00,9.333333333343034610e-01,-5.666666666667879326e+00,-4.333333333332120674e+00,-2.666666666664241347e-01,2.533333333332848269e+00,-3.399999999999636202e+00,7.333333333317568759e-01,-5.999999999985448085e-01,-4.000000000000000000e+00,1.733333333333575865e+00,-8.000000000010913936e-01,-2.666666666666060337e+00,-3.000000000000000000e+00,-2.399999999999636202e+00,6.666666666569653898e-02,1.066666666667515528e+00,-3.333333333333939663e+00,3.733333333333575865e+00,-2.799999999999272404e+00,-6.133333333333212067e+00,-3.466666666667151731e+00,-1.933333333334303461e+00,-2.999999999998181011e+00,7.333333333317568759e-01,-2.600000000000363798e+00,-2.666666666664241347e-01,-2.666666666666060337e+00,-1.333333333333939663e+00,-3.466666666665332741e+00,-2.000000000001818989e+00,-2.333333333332120674e+00,1.799999999999272404e+00,4.666666666653327411e-01,-9.333333333324844716e-01,9.333333333343034610e-01,1.399999999999636202e+00,-2.533333333334667259e+00,-3.399999999999636202e+00,-1.000000000000000000e+00,-2.533333333332848269e+00,6.666666666569653898e-02,2.000000000007275958e-01,-4.199999999998908606e+00,9.333333333343034610e-01,-2.200000000002546585e+00,1.000000000000000000e+00,-1.666666666666060337e+00,-6.333333333332120674e+00,1.000000000000000000e+00,-7.999999999992724042e-01,-3.333333333333939663e+00,-1.333333333332120674e-01,8.000000000010913936e-01,-5.600000000000363798e+00,-7.999999999992724042e-01,5.999999999985448085e-01,9.333333333324844716e-01,3.266666666666424135e+00,1.266666666666424135e+00,2.000000000007275958e-01,-1.533333333334667259e+00,-1.799999999997453415e+00,5.333333333310292801e-01,-1.066666666667515528e+00,-2.466666666665332741e+00,-2.600000000000363798e+00,1.000000000000000000e+00,-3.333333333321206737e-01,1.599999999998544808e+00,1.466666666667151731e+00,-2.133333333333212067e+00,-4.066666666667515528e+00,-4.733333333331756876e+00,-5.000000000000000000e+00,6.666666666660603369e-01,-1.533333333332848269e+00,1.866666666666787933e+00,6.000000000003637979e-01,-4.399999999999636202e+00,1.600000000000363798e+00,2.666666666664241347e-01,-2.666666666666060337e+00,-2.333333333333939663e+00,1.666666666666060337e+00,-3.799999999999272404e+00,-2.600000000000363798e+00,-6.000000000003637979e-01,1.199999999998908606e+00,-7.999999999992724042e-01,-8.666666666667879326e-01,-4.533333333331029280e+00,-1.466666666667151731e+00,-1.200000000000727596e+00,4.133333333333212067e+00,-4.666666666653327411e-01,-4.000000000014551915e-01,-2.933333333334303461e+00,-1.266666666668243124e+00,-2.333333333332120674e+00,8.000000000010913936e-01,-2.266666666668243124e+00,2.666666666682431241e-01,-1.933333333334303461e+00,3.133333333333212067e+00,-3.466666666667151731e+00,2.200000000000727596e+00,-1.266666666666424135e+00,-9.333333333343034610e-01,-5.933333333332484472e+00,-1.866666666666787933e+00,1.199999999998908606e+00,6.666666666678793263e-01,3.333333333321206737e-01,2.000000000007275958e-01,8.666666666667879326e-01,2.533333333334667259e+00,-1.200000000000727596e+00
-2.466666666667151731e+00,-3.133333333331393078e+00,-8.399999999999636202e+00,-1.399999999997817213e+00,1.000000000000000000e+00,-4.866666666668606922e+00,-1.466666666667151731e+00,-4.266666666668243124e+00,-3.666666666666060337e+00,-2.999999999998181011e+00,-2.666666666664241347e-01,1.266666666666424135e+00,-2.133333333335031057e+00,-2.333333333333939663e+00,4.200000000000727596e+00,1.066666666665696539e+00,3.400000000001455192e+00,5.066666666667515528e+00,-2.600000000000363798e+00,-9.333333333343034610e-01,5.333333333333939663e+00,-4.533333333332848269e+00,-1.600000000002182787e+00,3.933333333336122450e+00,3.399999999995998223e+00,2.933333333336122450e+00,6.000000000003637979e-01,8.333333333332120674e+00,5.600000000000363798e+00,6.000000000003637979e-01,1.199999999998908606e+00,3.133333333335031057e+00,3.933333333332484472e+00,2.399999999999636202e+00,3.266666666666424135e+00,3.200000000000727596e+00,6.733333333333575865e+00,6.466666666667151731e+00,7.466666666667151731e+00,2.000000000000000000e+00,1.199999999998908606e+00,1.066666666667515528e+00,-4.666666666689707199e-01,-2.933333333334303461e+00,-1.333333333332120674e+00,-1.066666666665696539e+00,4.466666666667151731e+00,-4.066666666665696539e+00,4.266666666662786156e+00,6.000000000001818989e+00,-2.666666666666060337e+00,-6.666666666678793263e-01,2.133333333335031057e+00,-3.399999999999636202e+00,-1.666666666664241347e+00,3.333333333330301684e+00,2.466666666667151731e+00,7.333333333335758653e-01,3.066666666665696539e+00,1.533333333334667259e+00,7.999999999974534148e-01,-7.466666666663513752e+00,1.733333333333575865e+00,-4.733333333333575865e+00,-3.733333333335394855e+00,1.933333333334303461e+00,-7.266666666670062114e+00,-6.466666666665332741e+00,-4.866666666666787933e+00,-3.466666666665332741e+00,-5.600000000000363798e+00,-3.600000000000363798e+00,-3.399999999999636202e+00,-2.000000000000000000e+00,-6.199999999998908606e+00,4.933333333334303461e+00,3.266666666666424135e+00,-6.666666666751552839e-02,1.533333333334667259e+00,-2.600000000000363798e+00,-9.333333333343034610e-01,7.800000000001091394e+00,1.599999999998544808e+00,4.066666666663877550e+00,-6.666666666624223581e-01,3.533333333332848269e+00,-1.133333333335031057e+00,-5.333333333310292801e-01,-4.066666666667515528e+00,4.533333333332848269e+00,-5.400000000001455192e+00,-1.399999999999636202e+00,-2.733333333333575865e+00,-9.333333333324844716e-01,1.933333333332484472e+00,-2.066666666665696539e+00,-5.000000000001818989e+00,-6.000000000003637979e-01,-2.799999999997453415e+00,7.066666666665696539e+00,-1.933333333328846493e+00,1.733333333331756876e+00,-5.333333333346672589e-01,1.266666666664605145e+00,-3.800000000001091394e+00,1.333333333332120674e-01,-2.333333333332120674e+00,4.399999999999636202e+00,-3.333333333321206737e-01,-2.333333333332120674e+00,7.333333333317568759e-01,1.666666666669698316e+00,-8.000000000029103830e-01,1.200000000000727596e+00,-6.333333333333939663e+00,1.600000000000363798e+00,-3.266666666668243124e+00,-1.399999999999636202e+00,4.733333333333575865e+00,2.266666666668243124e+00,-2.933333333334303461e+00,2.000000000000000000e+00,1.333333333350310568e-01,-2.666666666664241347e-01,2.866666666664968943e+00,2.200000000000727596e+00,1.866666666666787933e+00,6.533333333331029280e+00,2.133333333333212067e+00,2.866666666668606922e+00,-1.933333333334303461e+00,3.333333333333939663e+00,1.133333333331393078e+00,-3.066666666665696539e+00,5.333333333328482695e-01,5.200000000002546585e+00,-2.200000000000727596e+00,-2.266666666666424135e+00,-8.000000000010913936e-01,-2.799999999999272404e+00,-2.000000000007275958e-01,-4.666666666666060337e+00,-1.200000000002546585e+00,-2.599999999996725819e+00,1.333333333313930780e-01,2.666666666664241347e-01,-7.999999999992724042e-01,-2.866666666664968943e+00,-3.666666666667879326e+00,-2.866666666668606922e+00,-2.999999999998181011e+00,-8.666666666649689432e-01,-3.200000000000727596e+00,3.866666666666787933e+00,-3.333333333339396631e-01,-3.266666666666424135e+00,1.933333333332484472e+00,-6.733333333331756876e+00,-4.733333333333575865e+00,-5.000000000000000000e+00,-2.733333333333575865e+00,-2.266666666668243124e+00,6.666666666751552839e-02,9.333333333343034610e-01,-3.599999999998544808e+00,-1.533333333334667259e+00,-4.000000000014551915e-01,-1.533333333332848269e+00,-3.000000000000000000e+00,2.399999999999636202e+00,1.466666666667151731e+00,-2.799999999999272404e+00,3.266666666666424135e+00,-3.999999999978172127e-01,-5.200000000002546585e+00,-2.066666666665696539e+00,2.799999999999272404e+00,-2.333333333333939663e+00,2.666666666682431241e-01,3.000000000000000000e+00,-2.133333333335031057e+00,-4.666666666653327411e-01,-7.333333333335758653e-01,-1.133333333333212067e+00,-3.666666666666060337e+00,-2.933333333334303461e+00,-3.133333333335031057e+00,-1.066666666665696539e+00,3.466666666663513752e+00,4.800000000001091394e+00,6.666666666751552839e-02,-6.866666666666787933e+00,5.400000000003274181e+00,1.999999999989086064e-01,-3.466666666667151731e+00,-1.866666666666787933e+00,6.666666666642413475e-01,1.333333333350310568e-01,-8.666666666667879326e-01,-4.666666666666060337e+00,-5.466666666667151731e+00,2.400000000003274181e+00,-2.266666666668243124e+00,1.000000000001818989e+00,1.199999999995270628e+00,2.600000000000363798e+00,4.266666666664605145e+00,-3.333333333332120674e+00,1.933333333334303461e+00,6.000000000021827873e-01,2.400000000001455192e+00,7.333333333353948547e-01,2.133333333331393078e+00,-6.000000000021827873e-01,2.266666666666424135e+00,2.666666666664241347e-01,-9.333333333343034610e-01,-2.866666666664968943e+00,-5.066666666665696539e+00,1.333333333332120674e+00,-9.333333333324844716e-01,-1.133333333333212067e+00,-5.333333333333939663e+00,-5.733333333335394855e+00,-1.399999999999636202e+00,-3.733333333333575865e+00,-1.066666666665696539e+00,-9.333333333324844716e-01,2.666666666664241347e-01,-8.000000000010913936e-01,2.599999999998544808e+00,-9.333333333324844716e-01,2.466666666667151731e+00,1.733333333333575865e+00,-5.999999999985448085e-01,4.666666666671517305e-01,1.933333333334303461e+00,4.466666666667151731e+00,4.133333333331393078e+00,4.533333333334667259e+00,2.666666666664241347e+00,-2.333333333332120674e+00,-1.466666666667151731e+00,-4.533333333332848269e+00,-2.399999999999636202e+00,-4.000000000014551915e-01,4.399999999999636202e+00,-2.133333333331393078e+00,-3.600000000000363798e+00,-4.266666666666424135e+00,-3.400000000001455192e+00,-5.000000000001818989e+00,-3.599999999998544808e+00,-3.266666666666424135e+00,-5.400000000001455192e+00,-1.533333333332848269e+00,-3.333333333330301684e+00,1.333333333313930780e-01,2.533333333332848269e+00,2.200000000000727596e+00,-9.333333333324844716e-01,-4.733333333333575865e+00,-6.666666666751552839e-02,3.466666666667151731e+00,-1.133333333333212067e+00,-5.333333333328482695e-01,-2.666666666682431241e-01,3.600000000002182787e+00,-7.333333333335758653e-01,5.466666666663513752e+00,-1.999999999989086064e-01,4.600000000000363798e+00,1.133333333333212067e+00,-5.399999999999636202e+00,-1.533333333334667259e+00,-1.399999999999636202e+00,1.333333333332120674e-01,0.000000000000000000e+00,-1.933333333332484472e+00,-1.466666666667151731e+00,-3.533333333334667259e+00,2.000000000007275958e-01,-3.999999999998181011e+00,-4.000000000000000000e+00,-8.800000000001091394e+00,-5.399999999997817213e+00,-4.333333333333939663e+00,-7.666666666666060337e+00,2.933333333334303461e+00,-1.333333333350310568e-01,-3.600000000000363798e+00,-5.933333333332484472e+00,-7.333333333335758653e-01,-4.466666666667151731e+00,-2.400000000001455192e+00,-3.533333333331029280e+00,-3.600000000000363798e+00,-5.200000000000727596e+00,5.333333333328482695e-01,-3.333333333321206737e-01,3.599999999998544808e+00,1.866666666666787933e+00,-6.666666666660603369e-01,-1.333333333332120674e+00,-3.533333333332848269e+00,3.266666666664605145e+00,3.000000000001818989e+00,1.466666666663513752e+00,1.066666666667515528e+00,1.818989403545856476e-12,2.466666666665332741e+00,4.000000000000000000e+00,3.866666666666787933e+00,1.266666666666424135e+00
-1.933333333332484472e+00,3.066666666665696539e+00,-2.333333333332120674e+00,7.333333333353948547e-01,-2.733333333333575865e+00,-5.666666666667879326e+00,1.333333333332120674e-01,-1.266666666666424135e+00,3.333333333339396631e-01,-3.466666666667151731e+00,-3.800000000001091394e+00,-6.666666666387754958e-02,4.133333333335031057e+00,3.199999999997089617e+00,2.533333333334667259e+00,1.866666666664968943e+00,2.133333333335031057e+00,4.066666666665696539e+00,2.666666666682431241e-01,4.666666666635137517e-01,6.600000000002182787e+00,4.733333333331756876e+00,2.066666666667515528e+00,2.000000000000000000e+00,1.600000000000363798e+00,1.933333333334303461e+00,3.599999999998544808e+00,2.599999999998544808e+00,2.933333333334303461e+00,4.000000000000000000e+00,5.266666666666424135e+00,1.800000000001091394e+00,4.066666666665696539e+00,3.866666666666787933e+00,5.733333333331756876e+00,-1.199999999998908606e+00,-2.466666666667151731e+00,3.200000000000727596e+00,2.000000000025465852e-01,4.533333333332848269e+00,1.066666666663877550e+00,8.666666666686069220e-01,6.999999999996362021e+00,1.000000000003637979e+00,-6.666666666933451779e-02,-3.333333333303016843e-01,2.600000000000363798e+00,-7.333333333332120674e+00,2.666666666667879326e+00,-4.000000000014551915e-01,1.866666666666787933e+00,2.399999999999636202e+00,-5.399999999999636202e+00,3.199999999997089617e+00,-3.266666666668243124e+00,1.533333333334667259e+00,2.933333333334303461e+00,-3.933333333334303461e+00,5.333333333346672589e-01,2.000000000025465852e-01,-1.066666666669334518e+00,-6.733333333331756876e+00,8.733333333333575865e+00,-4.666666666667879326e+00,1.266666666668243124e+00,-3.600000000000363798e+00,-2.333333333335758653e+00,-1.333333333332120674e-01,-1.866666666666787933e+00,-2.933333333334303461e+00,-6.666666666678793263e-01,-4.866666666666787933e+00,-1.533333333331029280e+00,-4.333333333332120674e+00,7.333333333335758653e-01,5.333333333328482695e-01,4.066666666665696539e+00,-6.400000000001455192e+00,-3.999999999996362021e-01,-5.799999999999272404e+00,1.000000000000000000e+00,-8.000000000010913936e-01,4.800000000002910383e+00,-2.799999999999272404e+00,4.799999999997453415e+00,-2.733333333331756876e+00,2.133333333333212067e+00,2.666666666664241347e-01,6.333333333335758653e+00,-2.466666666667151731e+00,-1.666666666667879326e+00,3.333333333321206737e-01,3.466666666667151731e+00,3.066666666667515528e+00,1.799999999999272404e+00,-4.799999999999272404e+00,5.000000000000000000e+00,6.666666666660603369e-01,1.333333333313930780e-01,-1.333333333333939663e+00,8.666666666649689432e-01,2.866666666670425911e+00,1.266666666664605145e+00,-2.866666666663149954e+00,-7.999999999992724042e-01,-1.066666666667515528e+00,-1.466666666668970720e+00,-6.066666666665696539e+00,-1.733333333333575865e+00,4.000000000000000000e+00,7.066666666665696539e+00,-7.933333333330665482e+00,-2.799999999999272404e+00,4.733333333331756876e+00,-3.266666666668243124e+00,1.133333333335031057e+00,-7.666666666664241347e+00,1.333333333332120674e+00,-6.666666666751552839e-02,3.800000000001091394e+00,1.733333333331756876e+00,-1.333333333332120674e-01,9.066666666663877550e+00,-6.666666666751552839e-02,1.533333333334667259e+00,-5.800000000001091394e+00,3.666666666667879326e+00,2.733333333335394855e+00,-6.866666666666787933e+00,6.666666666569653898e-02,2.800000000001091394e+00,7.999999999992724042e-01,-3.599999999998544808e+00,-3.599999999998544808e+00,-1.066666666667515528e+00,2.399999999999636202e+00,-5.133333333331393078e+00,-4.333333333335758653e+00,1.333333333332120674e+00,-6.133333333333212067e+00,6.666666666642413475e-01,-1.533333333331029280e+00,-4.533333333334667259e+00,-2.000000000000000000e+00,-8.666666666649689432e-01,-4.266666666668243124e+00,2.600000000002182787e+00,-1.399999999999636202e+00,3.000000000001818989e+00,-6.266666666668243124e+00,-5.466666666667151731e+00,3.466666666667151731e+00,2.000000000007275958e-01,-5.266666666668243124e+00,-1.266666666666424135e+00,-2.199999999998908606e+00,-2.333333333333939663e+00,-2.199999999998908606e+00,-1.333333333350310568e-01,1.333333333333939663e+00,-5.133333333333212067e+00,-1.600000000000363798e+00,-4.666666666666060337e+00,-5.066666666667515528e+00,2.266666666668243124e+00,1.399999999997817213e+00,-2.000000000007275958e-01,-5.466666666665332741e+00,9.333333333324844716e-01,3.133333333333212067e+00,1.999999999989086064e-01,2.133333333331393078e+00,-2.999999999998181011e+00,6.666666666933451779e-02,1.333333333332120674e-01,4.066666666663877550e+00,7.999999999992724042e-01,1.133333333333212067e+00,7.533333333334667259e+00,-6.666666666696983157e-01,-5.333333333332120674e+00,-2.000000000000000000e+00,5.066666666667515528e+00,-2.733333333333575865e+00,-1.933333333330665482e+00,2.733333333333575865e+00,-6.199999999998908606e+00,2.799999999999272404e+00,2.933333333332484472e+00,-1.733333333331756876e+00,1.533333333334667259e+00,-2.400000000001455192e+00,2.466666666667151731e+00,-6.599999999998544808e+00,-3.333333333357586525e-01,4.466666666665332741e+00,1.133333333333212067e+00,-6.266666666664605145e+00,-6.000000000003637979e-01,-2.666666666669698316e+00,-6.799999999999272404e+00,1.666666666666060337e+00,-3.866666666666787933e+00,-6.600000000000363798e+00,-7.999999999992724042e-01,-3.533333333332848269e+00,-6.000000000021827873e-01,-2.799999999999272404e+00,7.333333333317568759e-01,-4.933333333332484472e+00,-2.666666666646051453e-01,1.600000000000363798e+00,5.333333333328482695e-01,1.600000000000363798e+00,-3.399999999999636202e+00,1.466666666665332741e+00,1.866666666666787933e+00,2.666666666664241347e+00,2.466666666668970720e+00,-2.933333333332484472e+00,-3.199999999997089617e+00,-3.799999999999272404e+00,7.333333333335758653e-01,-6.066666666669334518e+00,2.933333333334303461e+00,-5.400000000001455192e+00,-5.533333333332848269e+00,7.333333333353948547e-01,-5.600000000000363798e+00,2.533333333332848269e+00,2.666666666664241347e-01,-1.333333333333939663e+00,-6.000000000021827873e-01,-3.133333333331393078e+00,2.533333333332848269e+00,-5.333333333332120674e+00,3.999999999996362021e-01,-1.933333333334303461e+00,-6.666666666751552839e-02,-3.399999999999636202e+00,-5.666666666667879326e+00,-8.666666666667879326e-01,-5.333333333333939663e+00,2.733333333331756876e+00,-4.866666666664968943e+00,-1.599999999996725819e+00,-3.066666666665696539e+00,-3.266666666666424135e+00,7.333333333335758653e-01,8.000000000010913936e-01,8.333333333333939663e+00,-6.666666666751552839e-02,2.133333333333212067e+00,1.019999999999890861e+01,3.666666666667879326e+00,5.399999999997817213e+00,-1.666666666666060337e+00,1.333333333333939663e+00,1.999999999998181011e+00,2.533333333332848269e+00,-1.266666666664605145e+00,1.399999999997817213e+00,-2.199999999998908606e+00,-9.333333333343034610e-01,-5.266666666668243124e+00,-4.533333333332848269e+00,-8.000000000010913936e-01,9.333333333343034610e-01,-1.293333333333430346e+01,-2.800000000001091394e+00,-1.999999999970896170e-01,-2.266666666666424135e+00,-2.600000000000363798e+00,-1.733333333333575865e+00,1.933333333332484472e+00,2.666666666667879326e+00,-1.799999999999272404e+00,2.533333333332848269e+00,-6.000000000003637979e-01,-7.333333333335758653e-01,-2.666666666666060337e+00,3.800000000001091394e+00,-7.333333333335758653e-01,5.133333333335031057e+00,1.599999999998544808e+00,3.999999999996362021e-01,3.333333333332120674e+00,-1.399999999999636202e+00,-3.733333333335394855e+00,-2.199999999997089617e+00,-4.000000000000000000e+00,2.866666666668606922e+00,2.666666666666060337e+00,-1.000000000000000000e+00,2.199999999997089617e+00,2.733333333333575865e+00,-1.266666666666424135e+00,-1.666666666667879326e+00,1.333333333350310568e-01,-3.799999999999272404e+00,-1.800000000001091394e+00,3.333333333339396631e-01,2.666666666667879326e+00,1.533333333332848269e+00,-6.666666666678793263e-01,4.733333333333575865e+00,-5.533333333332848269e+00,1.999999999989086064e-01,5.133333333333212067e+00,-7.333333333353948547e-01,2.666666666664241347e-01,-3.599999999994906830e+00,-3.000000000003637979e+00,-3.533333333332848269e+00
-1.000000000000000000e+00,-3.066666666665696539e+00,-2.200000000000727596e+00,-3.666666666667879326e+00,2.133333333335031057e+00,6.666666666660603369e-01,-2.600000000000363798e+00,-7.466666666665332741e+00,3.733333333329937886e+00,-5.599999999996725819e+00,-2.066666666669334518e+00,-3.866666666664968943e+00,-4.666666666653327411e-01,-2.866666666666787933e+00,8.000000000000000000e+00,6.466666666667151731e+00,3.333333333332120674e+00,3.066666666667515528e+00,4.466666666668970720e+00,-6.000000000021827873e-01,2.333333333332120674e+00,5.333333333364862483e-01,2.733333333331756876e+00,8.066666666667515528e+00,6.933333333332484472e+00,5.199999999998908606e+00,8.066666666665696539e+00,2.933333333334303461e+00,-2.733333333333575865e+00,-1.533333333332848269e+00,-4.666666666671517305e-01,4.666666666667879326e+00,4.266666666666424135e+00,-5.333333333310292801e-01,3.199999999998908606e+00,2.799999999999272404e+00,8.599999999996725819e+00,5.333333333332120674e+00,3.866666666666787933e+00,2.466666666667151731e+00,-3.733333333331756876e+00,3.200000000000727596e+00,1.933333333334303461e+00,5.399999999997817213e+00,-1.999999999989086064e-01,-1.333333333335758653e+00,8.000000000010913936e-01,-1.533333333332848269e+00,5.200000000000727596e+00,1.533333333332848269e+00,-5.733333333329937886e+00,-6.800000000001091394e+00,0.000000000000000000e+00,-3.933333333334303461e+00,-1.399999999999636202e+00,4.733333333331756876e+00,-2.000000000000000000e+00,1.866666666666787933e+00,7.333333333335758653e-01,5.999999999985448085e-01,-3.666666666664241347e+00,-1.466666666668970720e+00,-1.399999999999636202e+00,-3.999999999996362021e-01,-7.666666666667879326e+00,3.933333333332484472e+00,2.666666666666060337e+00,-1.866666666666787933e+00,2.000000000043655746e-01,-2.399999999999636202e+00,-4.000000000014551915e-01,-1.266666666664605145e+00,-1.933333333332484472e+00,6.666666666660603369e-01,4.266666666668243124e+00,7.333333333333939663e+00,3.799999999997453415e+00,-1.200000000000727596e+00,-1.533333333332848269e+00,7.000000000000000000e+00,1.799999999999272404e+00,-4.000000000014551915e-01,-6.666666666569653898e-02,3.333333333321206737e-01,1.000000000001818989e+00,-6.666666666660603369e-01,3.000000000001818989e+00,5.333333333328482695e-01,1.666666666666060337e+00,-1.466666666667151731e+00,-1.000000000001818989e+00,-1.399999999999636202e+00,5.399999999999636202e+00,-4.666666666671517305e-01,-8.666666666667879326e-01,-7.000000000001818989e+00,-3.200000000000727596e+00,1.533333333336486248e+00,-1.666666666666060337e+00,1.599999999998544808e+00,9.333333333343034610e-01,-4.200000000000727596e+00,-2.733333333333575865e+00,-3.533333333332848269e+00,-5.199999999998908606e+00,-3.866666666664968943e+00,1.999999999989086064e-01,-5.000000000000000000e+00,-1.266666666666424135e+00,-9.333333333343034610e-01,4.533333333332848269e+00,9.333333333343034610e-01,3.333333333339396631e-01,3.599999999998544808e+00,-3.666666666666060337e+00,-6.666666666569653898e-02,2.733333333333575865e+00,-1.333333333350310568e-01,-7.333333333335758653e-01,-6.666666666387754958e-02,5.533333333331029280e+00,-2.333333333333939663e+00,1.866666666666787933e+00,8.666666666667879326e-01,1.066666666665696539e+00,3.133333333333212067e+00,3.799999999999272404e+00,2.733333333333575865e+00,-2.933333333334303461e+00,1.666666666667879326e+00,-4.600000000000363798e+00,-1.066666666667515528e+00,-2.999999999998181011e+00,3.399999999999636202e+00,3.600000000002182787e+00,5.333333333310292801e-01,1.200000000000727596e+00,-3.999999999978172127e-01,5.333333333310292801e-01,-7.133333333333212067e+00,-4.333333333333939663e+00,-3.799999999999272404e+00,-4.000000000000000000e+00,-6.199999999998908606e+00,3.133333333331393078e+00,1.266666666668243124e+00,-1.600000000000363798e+00,-1.399999999999636202e+00,-9.000000000000000000e+00,-5.066666666665696539e+00,-9.199999999998908606e+00,-4.333333333335758653e+00,-1.266666666666424135e+00,-2.666666666666060337e+00,1.399999999999636202e+00,-2.799999999997453415e+00,2.666666666664241347e-01,-3.133333333333212067e+00,4.399999999997817213e+00,-6.799999999999272404e+00,-3.333333333357586525e-01,-1.333333333333939663e+00,5.399999999999636202e+00,2.600000000000363798e+00,4.200000000002546585e+00,2.733333333333575865e+00,6.266666666666424135e+00,-2.533333333332848269e+00,6.666666666387754958e-02,3.200000000000727596e+00,4.733333333333575865e+00,-1.066666666667515528e+00,1.466666666667151731e+00,-1.733333333331756876e+00,1.733333333333575865e+00,5.333333333346672589e-01,9.333333333306654822e-01,-5.666666666666060337e+00,3.733333333333575865e+00,-2.066666666667515528e+00,-2.400000000001455192e+00,-7.533333333332848269e+00,1.466666666665332741e+00,-1.333333333332120674e-01,-8.666666666667879326e-01,-3.933333333332484472e+00,1.066666666667515528e+00,-1.799999999999272404e+00,-5.199999999998908606e+00,-2.400000000001455192e+00,-1.599999999998544808e+00,-2.600000000000363798e+00,1.333333333350310568e-01,-1.400000000001455192e+00,-6.266666666668243124e+00,6.666666666751552839e-02,-4.000000000000000000e+00,-3.000000000003637979e+00,-1.999999999996362021e+00,-3.200000000000727596e+00,-5.000000000000000000e+00,-7.399999999999636202e+00,1.199999999998908606e+00,2.666666666667879326e+00,-1.133333333333212067e+00,9.333333333324844716e-01,2.799999999999272404e+00,-4.666666666653327411e-01,-2.866666666666787933e+00,3.133333333333212067e+00,1.866666666666787933e+00,6.000000000000000000e+00,3.733333333331756876e+00,-5.333333333328482695e-01,4.333333333333939663e+00,4.333333333333939663e+00,5.666666666666060337e+00,-1.600000000000363798e+00,4.799999999999272404e+00,-3.133333333331393078e+00,6.666666666569653898e-02,-2.066666666665696539e+00,2.066666666667515528e+00,3.200000000002546585e+00,1.133333333331393078e+00,-1.533333333334667259e+00,-1.933333333332484472e+00,-4.600000000000363798e+00,-4.066666666667515528e+00,-3.733333333331756876e+00,-1.818989403545856476e-12,-4.399999999999636202e+00,-6.133333333335031057e+00,-3.600000000000363798e+00,5.066666666667515528e+00,-4.666666666666060337e+00,-5.866666666664968943e+00,-1.133333333335031057e+00,-6.066666666665696539e+00,-1.666666666666060337e+00,-3.133333333331393078e+00,-2.399999999999636202e+00,1.999999999989086064e-01,3.533333333331029280e+00,-5.466666666663513752e+00,-1.933333333336122450e+00,-6.666666666660603369e-01,2.666666666666060337e+00,-2.399999999999636202e+00,7.999999999992724042e-01,-2.666666666664241347e-01,5.533333333332848269e+00,-1.000000000000000000e+00,3.333333333333939663e+00,-2.466666666668970720e+00,-7.999999999974534148e-01,1.599999999998544808e+00,1.399999999999636202e+00,2.933333333334303461e+00,4.533333333332848269e+00,-3.533333333332848269e+00,1.266666666666424135e+00,8.666666666686069220e-01,-1.066666666665696539e+00,-4.200000000000727596e+00,-3.333333333321206737e-01,-2.600000000000363798e+00,-6.666666666678793263e-01,-1.266666666668243124e+00,3.266666666666424135e+00,-5.333333333328482695e-01,1.333333333313930780e-01,-1.666666666666060337e+00,-3.333333333332120674e+00,-3.600000000000363798e+00,1.133333333333212067e+00,-1.333333333330301684e+00,-2.000000000000000000e+00,9.999999999981810106e-01,7.999999999992724042e-01,9.333333333324844716e-01,-1.333333333333939663e+00,-4.799999999999272404e+00,-2.600000000002182787e+00,-3.066666666665696539e+00,-1.333333333332120674e+00,-4.133333333333212067e+00,1.733333333333575865e+00,-5.866666666666787933e+00,1.866666666668606922e+00,-1.266666666666424135e+00,1.333333333313930780e-01,-1.666666666666060337e+00,-4.000000000014551915e-01,-1.199999999997089617e+00,-1.818989403545856476e-12,6.666666666678793263e-01,5.666666666666060337e+00,4.666666666671517305e-01,-1.933333333334303461e+00,9.333333333343034610e-01,-2.266666666666424135e+00,-2.066666666667515528e+00,5.533333333332848269e+00,-5.333333333328482695e-01,1.466666666667151731e+00,-3.600000000000363798e+00,8.666666666667879326e-01,-3.733333333333575865e+00,-1.000000000000000000e+00,-3.999999999996362021e-01,4.666666666653327411e-01,-4.866666666664968943e+00,-3.933333333332484472e+00
-5.533333333334667259e+00,-1.666666666666060337e+00,-3.400000000003274181e+00,5.600000000000363798e+00,4.000000000014551915e-01,1.066666666667515528e+00,2.733333333335394855e+00,-4.466666666667151731e+00,-2.333333333333939663e+00,-2.933333333334303461e+00,-2.399999999999636202e+00,-3.799999999999272404e+00,-9.333333333324844716e-01,3.399999999999636202e+00,1.559999999999672582e+01,1.833333333333575865e+01,1.393333333333066548e+01,1.813333333333321207e+01,1.133333333333212067e+01,1.713333333333503106e+01,1.753333333333284827e+01,1.700000000000181899e+01,1.986666666666678793e+01,1.580000000000109139e+01,2.266666666666606034e+01,1.419999999999890861e+01,2.219999999999890861e+01,1.240000000000145519e+01,1.126666666666642413e+01,6.533333333332848269e+00,2.066666666667515528e+00,1.600000000000363798e+00,-2.666666666682431241e-01,-2.866666666668606922e+00,-2.933333333330665482e+00,-2.533333333334667259e+00,-3.066666666667515528e+00,-8.666666666667879326e-01,-7.333333333317568759e-01,-4.533333333332848269e+00,-7.333333333317568759e-01,-7.199999999997089617e+00,-4.266666666668243124e+00,-4.866666666666787933e+00,-6.266666666668243124e+00,-5.133333333335031057e+00,-5.000000000000000000e+00,-2.266666666666424135e+00,-6.200000000002546585e+00,-1.866666666666787933e+00,-4.933333333330665482e+00,-6.466666666665332741e+00,-3.466666666668970720e+00,-3.533333333332848269e+00,-4.266666666666424135e+00,-5.333333333333939663e+00,-3.000000000000000000e+00,2.000000000001818989e+00,-1.266666666664605145e+00,1.333333333330301684e+00,-2.866666666664968943e+00,-2.533333333334667259e+00,-4.999999999998181011e+00,8.666666666649689432e-01,-4.733333333335394855e+00,-2.399999999999636202e+00,-7.333333333317568759e-01,-5.466666666667151731e+00,-2.599999999998544808e+00,1.066666666667515528e+00,3.200000000000727596e+00,-4.133333333333212067e+00,-3.866666666668606922e+00,-2.266666666664605145e+00,-2.466666666667151731e+00,-2.133333333335031057e+00,2.733333333333575865e+00,1.533333333331029280e+00,-6.666666666660603369e-01,9.999999999981810106e-01,2.000000000000000000e+00,2.066666666665696539e+00,2.000000000025465852e-01,-3.266666666666424135e+00,1.000000000001818989e+00,-8.666666666649689432e-01,3.999999999978172127e-01,1.400000000001455192e+00,2.666666666664241347e-01,-1.666666666667879326e+00,-4.266666666668243124e+00,3.333333333332120674e+00,1.933333333336122450e+00,1.333333333332120674e+00,1.999999999998181011e+00,-3.066666666663877550e+00,6.000000000003637979e-01,2.666666666646051453e-01,5.000000000001818989e+00,-6.666666666933451779e-02,-2.200000000000727596e+00,3.933333333336122450e+00,3.333333333321206737e-01,5.400000000001455192e+00,-2.133333333333212067e+00,2.333333333333939663e+00,-5.000000000001818989e+00,-3.466666666667151731e+00,-3.199999999998908606e+00,-2.933333333334303461e+00,1.200000000000727596e+00,3.999999999996362021e-01,-1.200000000000727596e+00,-2.866666666664968943e+00,-5.066666666665696539e+00,-1.799999999999272404e+00,-4.799999999999272404e+00,-1.666666666666060337e+00,-8.533333333336486248e+00,1.000000000000000000e+00,1.799999999999272404e+00,-2.333333333333939663e+00,-5.333333333310292801e-01,4.666666666666060337e+00,1.733333333333575865e+00,-3.333333333332120674e+00,-7.800000000001091394e+00,-2.066666666665696539e+00,-5.600000000000363798e+00,-2.000000000000000000e+00,1.333333333350310568e-01,-2.666666666666060337e+00,-3.333333333339396631e-01,-2.133333333333212067e+00,-1.000000000000000000e+00,-2.200000000002546585e+00,-6.133333333333212067e+00,-2.133333333333212067e+00,-4.199999999998908606e+00,-8.400000000001455192e+00,-1.066666666665696539e+00,-2.000000000007275958e-01,-2.600000000002182787e+00,5.133333333335031057e+00,-2.666666666664241347e-01,-1.466666666667151731e+00,4.666666666671517305e-01,-4.933333333332484472e+00,-6.666666666660603369e-01,-3.266666666666424135e+00,-7.266666666666424135e+00,3.066666666667515528e+00,-4.000000000014551915e-01,-2.933333333332484472e+00,-1.266666666668243124e+00,-2.133333333333212067e+00,-1.999999999989086064e-01,3.799999999997453415e+00,-7.133333333333212067e+00,2.000000000001818989e+00,-5.066666666667515528e+00,-6.533333333332848269e+00,-3.066666666665696539e+00,-1.866666666666787933e+00,1.333333333332120674e-01,3.666666666667879326e+00,-5.333333333346672589e-01,-1.200000000000727596e+00,-2.733333333333575865e+00,1.199999999998908606e+00,-2.933333333332484472e+00,-3.333333333333939663e+00,-1.200000000000727596e+00,-1.533333333332848269e+00,-6.200000000000727596e+00,3.200000000000727596e+00,2.466666666665332741e+00,3.800000000002910383e+00,2.866666666666787933e+00,-6.333333333333939663e+00,-1.466666666667151731e+00,-2.200000000000727596e+00,-4.266666666666424135e+00,-1.533333333332848269e+00,2.666666666664241347e-01,-1.266666666666424135e+00,2.200000000000727596e+00,-3.066666666665696539e+00,1.133333333333212067e+00,-3.466666666667151731e+00,-6.933333333334303461e+00,-1.133333333335031057e+00,-7.466666666667151731e+00,-5.333333333333939663e+00,2.666666666669698316e+00,-5.000000000000000000e+00,-1.866666666668606922e+00,7.999999999992724042e-01,-2.466666666665332741e+00,-6.666666666678793263e-01,3.133333333335031057e+00,-3.533333333332848269e+00,-3.733333333331756876e+00,-4.000000000000000000e+00,7.333333333317568759e-01,3.533333333334667259e+00,-1.066666666667515528e+00,-6.666666666569653898e-02,-7.333333333353948547e-01,6.133333333335031057e+00,5.200000000000727596e+00,-5.333333333346672589e-01,-5.333333333328482695e-01,3.733333333333575865e+00,-3.266666666666424135e+00,-5.133333333333212067e+00,-3.000000000000000000e+00,2.333333333332120674e+00,4.066666666665696539e+00,6.666666666660603369e-01,-2.599999999998544808e+00,-1.333333333333939663e+00,2.133333333336850046e+00,-1.200000000002546585e+00,-5.800000000001091394e+00,-6.000000000000000000e+00,-2.733333333335394855e+00,-2.333333333332120674e+00,2.666666666664241347e-01,2.666666666666060337e+00,-6.666666666660603369e-01,-1.133333333333212067e+00,-8.466666666665332741e+00,-7.666666666666060337e+00,-1.333333333333939663e+00,2.799999999999272404e+00,2.333333333332120674e+00,-3.999999999998181011e+00,-2.000000000001818989e+00,-7.066666666665696539e+00,3.600000000002182787e+00,-2.466666666667151731e+00,-2.933333333332484472e+00,-4.133333333333212067e+00,-5.066666666665696539e+00,1.599999999998544808e+00,-1.333333333350310568e-01,1.599999999998544808e+00,3.333333333339396631e-01,-3.599999999998544808e+00,-5.399999999999636202e+00,-5.333333333346672589e-01,1.399999999999636202e+00,-1.799999999997453415e+00,3.799999999999272404e+00,-6.333333333333939663e+00,1.066666666665696539e+00,-1.933333333334303461e+00,-4.066666666667515528e+00,-1.466666666663513752e+00,-1.818989403545856476e-12,3.333333333333939663e+00,3.466666666667151731e+00,2.800000000001091394e+00,1.466666666665332741e+00,-3.533333333332848269e+00,-6.066666666665696539e+00,-1.466666666667151731e+00,-5.333333333328482695e-01,-2.400000000001455192e+00,2.266666666666424135e+00,-1.666666666664241347e+00,1.399999999999636202e+00,2.333333333333939663e+00,2.533333333332848269e+00,-3.666666666666060337e+00,-6.666666666666060337e+00,-9.333333333343034610e-01,8.666666666667879326e-01,-1.799999999999272404e+00,2.399999999999636202e+00,3.533333333331029280e+00,-6.000000000003637979e-01,-3.333333333321206737e-01,-2.399999999999636202e+00,-4.200000000000727596e+00,6.666666666678793263e-01,1.733333333329937886e+00,-6.000000000021827873e-01,-5.733333333329937886e+00,-2.533333333334667259e+00,1.466666666667151731e+00,-4.133333333333212067e+00,-1.200000000000727596e+00,-1.466666666665332741e+00,-2.266666666664605145e+00,-5.333333333333939663e+00,-4.000000000014551915e-01,-6.666666666569653898e-02,-1.066666666667515528e+00,-2.666666666664241347e-01,1.333333333332120674e-01,-3.733333333331756876e+00,-2.733333333335394855e+00,-2.733333333333575865e+00,2.666666666682431241e-01,-2.666666666682431241e-01,-7.999999999992724042e-01,-6.266666666666424135e+00,1.333333333333939663e+00,-2.333333333333939663e+00,-6.000000000003637979e-01,-2.933333333332484472e+00,-5.066666666667515528e+00
2.200000000000727596e+00,1.199999999998908606e+00,5.333333333328482695e-01,1.066666666669334518e+00,-6.666666666751552839e-02,-4.600000000000363798e+00,-3.466666666667151731e+00,8.666666666667879326e-01,-4.133333333333212067e+00,-9.333333333343034610e-01,1.333333333313930780e-01,-4.666666666671517305e-01,-3.066666666667515528e+00,-1.466666666665332741e+00,3.466666666667151731e+00,9.333333333343034610e-01,6.266666666666424135e+00,7.466666666667151731e+00,7.933333333334303461e+00,6.466666666665332741e+00,1.000000000000000000e+01,1.366666666666787933e+01,6.999999999998181011e+00,1.046666666666897072e+01,1.366666666666424135e+01,1.266666666666787933e+01,1.266666666666787933e+01,7.933333333332484472e+00,9.799999999999272404e+00,2.399999999999636202e+00,8.133333333333212067e+00,4.200000000000727596e+00,3.066666666667515528e+00,4.333333333333939663e+00,3.866666666666787933e+00,3.466666666665332741e+00,1.066666666665696539e+00,3.200000000002546585e+00,2.133333333331393078e+00,1.466666666665332741e+00,-3.333333333330301684e+00,-6.066666666667515528e+00,3.666666666666060337e+00,-3.000000000001818989e+00,9.333333333343034610e-01,-4.199999999998908606e+00,-1.799999999999272404e+00,-2.866666666666787933e+00,-1.733333333333575865e+00,-1.666666666666060337e+00,-1.933333333334303461e+00,1.333333333350310568e-01,-5.733333333337213844e+00,-3.666666666666060337e+00,-4.666666666666060337e+00,2.066666666667515528e+00,1.666666666666060337e+00,-9.399999999999636202e+00,-5.333333333328482695e-01,-6.000000000003637979e-01,-4.466666666665332741e+00,-4.200000000000727596e+00,-2.066666666665696539e+00,-8.666666666686069220e-01,-2.666666666666060337e+00,-1.933333333334303461e+00,-8.066666666665696539e+00,2.733333333333575865e+00,-2.733333333335394855e+00,-2.133333333333212067e+00,-7.866666666664968943e+00,-2.933333333332484472e+00,1.466666666667151731e+00,-4.199999999998908606e+00,8.666666666667879326e-01,-1.200000000000727596e+00,1.333333333313930780e-01,1.200000000000727596e+00,-2.733333333333575865e+00,-1.933333333334303461e+00,-2.199999999998908606e+00,5.599999999998544808e+00,-3.933333333332484472e+00,-1.933333333334303461e+00,-2.066666666667515528e+00,2.866666666666787933e+00,8.000000000010913936e-01,7.333333333353948547e-01,5.533333333332848269e+00,-1.733333333331756876e+00,1.866666666664968943e+00,-2.000000000000000000e+00,-4.000000000001818989e+00,-2.266666666666424135e+00,4.466666666668970720e+00,-8.666666666667879326e-01,-6.266666666668243124e+00,1.133333333335031057e+00,-1.400000000001455192e+00,2.200000000000727596e+00,1.400000000001455192e+00,-3.666666666669698316e+00,-5.133333333331393078e+00,-1.200000000000727596e+00,-1.066666666667515528e+00,1.666666666666060337e+00,7.999999999992724042e-01,4.133333333333212067e+00,-1.600000000000363798e+00,-6.599999999998544808e+00,-6.000000000003637979e-01,-2.199999999998908606e+00,-3.933333333332484472e+00,-2.266666666666424135e+00,-4.933333333337941440e+00,-5.133333333331393078e+00,1.533333333334667259e+00,-6.000000000003637979e-01,-7.933333333332484472e+00,-3.799999999999272404e+00,-2.600000000000363798e+00,-3.133333333333212067e+00,-2.866666666668606922e+00,-1.266666666666424135e+00,-3.133333333331393078e+00,-1.933333333332484472e+00,2.000000000000000000e+00,2.333333333332120674e+00,3.000000000000000000e+00,1.800000000001091394e+00,-1.333333333368500462e-01,-5.999999999985448085e-01,1.066666666667515528e+00,-1.200000000002546585e+00,1.800000000002910383e+00,-3.200000000000727596e+00,-2.266666666668243124e+00,-2.866666666666787933e+00,-7.333333333335758653e-01,4.200000000000727596e+00,-3.199999999997089617e+00,-3.800000000002910383e+00,-6.866666666666787933e+00,-4.133333333335031057e+00,-4.666666666664241347e+00,-4.600000000000363798e+00,-4.866666666664968943e+00,-4.666666666671517305e-01,6.666666666933451779e-02,-4.800000000002910383e+00,1.866666666666787933e+00,1.066666666665696539e+00,-3.399999999999636202e+00,1.999999999989086064e-01,-4.533333333332848269e+00,-3.999999999996362021e-01,3.600000000000363798e+00,8.000000000010913936e-01,3.133333333331393078e+00,2.666666666700621136e-01,4.266666666666424135e+00,-8.666666666686069220e-01,-3.066666666665696539e+00,9.333333333324844716e-01,-3.999999999996362021e-01,-2.666666666666060337e+00,8.666666666667879326e-01,-4.666666666671517305e-01,-1.200000000000727596e+00,2.666666666664241347e-01,-1.399999999997817213e+00,-6.533333333334667259e+00,-6.666666666678793263e-01,-5.733333333333575865e+00,-1.733333333331756876e+00,-5.133333333333212067e+00,-1.000000000000000000e+00,3.266666666664605145e+00,-1.399999999999636202e+00,-2.733333333333575865e+00,-1.133333333331393078e+00,-6.066666666667515528e+00,3.466666666667151731e+00,-3.933333333332484472e+00,1.399999999999636202e+00,-2.066666666667515528e+00,1.866666666666787933e+00,2.133333333335031057e+00,-1.066666666669334518e+00,0.000000000000000000e+00,1.133333333333212067e+00,-2.399999999999636202e+00,-5.266666666664605145e+00,-4.200000000002546585e+00,1.800000000001091394e+00,9.333333333324844716e-01,2.600000000000363798e+00,-6.666666666387754958e-02,1.733333333333575865e+00,-1.000000000001818989e+00,1.466666666667151731e+00,-3.466666666667151731e+00,-3.200000000000727596e+00,-4.733333333333575865e+00,-2.200000000000727596e+00,1.999999999989086064e-01,1.933333333334303461e+00,-2.600000000000363798e+00,1.466666666667151731e+00,-4.066666666665696539e+00,-1.266666666666424135e+00,-1.533333333332848269e+00,-3.600000000000363798e+00,6.000000000003637979e-01,-3.600000000002182787e+00,2.200000000000727596e+00,-1.000000000000000000e+00,-9.333333333343034610e-01,-3.999999999996362021e-01,-1.999999999998181011e+00,-5.600000000000363798e+00,-3.333333333339396631e-01,6.666666666678793263e-01,-3.333333333339396631e-01,3.999999999996362021e-01,-3.666666666666060337e+00,9.333333333324844716e-01,-4.866666666666787933e+00,-6.333333333332120674e+00,-1.000000000000000000e+00,-6.666666666667879326e+00,1.333333333333939663e+00,-3.266666666666424135e+00,3.666666666666060337e+00,2.599999999998544808e+00,1.333333333333939663e+00,-6.666666666569653898e-02,-1.333333333332120674e-01,2.466666666667151731e+00,-5.333333333328482695e-01,-7.999999999992724042e-01,-5.133333333335031057e+00,5.600000000000363798e+00,2.466666666667151731e+00,-4.533333333334667259e+00,3.866666666668606922e+00,-5.133333333333212067e+00,-1.799999999999272404e+00,-1.866666666666787933e+00,-2.000000000043655746e-01,-3.533333333332848269e+00,-6.133333333331393078e+00,1.333333333332120674e+00,-5.266666666666424135e+00,-2.600000000000363798e+00,-3.466666666665332741e+00,2.533333333332848269e+00,-3.533333333332848269e+00,-4.666666666666060337e+00,3.333333333321206737e-01,-6.066666666667515528e+00,1.133333333333212067e+00,-9.333333333324844716e-01,2.733333333333575865e+00,-6.666666666678793263e-01,2.666666666666060337e+00,5.866666666668606922e+00,-5.066666666665696539e+00,-2.399999999999636202e+00,4.133333333331393078e+00,3.000000000000000000e+00,-5.199999999997089617e+00,-4.400000000001455192e+00,3.999999999978172127e-01,-1.666666666666060337e+00,6.066666666669334518e+00,4.666666666653327411e-01,6.666666666569653898e-02,-5.000000000000000000e+00,-6.133333333333212067e+00,-3.333333333321206737e-01,-7.733333333331756876e+00,-2.266666666670062114e+00,-6.666666666569653898e-02,-7.933333333332484472e+00,-1.333333333333939663e+00,1.066666666667515528e+00,1.133333333329574089e+00,4.666666666689707199e-01,-4.666666666671517305e-01,-8.399999999997817213e+00,-1.466666666667151731e+00,-2.333333333332120674e+00,-3.333333333339396631e-01,1.000000000000000000e+00,-3.266666666666424135e+00,3.466666666667151731e+00,2.866666666663149954e+00,-1.999999999989086064e-01,5.999999999985448085e-01,-1.799999999997453415e+00,-6.000000000021827873e-01,-7.333333333317568759e-01,3.266666666666424135e+00,2.399999999997817213e+00,1.466666666670789709e+00,-2.466666666668970720e+00,3.466666666667151731e+00,1.666666666666060337e+00,-4.666666666671517305e-01,5.333333333346672589e-01,-2.333333333333939663e+00,-4.466666666665332741e+00,-4.933333333334303461e+00
-3.333333333357586525e-01,3.333333333335758653e+00,-1.933333333336122450e+00,-5.333333333332120674e+00,-5.600000000000363798e+00,-4.000000000014551915e-01,2.133333333335031057e+00,-4.666666666671517305e-01,-3.399999999997817213e+00,8.666666666649689432e-01,-4.600000000000363798e+00,-1.866666666664968943e+00,0.000000000000000000e+00,1.666666666666060337e+00,1.060000000000036380e+01,1.119999999999890861e+01,7.400000000001455192e+00,1.586666666666678793e+01,2.006666666666569654e+01,1.879999999999927240e+01,1.840000000000145519e+01,1.653333333333466726e+01,1.933333333333212067e+01,1.779999999999927240e+01,2.066666666666787933e+01,2.039999999999963620e+01,1.893333333333248447e+01,1.639999999999963620e+01,1.106666666666751553e+01,7.000000000000000000e+00,7.399999999999636202e+00,7.799999999999272404e+00,3.733333333333575865e+00,-4.399999999999636202e+00,4.400000000001455192e+00,1.666666666666060337e+00,-1.933333333332484472e+00,9.333333333324844716e-01,1.266666666666424135e+00,2.666666666682431241e-01,-8.666666666686069220e-01,-3.333333333321206737e-01,-1.600000000002182787e+00,5.266666666670062114e+00,-4.066666666669334518e+00,-7.600000000002182787e+00,-1.199999999997089617e+00,-3.000000000000000000e+00,-3.333333333335758653e+00,-3.933333333332484472e+00,-4.333333333333939663e+00,-4.333333333332120674e+00,-6.000000000000000000e+00,-2.200000000000727596e+00,-5.000000000000000000e+00,-3.066666666665696539e+00,-3.066666666665696539e+00,-3.333333333333939663e+00,-8.200000000000727596e+00,-9.333333333324844716e-01,-5.333333333346672589e-01,-8.466666666665332741e+00,-4.266666666668243124e+00,-1.199999999997089617e+00,-5.000000000000000000e+00,-3.933333333332484472e+00,-1.200000000000727596e+00,-2.466666666670789709e+00,-1.533333333332848269e+00,-1.066666666665696539e+00,-6.133333333335031057e+00,-4.066666666667515528e+00,-4.733333333331756876e+00,-1.733333333333575865e+00,3.333333333357586525e-01,-5.000000000000000000e+00,-3.333333333339396631e-01,-6.666666666569653898e-02,2.266666666666424135e+00,4.666666666666060337e+00,1.799999999999272404e+00,3.666666666666060337e+00,5.866666666666787933e+00,1.818989403545856476e-12,1.333333333332120674e-01,4.333333333332120674e+00,6.466666666667151731e+00,7.266666666668243124e+00,6.266666666666424135e+00,2.000000000001818989e+00,9.133333333331393078e+00,1.073333333333175688e+01,3.799999999999272404e+00,5.333333333328482695e-01,-2.133333333331393078e+00,3.799999999999272404e+00,2.133333333335031057e+00,-1.000000000000000000e+00,4.399999999999636202e+00,3.000000000000000000e+00,7.533333333331029280e+00,6.000000000000000000e+00,8.666666666667879326e-01,-1.533333333332848269e+00,2.266666666666424135e+00,4.733333333333575865e+00,-7.399999999999636202e+00,5.333333333333939663e+00,8.133333333333212067e+00,6.266666666666424135e+00,3.200000000000727596e+00,1.866666666666787933e+00,3.200000000000727596e+00,-6.666666666660603369e-01,7.333333333317568759e-01,-1.066666666665696539e+00,-7.400000000003274181e+00,1.733333333335394855e+00,2.000000000007275958e-01,1.000000000000000000e+00,-2.400000000001455192e+00,7.733333333337213844e+00,-7.666666666669698316e+00,-5.933333333332484472e+00,-3.733333333333575865e+00,-6.599999999998544808e+00,-1.400000000001455192e+00,-4.133333333335031057e+00,-3.133333333331393078e+00,-1.533333333332848269e+00,-4.266666666666424135e+00,2.733333333331756876e+00,-2.333333333332120674e+00,-6.666666666751552839e-02,7.333333333335758653e-01,2.000000000007275958e-01,-3.400000000001455192e+00,3.666666666669698316e+00,2.466666666663513752e+00,-8.666666666667879326e-01,7.999999999992724042e-01,-1.466666666665332741e+00,-9.333333333343034610e-01,1.866666666666787933e+00,-2.600000000000363798e+00,6.666666666678793263e-01,-5.266666666666424135e+00,-4.466666666667151731e+00,-1.066666666665696539e+00,-4.533333333336486248e+00,-2.333333333332120674e+00,1.999999999998181011e+00,-1.199999999998908606e+00,1.933333333334303461e+00,2.000000000025465852e-01,1.133333333333212067e+00,1.866666666666787933e+00,1.999999999998181011e+00,-1.799999999999272404e+00,3.399999999997817213e+00,-9.333333333324844716e-01,4.000000000014551915e-01,-1.818989403545856476e-12,1.600000000000363798e+00,-6.666666666569653898e-02,-1.733333333333575865e+00,-8.599999999998544808e+00,-3.600000000000363798e+00,-1.180000000000291038e+01,-4.933333333332484472e+00,-1.466666666667151731e+00,-6.800000000001091394e+00,-6.199999999998908606e+00,-4.933333333332484472e+00,-3.399999999999636202e+00,-3.200000000000727596e+00,-2.599999999998544808e+00,-2.133333333333212067e+00,-6.133333333333212067e+00,-3.600000000000363798e+00,-6.399999999999636202e+00,3.399999999999636202e+00,-6.000000000021827873e-01,1.799999999999272404e+00,-1.666666666666060337e+00,-6.666666666664241347e+00,-4.000000000001818989e+00,-2.999999999998181011e+00,-3.333333333357586525e-01,-2.666666666664241347e+00,-3.933333333332484472e+00,-2.600000000000363798e+00,-3.066666666667515528e+00,3.999999999996362021e-01,-4.866666666666787933e+00,7.999999999992724042e-01,-4.266666666666424135e+00,-1.013333333333321207e+01,-2.599999999998544808e+00,-2.000000000007275958e-01,-5.333333333328482695e-01,3.333333333339396631e-01,-2.466666666667151731e+00,-3.199999999998908606e+00,-4.133333333333212067e+00,-1.733333333333575865e+00,-1.666666666667879326e+00,-3.066666666665696539e+00,-4.066666666667515528e+00,6.666666666751552839e-02,-1.333333333333939663e+00,-2.399999999997817213e+00,4.933333333332484472e+00,-4.666666666671517305e-01,-2.133333333335031057e+00,-2.666666666682431241e-01,9.333333333324844716e-01,1.133333333335031057e+00,-5.333333333328482695e-01,7.999999999992724042e-01,-2.133333333331393078e+00,-6.533333333332848269e+00,2.066666666665696539e+00,-1.333333333332120674e-01,-1.933333333336122450e+00,-5.466666666667151731e+00,-2.733333333329937886e+00,-4.333333333333939663e+00,-4.066666666665696539e+00,-6.000000000000000000e+00,-1.000000000000000000e+00,-9.333333333333939663e+00,-4.200000000000727596e+00,-2.799999999999272404e+00,-1.999999999989086064e-01,-1.133333333333212067e+00,4.800000000001091394e+00,-5.533333333334667259e+00,-2.733333333335394855e+00,-4.666666666667879326e+00,-3.066666666665696539e+00,1.000000000000000000e+00,-2.000000000000000000e+00,-1.600000000000363798e+00,-3.333333333321206737e-01,-4.266666666666424135e+00,2.333333333332120674e+00,-1.933333333332484472e+00,-7.733333333333575865e+00,-8.200000000000727596e+00,-6.533333333334667259e+00,-5.599999999998544808e+00,-3.933333333332484472e+00,-5.000000000000000000e+00,2.400000000001455192e+00,1.199999999998908606e+00,-5.266666666664605145e+00,-1.333333333335758653e+00,-5.266666666666424135e+00,-3.599999999998544808e+00,4.666666666653327411e-01,-2.133333333335031057e+00,-4.133333333333212067e+00,1.933333333334303461e+00,-3.333333333339396631e-01,3.666666666667879326e+00,2.799999999999272404e+00,-1.066666666663877550e+00,-3.000000000001818989e+00,-7.866666666668606922e+00,6.666666666660603369e-01,-5.733333333331756876e+00,-4.999999999998181011e+00,3.333333333332120674e+00,8.666666666667879326e-01,2.333333333333939663e+00,-2.133333333333212067e+00,1.533333333332848269e+00,3.066666666667515528e+00,-2.066666666667515528e+00,-3.666666666666060337e+00,-1.133333333333212067e+00,-2.666666666664241347e-01,6.666666666751552839e-02,3.866666666664968943e+00,-4.533333333334667259e+00,1.400000000001455192e+00,1.266666666666424135e+00,-3.533333333332848269e+00,-3.000000000001818989e+00,-6.533333333332848269e+00,1.733333333335394855e+00,-4.933333333336122450e+00,-7.133333333329574089e+00,2.533333333331029280e+00,-6.666666666751552839e-02,-5.466666666665332741e+00,-2.000000000007275958e-01,-3.733333333335394855e+00,7.333333333353948547e-01,-1.466666666665332741e+00,-3.266666666668243124e+00,-5.999999999998181011e+00,2.000000000007275958e-01,-1.200000000000727596e+00,-5.466666666668970720e+00,-1.666666666664241347e+00,9.333333333306654822e-01,1.666666666666060337e+00,-1.066666666667515528e+00,-2.533333333332848269e+00,-1.999999999989086064e-01,-3.000000000000000000e+00,5.000000000000000000e+00
1.000000000000000000e+00,-4.066666666665696539e+00,-7.333333333335758653e-01,-4.200000000000727596e+00,-3.999999999998181011e+00,1.466666666663513752e+00,-1.399999999999636202e+00,-1.666666666667879326e+00,-3.999999999996362021e-01,-5.333333333328482695e-01,-2.333333333332120674e+00,1.399999999999636202e+00,2.466666666667151731e+00,-2.666666666682431241e-01,2.866666666666787933e+00,3.800000000002910383e+00,5.933333333328846493e+00,6.666666666667879326e+00,6.266666666668243124e+00,9.333333333332120674e+00,7.066666666669334518e+00,3.866666666664968943e+00,2.066666666665696539e+00,6.266666666668243124e+00,6.733333333335394855e+00,9.133333333333212067e+00,6.666666666666060337e+00,7.733333333333575865e+00,5.599999999996725819e+00,5.133333333333212067e+00,2.866666666666787933e+00,-7.333333333353948547e-01,6.133333333336850046e+00,-7.333333333353948547e-01,6.000000000021827873e-01,4.666666666671517305e-01,3.466666666667151731e+00,4.000000000000000000e+00,-4.466666666667151731e+00,4.266666666666424135e+00,-5.266666666666424135e+00,-1.066666666665696539e+00,-3.266666666666424135e+00,1.200000000000727596e+00,1.199999999998908606e+00,-1.933333333332484472e+00,3.133333333331393078e+00,-1.733333333333575865e+00,4.133333333333212067e+00,-1.333333333350310568e-01,1.200000000000727596e+00,-2.200000000000727596e+00,-3.600000000000363798e+00,6.666666666569653898e-02,-3.333333333332120674e+00,3.400000000001455192e+00,-6.666666666678793263e-01,2.333333333333939663e+00,-3.000000000000000000e+00,-2.333333333333939663e+00,-2.200000000000727596e+00,-2.600000000000363798e+00,-2.266666666666424135e+00,-3.599999999998544808e+00,-4.333333333333939663e+00,-3.399999999999636202e+00,2.000000000000000000e+00,2.200000000000727596e+00,3.133333333333212067e+00,-4.333333333333939663e+00,-4.866666666666787933e+00,3.066666666667515528e+00,3.399999999999636202e+00,-1.000000000000000000e+00,3.333333333357586525e-01,2.999999999996362021e+00,-4.666666666653327411e-01,-1.666666666667879326e+00,6.000000000003637979e-01,3.933333333334303461e+00,-1.399999999999636202e+00,-3.333333333333939663e+00,-5.066666666663877550e+00,-2.933333333336122450e+00,2.866666666666787933e+00,2.066666666667515528e+00,3.999999999996362021e-01,-8.666666666649689432e-01,3.666666666666060337e+00,-1.866666666668606922e+00,-2.733333333333575865e+00,-4.066666666667515528e+00,2.666666666669698316e+00,-2.133333333336850046e+00,-2.933333333332484472e+00,2.066666666665696539e+00,3.133333333333212067e+00,5.800000000001091394e+00,8.666666666667879326e-01,-3.666666666666060337e+00,-1.399999999999636202e+00,-4.133333333333212067e+00,-6.800000000001091394e+00,-7.333333333335758653e-01,-1.199999999998908606e+00,1.266666666668243124e+00,2.133333333333212067e+00,-1.266666666666424135e+00,1.399999999999636202e+00,3.733333333331756876e+00,-2.333333333332120674e+00,-7.333333333335758653e-01,-1.800000000001091394e+00,2.066666666665696539e+00,2.733333333333575865e+00,-1.199999999998908606e+00,-3.599999999998544808e+00,4.800000000001091394e+00,-1.600000000000363798e+00,1.333333333332120674e+00,1.533333333334667259e+00,3.533333333334667259e+00,-2.800000000002910383e+00,-3.133333333333212067e+00,-1.733333333335394855e+00,2.333333333333939663e+00,-4.200000000000727596e+00,-3.133333333333212067e+00,-5.266666666668243124e+00,4.400000000001455192e+00,3.600000000000363798e+00,2.200000000002546585e+00,-3.666666666667879326e+00,2.466666666667151731e+00,-2.266666666666424135e+00,-6.933333333336122450e+00,-5.000000000000000000e+00,1.466666666667151731e+00,1.866666666664968943e+00,-2.266666666664605145e+00,-5.466666666667151731e+00,1.333333333350310568e-01,-2.533333333332848269e+00,3.333333333339396631e-01,-6.266666666666424135e+00,-1.466666666667151731e+00,-2.066666666667515528e+00,1.933333333334303461e+00,-4.333333333333939663e+00,-1.866666666666787933e+00,2.800000000001091394e+00,1.799999999999272404e+00,-6.600000000000363798e+00,-5.600000000000363798e+00,-4.066666666667515528e+00,1.466666666665332741e+00,-9.333333333306654822e-01,2.666666666666060337e+00,-2.333333333333939663e+00,3.333333333339396631e-01,-8.666666666649689432e-01,1.066666666667515528e+00,-3.800000000001091394e+00,-3.466666666667151731e+00,-2.533333333332848269e+00,-1.818989403545856476e-12,-3.466666666665332741e+00,4.933333333334303461e+00,3.666666666666060337e+00,3.933333333334303461e+00,-2.933333333332484472e+00,1.999999999989086064e-01,1.333333333332120674e+00,3.133333333331393078e+00,-5.333333333328482695e-01,-3.999999999996362021e-01,-2.866666666666787933e+00,-3.333333333339396631e-01,1.866666666670425911e+00,2.200000000000727596e+00,-3.533333333332848269e+00,2.666666666664241347e+00,-2.200000000002546585e+00,-3.266666666664605145e+00,-1.466666666667151731e+00,1.333333333332120674e-01,-2.999999999998181011e+00,-1.333333333332120674e-01,-5.066666666669334518e+00,-7.999999999992724042e-01,-4.199999999998908606e+00,5.399999999997817213e+00,-3.266666666666424135e+00,6.666666666387754958e-02,-6.666666666624223581e-01,1.599999999998544808e+00,-2.800000000002910383e+00,-1.066666666665696539e+00,2.733333333333575865e+00,-2.599999999998544808e+00,-3.533333333331029280e+00,1.466666666665332741e+00,-4.333333333333939663e+00,-9.333333333324844716e-01,3.000000000000000000e+00,7.999999999992724042e-01,-6.333333333332120674e+00,3.333333333333939663e+00,-1.600000000000363798e+00,2.933333333332484472e+00,-1.466666666665332741e+00,-1.133333333333212067e+00,-1.333333333350310568e-01,-1.266666666668243124e+00,-1.333333333332120674e-01,3.799999999999272404e+00,-1.866666666666787933e+00,2.066666666669334518e+00,2.933333333334303461e+00,-5.200000000000727596e+00,2.666666666666060337e+00,-1.999999999998181011e+00,1.333333333313930780e-01,2.600000000000363798e+00,-1.999999999998181011e+00,-1.800000000002910383e+00,3.200000000002546585e+00,-5.666666666667879326e+00,-2.133333333333212067e+00,-8.000000000010913936e-01,2.666666666664241347e-01,-5.066666666665696539e+00,-2.200000000000727596e+00,-7.333333333335758653e-01,-2.933333333332484472e+00,-6.866666666666787933e+00,1.000000000001818989e+00,2.000000000007275958e-01,-4.200000000000727596e+00,-3.733333333331756876e+00,3.933333333332484472e+00,-2.400000000001455192e+00,3.133333333333212067e+00,-2.733333333335394855e+00,1.933333333334303461e+00,4.000000000014551915e-01,2.933333333334303461e+00,-1.933333333336122450e+00,-5.333333333328482695e-01,2.400000000001455192e+00,7.999999999974534148e-01,6.666666666678793263e-01,-5.666666666667879326e+00,1.533333333332848269e+00,3.466666666667151731e+00,-7.200000000000727596e+00,-1.933333333330665482e+00,1.666666666664241347e+00,4.400000000001455192e+00,-4.000000000000000000e+00,-4.933333333332484472e+00,2.066666666667515528e+00,1.999999999989086064e-01,-4.000000000000000000e+00,-6.666666666569653898e-02,-2.666666666664241347e-01,-1.133333333333212067e+00,-8.000000000010913936e-01,7.333333333335758653e-01,-5.733333333331756876e+00,2.466666666665332741e+00,1.799999999999272404e+00,-9.333333333324844716e-01,-3.600000000000363798e+00,3.466666666665332741e+00,2.933333333334303461e+00,-4.533333333332848269e+00,-5.200000000002546585e+00,1.466666666665332741e+00,-4.666666666664241347e+00,-1.266666666666424135e+00,6.666666666569653898e-02,0.000000000000000000e+00,-3.333333333333939663e+00,-1.399999999999636202e+00,-1.399999999999636202e+00,-5.333333333328482695e-01,-2.466666666667151731e+00,-1.999999999998181011e+00,-8.666666666686069220e-01,-1.133333333333212067e+00,3.533333333334667259e+00,2.133333333331393078e+00,3.333333333321206737e-01,2.000000000003637979e+00,-3.266666666666424135e+00,1.999999999989086064e-01,2.333333333333939663e+00,0.000000000000000000e+00,6.666666666666060337e+00,3.066666666667515528e+00,-1.818989403545856476e-12,3.999999999996362021e-01,1.933333333336122450e+00,-1.666666666669698316e+00,-1.199999999997089617e+00,-1.066666666669334518e+00,3.800000000001091394e+00,1.600000000000363798e+00,1.799999999999272404e+00,3.400000000001455192e+00,3.333333333339396631e-01,-2.666666666664241347e-01,-3.333333333339396631e-01
2.066666666665696539e+00,-1.200000000002546585e+00,4.000000000000000000e+00,1.266666666666424135e+00,-4.533333333332848269e+00,-1.600000000002182787e+00,-3.999999999978172127e-01,-5.799999999999272404e+00,-2.800000000001091394e+00,-3.266666666664605145e+00,-1.933333333334303461e+00,-5.333333333364862483e-01,-1.333333333332120674e+00,-2.333333333333939663e+00,-1.000000000000000000e+00,1.733333333335394855e+00,-9.999999999981810106e-01,1.866666666664968943e+00,3.600000000000363798e+00,4.799999999999272404e+00,1.226666666666460515e+01,5.333333333333939663e+00,1.033333333333212067e+01,5.933333333334303461e+00,4.133333333335031057e+00,7.133333333333212067e+00,7.400000000001455192e+00,4.600000000000363798e+00,5.600000000000363798e+00,5.666666666664241347e+00,4.066666666667515528e+00,5.533333333334667259e+00,1.333333333332120674e+00,1.533333333334667259e+00,-1.733333333335394855e+00,-7.066666666667515528e+00,-1.866666666664968943e+00,-4.533333333332848269e+00,-2.666666666682431241e-01,-4.666666666671517305e-01,-4.599999999998544808e+00,-1.333333333332120674e+00,-2.800000000001091394e+00,-1.000000000000000000e+00,-4.733333333333575865e+00,-6.200000000000727596e+00,-2.066666666667515528e+00,-2.933333333334303461e+00,-6.066666666665696539e+00,-2.133333333333212067e+00,1.266666666664605145e+00,-7.333333333299378864e-01,3.866666666666787933e+00,1.933333333334303461e+00,1.466666666667151731e+00,1.266666666666424135e+00,-1.600000000002182787e+00,-5.333333333328482695e-01,3.333333333332120674e+00,4.866666666666787933e+00,4.000000000000000000e+00,3.666666666667879326e+00,1.000000000000000000e+00,1.333333333332120674e-01,4.466666666667151731e+00,-8.666666666667879326e-01,-3.333333333339396631e-01,-4.733333333333575865e+00,-3.866666666666787933e+00,-2.133333333333212067e+00,1.000000000000000000e+00,2.466666666667151731e+00,-2.333333333333939663e+00,-6.666666666751552839e-02,-3.333333333321206737e-01,-1.799999999999272404e+00,-2.200000000000727596e+00,4.666666666671517305e-01,8.666666666666060337e+00,2.200000000000727596e+00,2.133333333335031057e+00,5.333333333332120674e+00,7.399999999997817213e+00,5.333333333335758653e+00,-3.333333333357586525e-01,-4.599999999998544808e+00,-1.133333333333212067e+00,1.600000000000363798e+00,5.333333333328482695e-01,-1.666666666666060337e+00,-1.200000000000727596e+00,-1.733333333335394855e+00,-4.666666666671517305e-01,-4.799999999999272404e+00,-2.933333333336122450e+00,-3.466666666665332741e+00,-5.666666666666060337e+00,-4.199999999998908606e+00,-5.333333333332120674e+00,1.000000000001818989e+00,2.799999999999272404e+00,-6.666666666933451779e-02,2.666666666664241347e-01,-1.266666666666424135e+00,-4.666666666671517305e-01,-4.666666666653327411e-01,3.066666666667515528e+00,-3.133333333333212067e+00,-2.066666666665696539e+00,-2.666666666667879326e+00,-1.800000000001091394e+00,2.200000000002546585e+00,-1.599999999998544808e+00,2.599999999998544808e+00,-2.000000000000000000e+00,4.266666666666424135e+00,-4.666666666671517305e-01,5.333333333328482695e-01,4.000000000014551915e-01,2.266666666664605145e+00,-7.333333333317568759e-01,2.799999999999272404e+00,-8.000000000010913936e-01,-2.200000000000727596e+00,2.200000000000727596e+00,1.000000000001818989e+00,-2.866666666666787933e+00,3.000000000000000000e+00,-2.799999999999272404e+00,2.533333333332848269e+00,-5.600000000000363798e+00,1.333333333333939663e+00,-9.333333333343034610e-01,-7.733333333333575865e+00,-5.533333333332848269e+00,1.333333333332120674e+00,-5.399999999999636202e+00,-7.999999999992724042e-01,2.600000000000363798e+00,-3.933333333334303461e+00,1.399999999997817213e+00,-3.999999999978172127e-01,-3.466666666667151731e+00,-4.199999999998908606e+00,-6.000000000003637979e-01,7.999999999992724042e-01,-4.199999999998908606e+00,-2.666666666667879326e+00,-9.333333333324844716e-01,1.466666666665332741e+00,-4.666666666666060337e+00,-4.666666666671517305e-01,-3.866666666666787933e+00,-3.000000000000000000e+00,-3.999999999998181011e+00,-6.866666666666787933e+00,-2.133333333333212067e+00,-6.399999999999636202e+00,5.333333333328482695e-01,-7.666666666667879326e+00,-4.800000000001091394e+00,-9.333333333343034610e-01,3.333333333333939663e+00,1.600000000002182787e+00,-2.066666666667515528e+00,7.066666666669334518e+00,4.666666666671517305e-01,3.399999999997817213e+00,5.333333333346672589e-01,3.733333333331756876e+00,4.800000000001091394e+00,1.733333333331756876e+00,5.333333333333939663e+00,0.000000000000000000e+00,1.933333333334303461e+00,2.466666666667151731e+00,1.866666666664968943e+00,-1.799999999999272404e+00,-2.866666666666787933e+00,-2.999999999998181011e+00,-3.933333333334303461e+00,-2.200000000000727596e+00,-2.800000000002910383e+00,-7.999999999992724042e-01,-1.333333333333939663e+00,-9.999999999981810106e-01,-3.266666666666424135e+00,-3.599999999998544808e+00,-1.466666666667151731e+00,-1.333333333333939663e+00,-3.333333333332120674e+00,-6.066666666667515528e+00,-3.000000000000000000e+00,4.399999999999636202e+00,2.000000000000000000e+00,-4.466666666667151731e+00,-1.199999999998908606e+00,3.866666666664968943e+00,-6.666666666569653898e-02,1.466666666665332741e+00,-2.933333333334303461e+00,-3.199999999997089617e+00,1.533333333334667259e+00,6.666666666660603369e-01,-3.999999999996362021e-01,3.399999999999636202e+00,2.599999999998544808e+00,2.200000000000727596e+00,-2.133333333333212067e+00,-5.266666666666424135e+00,3.866666666664968943e+00,-1.999999999998181011e+00,1.333333333313930780e-01,8.666666666667879326e-01,-5.333333333328482695e-01,1.266666666666424135e+00,1.000000000001818989e+00,1.000000000000000000e+00,-2.666666666664241347e-01,3.066666666665696539e+00,-6.666666666660603369e-01,-8.666666666667879326e-01,-3.200000000000727596e+00,-5.200000000000727596e+00,7.999999999992724042e-01,-7.466666666667151731e+00,-1.399999999997817213e+00,-8.399999999999636202e+00,-7.199999999998908606e+00,-4.266666666666424135e+00,-2.333333333333939663e+00,-5.800000000001091394e+00,-7.933333333332484472e+00,-3.866666666666787933e+00,-7.400000000001455192e+00,-3.733333333333575865e+00,-3.266666666666424135e+00,-5.866666666668606922e+00,-3.999999999978172127e-01,5.333333333328482695e-01,-1.733333333333575865e+00,6.666666666751552839e-02,5.333333333310292801e-01,-3.333333333339396631e-01,1.666666666667879326e+00,-6.466666666667151731e+00,3.533333333334667259e+00,1.533333333336486248e+00,-1.666666666667879326e+00,-2.666666666682431241e-01,-4.133333333333212067e+00,1.133333333331393078e+00,3.533333333334667259e+00,-4.333333333333939663e+00,7.999999999992724042e-01,-1.199999999998908606e+00,-4.533333333332848269e+00,-1.199999999998908606e+00,-1.600000000000363798e+00,-8.333333333333939663e+00,-1.000000000000000000e+00,-3.933333333334303461e+00,-1.866666666664968943e+00,-3.933333333332484472e+00,2.266666666666424135e+00,3.866666666666787933e+00,-3.733333333333575865e+00,1.266666666666424135e+00,6.600000000000363798e+00,-3.333333333335758653e+00,5.399999999999636202e+00,2.733333333333575865e+00,6.666666666660603369e-01,8.000000000010913936e-01,3.200000000000727596e+00,4.666666666666060337e+00,2.133333333333212067e+00,-1.333333333332120674e-01,9.333333333343034610e-01,-8.666666666686069220e-01,-5.066666666665696539e+00,9.999999999981810106e-01,-1.733333333331756876e+00,-3.000000000000000000e+00,-3.533333333332848269e+00,-2.933333333332484472e+00,-2.866666666666787933e+00,7.333333333335758653e-01,1.466666666667151731e+00,-9.333333333361224504e-01,-1.466666666665332741e+00,-1.266666666668243124e+00,-2.666666666646051453e-01,4.400000000001455192e+00,2.666666666664241347e-01,-4.199999999998908606e+00,-7.333333333353948547e-01,-3.400000000001455192e+00,-7.333333333335758653e-01,2.400000000001455192e+00,-6.666666666678793263e-01,-2.133333333335031057e+00,-2.599999999998544808e+00,-5.066666666665696539e+00,1.733333333333575865e+00,-3.800000000001091394e+00,-2.266666666666424135e+00,-1.200000000000727596e+00,-5.599999999998544808e+00,-8.000000000000000000e+00,3.333333333321206737e-01,6.666666666678793263e-01,-4.666666666671517305e-01,2.666666666682431241e-01
1.133333333331393078e+00,1.000000000001818989e+00,3.333333333339396631e-01,2.333333333332120674e+00,-6.000000000003637979e-01,-6.666666666642413475e-01,-3.400000000003274181e+00,-3.799999999999272404e+00,1.333333333313930780e-01,-3.066666666663877550e+00,-2.000000000000000000e+00,-3.533333333334667259e+00,2.133333333333212067e+00,7.200000000000727596e+00,1.466666666666787933e+01,1.600000000000000000e+01,1.126666666666642413e+01,1.739999999999963620e+01,1.466666666666606034e+01,1.873333333333357587e+01,1.966666666666787933e+01,2.506666666666751553e+01,2.193333333333248447e+01,1.979999999999927240e+01,2.126666666666824312e+01,1.919999999999890861e+01,2.086666666666678793e+01,1.879999999999927240e+01,1.333333333333393966e+01,5.866666666666787933e+00,3.600000000000363798e+00,7.666666666664241347e+00,3.200000000000727596e+00,2.533333333334667259e+00,-1.600000000000363798e+00,-2.000000000000000000e+00,-6.933333333334303461e+00,-4.799999999999272404e+00,-3.733333333333575865e+00,1.066666666667515528e+00,-2.933333333332484472e+00,4.666666666671517305e-01,-8.466666666668970720e+00,-1.399999999999636202e+00,-5.066666666665696539e+00,-2.399999999999636202e+00,-4.600000000000363798e+00,-8.066666666667515528e+00,-3.933333333334303461e+00,-5.066666666665696539e+00,-5.933333333334303461e+00,-3.533333333332848269e+00,-1.933333333334303461e+00,-3.333333333333939663e+00,-7.533333333334667259e+00,-2.666666666664241347e+00,-2.799999999999272404e+00,-3.333333333339396631e-01,-2.399999999999636202e+00,-2.533333333332848269e+00,-6.666666666666060337e+00,-6.466666666667151731e+00,-1.533333333331029280e+00,-4.200000000000727596e+00,-2.333333333333939663e+00,-2.066666666665696539e+00,-1.333333333350310568e-01,-1.800000000001091394e+00,-2.466666666667151731e+00,-3.266666666666424135e+00,0.000000000000000000e+00,-3.800000000001091394e+00,-5.266666666664605145e+00,-4.866666666666787933e+00,-4.666666666667879326e+00,-1.733333333333575865e+00,3.999999999996362021e-01,-5.266666666664605145e+00,2.466666666667151731e+00,1.066666666665696539e+00,-4.666666666653327411e-01,-1.333333333313930780e-01,1.066666666663877550e+00,-2.733333333331756876e+00,2.066666666667515528e+00,-1.266666666668243124e+00,-1.400000000001455192e+00,-1.333333333350310568e-01,7.333333333353948547e-01,-1.999999999989086064e-01,-2.133333333335031057e+00,3.066666666665696539e+00,3.266666666668243124e+00,-6.000000000003637979e-01,-1.866666666666787933e+00,-3.133333333331393078e+00,-3.999999999996362021e-01,-9.333333333343034610e-01,1.000000000000000000e+00,5.999999999985448085e-01,-4.733333333333575865e+00,-9.333333333343034610e-01,8.000000000010913936e-01,-1.333333333332120674e+00,-2.866666666666787933e+00,-7.333333333353948547e-01,-1.333333333332120674e-01,1.800000000001091394e+00,-7.333333333317568759e-01,-9.333333333324844716e-01,1.066666666665696539e+00,-4.800000000002910383e+00,-3.666666666666060337e+00,-1.266666666666424135e+00,-1.799999999997453415e+00,6.666666666660603369e-01,2.466666666667151731e+00,-6.666666666933451779e-02,-2.133333333331393078e+00,-1.000000000000000000e+00,1.799999999999272404e+00,-7.066666666665696539e+00,-2.399999999999636202e+00,-5.400000000001455192e+00,-6.733333333333575865e+00,-4.666666666653327411e-01,-1.400000000001455192e+00,-3.799999999999272404e+00,2.466666666665332741e+00,-2.000000000007275958e-01,-2.999999999998181011e+00,-4.533333333334667259e+00,-3.466666666665332741e+00,-1.533333333332848269e+00,-1.466666666667151731e+00,-4.333333333333939663e+00,2.533333333334667259e+00,-4.733333333335394855e+00,-1.200000000000727596e+00,3.933333333334303461e+00,-3.466666666667151731e+00,8.000000000010913936e-01,-4.000000000000000000e+00,-5.000000000000000000e+00,-4.599999999998544808e+00,-1.999999999989086064e-01,-6.666666666660603369e-01,2.666666666664241347e-01,-2.066666666669334518e+00,-4.133333333333212067e+00,-1.399999999999636202e+00,-1.933333333334303461e+00,-2.066666666667515528e+00,-9.999999999981810106e-01,-3.533333333332848269e+00,6.666666666387754958e-02,-3.533333333332848269e+00,1.800000000001091394e+00,-7.333333333335758653e-01,-3.333333333332120674e+00,-2.466666666667151731e+00,-3.533333333334667259e+00,1.333333333350310568e-01,1.333333333332120674e-01,4.000000000000000000e+00,4.666666666671517305e-01,-2.399999999999636202e+00,3.333333333303016843e-01,2.600000000002182787e+00,7.333333333353948547e-01,-2.733333333335394855e+00,2.466666666667151731e+00,6.000000000003637979e-01,2.666666666682431241e-01,-1.333333333368500462e-01,-4.533333333332848269e+00,-3.666666666667879326e+00,-7.799999999999272404e+00,-2.866666666666787933e+00,-4.333333333333939663e+00,-9.999999999981810106e-01,-8.666666666686069220e-01,-3.199999999998908606e+00,-6.733333333333575865e+00,-1.999999999998181011e+00,-2.066666666667515528e+00,-6.666666666666060337e+00,-4.399999999999636202e+00,2.666666666664241347e-01,-4.666666666671517305e-01,7.333333333335758653e-01,1.533333333332848269e+00,8.666666666649689432e-01,6.000000000003637979e-01,-1.000000000000000000e+00,-5.666666666666060337e+00,-3.733333333335394855e+00,6.000000000021827873e-01,-7.333333333317568759e-01,-6.666666666660603369e-01,1.333333333313930780e-01,2.066666666667515528e+00,1.733333333331756876e+00,-6.066666666665696539e+00,1.399999999997817213e+00,-5.333333333328482695e-01,-2.533333333332848269e+00,-4.733333333333575865e+00,-3.399999999997817213e+00,2.733333333331756876e+00,1.333333333333939663e+00,9.333333333343034610e-01,-8.666666666667879326e-01,-3.999999999998181011e+00,0.000000000000000000e+00,1.466666666663513752e+00,-4.066666666665696539e+00,-2.000000000000000000e+00,-1.333333333333939663e+00,-3.933333333334303461e+00,-2.000000000000000000e+00,-2.533333333331029280e+00,5.333333333332120674e+00,-1.399999999999636202e+00,-1.999999999970896170e-01,-2.000000000001818989e+00,-5.333333333328482695e-01,-3.333333333333939663e+00,6.666666666660603369e-01,-5.066666666667515528e+00,-2.266666666666424135e+00,2.199999999998908606e+00,-4.133333333333212067e+00,1.800000000001091394e+00,1.666666666666060337e+00,-6.666666666678793263e-01,0.000000000000000000e+00,-2.466666666667151731e+00,2.000000000001818989e+00,-8.533333333332848269e+00,-5.333333333328482695e-01,-2.799999999999272404e+00,0.000000000000000000e+00,-5.133333333335031057e+00,1.133333333333212067e+00,-1.066666666665696539e+00,-1.533333333332848269e+00,9.333333333343034610e-01,-5.000000000000000000e+00,-4.333333333333939663e+00,-1.666666666667879326e+00,1.933333333332484472e+00,-1.333333333332120674e+00,-4.933333333334303461e+00,4.066666666667515528e+00,-6.733333333333575865e+00,8.000000000010913936e-01,-1.866666666666787933e+00,1.666666666667879326e+00,1.799999999995634425e+00,-3.666666666666060337e+00,-3.333333333332120674e+00,-2.199999999998908606e+00,-3.333333333333939663e+00,2.000000000007275958e-01,-1.600000000000363798e+00,-1.533333333334667259e+00,-1.599999999998544808e+00,2.466666666667151731e+00,-3.333333333335758653e+00,3.199999999998908606e+00,-3.933333333330665482e+00,-1.066666666667515528e+00,2.333333333333939663e+00,-5.200000000000727596e+00,-2.999999999998181011e+00,3.133333333331393078e+00,-2.933333333332484472e+00,6.000000000000000000e+00,-2.866666666666787933e+00,-6.666666666660603369e-01,-2.933333333334303461e+00,5.333333333328482695e-01,-2.333333333332120674e+00,-6.666666666678793263e-01,4.666666666671517305e-01,1.133333333331393078e+00,6.000000000003637979e-01,-2.000000000000000000e+00,-1.266666666664605145e+00,1.000000000000000000e+00,-4.866666666666787933e+00,2.666666666682431241e-01,-4.800000000001091394e+00,1.333333333333939663e+00,8.666666666667879326e-01,1.733333333333575865e+00,-9.333333333343034610e-01,-1.666666666666060337e+00,-3.333333333339396631e-01,-1.266666666666424135e+00,-1.733333333333575865e+00,-2.600000000002182787e+00,-5.666666666666060337e+00,2.666666666682431241e-01,-2.666666666646051453e-01,1.733333333331756876e+00,2.533333333332848269e+00,7.999999999992724042e-01,-6.999999999998181011e+00,-2.733333333333575865e+00,-3.533333333334667259e+00,-5.866666666666787933e+00,-1.866666666666787933e+00
6.000000000003637979e-01,-7.333333333335758653e-01,-2.533333333332848269e+00,2.000000000001818989e+00,-1.666666666666060337e+00,-2.066666666667515528e+00,1.733333333333575865e+00,-3.066666666667515528e+00,-4.800000000001091394e+00,3.133333333333212067e+00,3.999999999996362021e-01,-1.866666666666787933e+00,-1.266666666666424135e+00,6.666666666678793263e-01,3.399999999997817213e+00,4.200000000002546585e+00,-2.266666666668243124e+00,6.000000000000000000e+00,3.400000000001455192e+00,2.266666666666424135e+00,5.199999999998908606e+00,9.333333333343034610e-01,5.666666666666060337e+00,7.399999999999636202e+00,9.000000000000000000e+00,3.866666666666787933e+00,1.026666666666824312e+01,7.466666666667151731e+00,8.133333333335031057e+00,8.199999999998908606e+00,1.600000000000363798e+00,5.599999999998544808e+00,5.266666666666424135e+00,1.466666666667151731e+00,6.133333333333212067e+00,2.666666666667879326e+00,7.999999999992724042e-01,4.800000000001091394e+00,2.533333333332848269e+00,-2.666666666666060337e+00,4.733333333333575865e+00,3.066666666665696539e+00,1.066666666665696539e+00,2.666666666646051453e-01,6.666666666660603369e-01,3.333333333357586525e-01,3.533333333334667259e+00,-5.600000000002182787e+00,-3.333333333333939663e+00,1.000000000000000000e+00,-2.199999999998908606e+00,3.666666666666060337e+00,-2.466666666667151731e+00,4.000000000014551915e-01,3.733333333331756876e+00,-4.999999999998181011e+00,-7.600000000002182787e+00,-9.333333333324844716e-01,-3.999999999996362021e-01,-6.000000000000000000e+00,-2.533333333332848269e+00,-1.666666666666060337e+00,-6.666666666569653898e-02,2.533333333332848269e+00,-3.666666666667879326e+00,3.600000000000363798e+00,-9.333333333343034610e-01,-5.266666666664605145e+00,-2.399999999999636202e+00,-2.600000000000363798e+00,-6.666666666751552839e-02,2.000000000007275958e-01,2.666666666664241347e-01,-2.933333333336122450e+00,1.400000000001455192e+00,2.000000000007275958e-01,8.666666666667879326e-01,5.999999999985448085e-01,-3.733333333331756876e+00,1.066666666663877550e+00,-2.133333333331393078e+00,-3.466666666667151731e+00,1.600000000000363798e+00,2.400000000001455192e+00,-4.133333333333212067e+00,1.200000000000727596e+00,1.000000000000000000e+00,-2.600000000002182787e+00,-1.000000000001818989e+00,-3.799999999999272404e+00,-7.399999999999636202e+00,-6.666666666660603369e-01,-1.733333333331756876e+00,-1.200000000000727596e+00,1.133333333335031057e+00,-2.866666666666787933e+00,6.666666666751552839e-02,1.533333333331029280e+00,-4.666666666653327411e-01,-3.266666666668243124e+00,3.333333333339396631e-01,-1.266666666668243124e+00,1.466666666670789709e+00,-1.333333333333939663e+00,2.466666666665332741e+00,3.533333333331029280e+00,-2.133333333331393078e+00,-1.600000000000363798e+00,3.333333333321206737e-01,-4.400000000001455192e+00,-3.533333333331029280e+00,1.066666666665696539e+00,-4.600000000000363798e+00,-5.599999999998544808e+00,-4.666666666671517305e-01,1.466666666665332741e+00,-2.866666666664968943e+00,-1.799999999999272404e+00,-5.266666666668243124e+00,-5.133333333333212067e+00,-1.533333333332848269e+00,-7.333333333335758653e-01,-9.333333333343034610e-01,2.133333333333212067e+00,2.399999999999636202e+00,5.400000000001455192e+00,-1.066666666667515528e+00,-7.999999999992724042e-01,-7.999999999992724042e-01,2.733333333333575865e+00,-5.533333333332848269e+00,-1.466666666667151731e+00,1.733333333331756876e+00,6.333333333333939663e+00,-1.333333333332120674e-01,1.399999999999636202e+00,-4.533333333332848269e+00,3.066666666667515528e+00,-5.533333333334667259e+00,-3.733333333331756876e+00,-3.266666666668243124e+00,-3.133333333331393078e+00,-2.866666666666787933e+00,-3.400000000001455192e+00,-2.533333333332848269e+00,3.333333333339396631e-01,5.333333333328482695e-01,-5.333333333333939663e+00,-4.466666666667151731e+00,5.333333333346672589e-01,2.133333333331393078e+00,2.466666666667151731e+00,-6.399999999999636202e+00,1.200000000002546585e+00,-3.200000000000727596e+00,1.333333333332120674e-01,6.666666666751552839e-02,6.866666666664968943e+00,-6.666666666751552839e-02,2.666666666682431241e-01,-5.333333333346672589e-01,-2.599999999998544808e+00,-6.000000000003637979e-01,2.000000000000000000e+00,-4.733333333335394855e+00,-8.333333333333939663e+00,6.666666666569653898e-02,2.933333333336122450e+00,-1.133333333333212067e+00,1.066666666665696539e+00,-3.533333333331029280e+00,-2.666666666700621136e-01,-6.599999999996725819e+00,-1.933333333334303461e+00,-4.399999999999636202e+00,-1.400000000001455192e+00,-1.266666666666424135e+00,5.933333333330665482e+00,-1.533333333332848269e+00,1.333333333333939663e+00,2.933333333334303461e+00,-2.666666666666060337e+00,-2.666666666666060337e+00,8.666666666667879326e-01,-1.999999999989086064e-01,-1.333333333333939663e+00,-1.399999999999636202e+00,-1.200000000002546585e+00,1.000000000000000000e+00,5.066666666667515528e+00,-1.199999999998908606e+00,-2.799999999999272404e+00,-8.400000000001455192e+00,-6.666666666569653898e-02,-1.533333333334667259e+00,-9.333333333343034610e-01,-4.000000000014551915e-01,-1.466666666665332741e+00,-1.399999999999636202e+00,-1.200000000000727596e+00,1.133333333333212067e+00,-8.666666666667879326e-01,-6.666666666642413475e-01,2.866666666666787933e+00,-3.200000000000727596e+00,-2.000000000007275958e-01,5.000000000001818989e+00,2.133333333331393078e+00,-4.200000000000727596e+00,6.666666666678793263e-01,-3.533333333332848269e+00,-4.000000000000000000e+00,3.399999999999636202e+00,-7.333333333317568759e-01,-4.000000000014551915e-01,-1.999999999989086064e-01,-4.600000000000363798e+00,-4.000000000001818989e+00,-2.533333333332848269e+00,1.133333333335031057e+00,-1.733333333335394855e+00,-8.666666666649689432e-01,-9.333333333343034610e-01,-1.800000000001091394e+00,-1.333333333313930780e-01,4.733333333333575865e+00,1.933333333332484472e+00,-1.733333333335394855e+00,-5.999999999985448085e-01,-1.733333333333575865e+00,-6.933333333332484472e+00,-7.999999999992724042e-01,1.866666666666787933e+00,-1.733333333333575865e+00,-5.466666666667151731e+00,2.933333333334303461e+00,-7.999999999992724042e-01,-2.000000000007275958e-01,3.866666666666787933e+00,6.666666666387754958e-02,-8.800000000001091394e+00,-2.933333333332484472e+00,-4.666666666653327411e-01,-2.666666666666060337e+00,2.066666666665696539e+00,2.333333333332120674e+00,1.466666666667151731e+00,-2.933333333332484472e+00,9.333333333324844716e-01,1.000000000000000000e+00,-4.133333333331393078e+00,-2.266666666666424135e+00,-3.733333333333575865e+00,-6.400000000001455192e+00,-1.666666666666060337e+00,2.866666666666787933e+00,-2.666666666664241347e-01,-2.333333333333939663e+00,-4.066666666665696539e+00,-3.466666666667151731e+00,-3.133333333333212067e+00,4.133333333333212067e+00,5.333333333333939663e+00,-2.000000000007275958e-01,-2.266666666666424135e+00,-2.466666666667151731e+00,3.133333333335031057e+00,4.799999999999272404e+00,0.000000000000000000e+00,-4.133333333331393078e+00,1.266666666662786156e+00,2.133333333336850046e+00,8.666666666649689432e-01,3.466666666668970720e+00,-2.733333333335394855e+00,1.999999999998181011e+00,-6.666666666666060337e+00,-4.733333333333575865e+00,-1.666666666667879326e+00,-1.933333333330665482e+00,-2.733333333333575865e+00,-7.400000000001455192e+00,-8.733333333333575865e+00,3.133333333333212067e+00,3.133333333333212067e+00,-4.933333333332484472e+00,-2.666666666646051453e-01,-6.533333333332848269e+00,-1.333333333313930780e-01,-1.866666666668606922e+00,-2.266666666668243124e+00,-1.666666666666060337e+00,-8.000000000010913936e-01,-4.399999999999636202e+00,4.333333333333939663e+00,5.266666666666424135e+00,4.600000000000363798e+00,4.066666666665696539e+00,-2.399999999999636202e+00,-3.133333333333212067e+00,1.200000000000727596e+00,-3.999999999998181011e+00,1.733333333331756876e+00,5.999999999985448085e-01,3.666666666667879326e+00,2.666666666646051453e-01,2.066666666665696539e+00,8.666666666667879326e-01,2.666666666667879326e+00,-1.333333333332120674e-01,-3.333333333321206737e-01,-2.133333333333212067e+00,-3.733333333333575865e+00,1.333333333333939663e+00
7.333333333335758653e-01,-6.666666666751552839e-02,-2.666666666664241347e-01,-1.666666666667879326e+00,1.333333333350310568e-01,-2.000000000025465852e-01,6.666666666678793263e-01,-4.933333333332484472e+00,-3.866666666666787933e+00,-4.000000000014551915e-01,-8.666666666649689432e-01,-3.399999999999636202e+00,-2.000000000000000000e+00,2.133333333333212067e+00,7.266666666668243124e+00,8.866666666664968943e+00,1.439999999999963620e+01,1.613333333333321207e+01,1.966666666666424135e+01,1.960000000000218279e+01,1.780000000000109139e+01,1.733333333333212067e+01,2.033333333333393966e+01,1.579999999999927240e+01,2.100000000000000000e+01,2.160000000000036380e+01,2.120000000000072760e+01,1.893333333333248447e+01,1.453333333333284827e+01,9.000000000001818989e+00,6.733333333333575865e+00,1.466666666665332741e+00,3.200000000000727596e+00,-1.600000000000363798e+00,-3.800000000001091394e+00,-4.133333333333212067e+00,-1.533333333332848269e+00,-2.666666666666060337e+00,-5.999999999985448085e-01,-4.600000000002182787e+00,-8.533333333331029280e+00,-4.066666666667515528e+00,-2.600000000000363798e+00,-4.600000000002182787e+00,-3.666666666664241347e+00,-5.666666666666060337e+00,-3.066666666667515528e+00,-2.866666666668606922e+00,-7.933333333332484472e+00,-2.866666666666787933e+00,-3.333333333332120674e+00,-3.666666666667879326e+00,-2.733333333331756876e+00,-4.666666666671517305e-01,-5.466666666667151731e+00,-2.666666666667879326e+00,-2.133333333331393078e+00,-3.466666666665332741e+00,-5.533333333334667259e+00,-6.199999999998908606e+00,-2.466666666667151731e+00,-2.399999999999636202e+00,-4.600000000002182787e+00,-2.133333333333212067e+00,-3.333333333339396631e-01,-8.666666666649689432e-01,-3.266666666668243124e+00,-2.066666666667515528e+00,-5.533333333332848269e+00,1.333333333350310568e-01,-1.866666666666787933e+00,-3.666666666669698316e+00,-3.533333333332848269e+00,2.666666666682431241e-01,4.466666666667151731e+00,-4.666666666664241347e+00,1.066666666665696539e+00,-5.333333333332120674e+00,-1.133333333335031057e+00,-3.200000000000727596e+00,-4.466666666668970720e+00,-1.199999999998908606e+00,-4.799999999999272404e+00,5.733333333331756876e+00,-4.533333333332848269e+00,9.333333333343034610e-01,-2.533333333332848269e+00,-2.666666666666060337e+00,2.666666666666060337e+00,-2.400000000001455192e+00,4.000000000014551915e-01,-8.000000000010913936e-01,6.800000000001091394e+00,1.000000000000000000e+00,9.333333333343034610e-01,1.733333333333575865e+00,5.999999999985448085e-01,2.399999999997817213e+00,-3.599999999996725819e+00,2.599999999998544808e+00,-5.333333333328482695e-01,5.466666666667151731e+00,1.533333333332848269e+00,-3.999999999996362021e-01,-4.133333333335031057e+00,3.266666666666424135e+00,-4.999999999998181011e+00,1.399999999999636202e+00,1.333333333333939663e+00,-2.000000000000000000e+00,-1.666666666666060337e+00,-3.800000000001091394e+00,2.666666666667879326e+00,-2.866666666666787933e+00,-1.333333333332120674e-01,-9.333333333361224504e-01,-1.000000000000000000e+00,3.266666666668243124e+00,-3.800000000001091394e+00,1.133333333335031057e+00,-2.399999999999636202e+00,4.200000000000727596e+00,-1.333333333333939663e+00,-4.466666666667151731e+00,-5.999999999985448085e-01,1.399999999999636202e+00,2.066666666665696539e+00,-2.866666666664968943e+00,-2.266666666666424135e+00,-2.866666666670425911e+00,-1.666666666666060337e+00,-4.799999999999272404e+00,-7.733333333333575865e+00,1.866666666666787933e+00,-6.266666666666424135e+00,-2.000000000000000000e+00,-9.199999999998908606e+00,-5.333333333333939663e+00,-1.333333333332120674e-01,1.066666666665696539e+00,-1.666666666666060337e+00,-2.600000000000363798e+00,-2.333333333332120674e+00,-2.133333333333212067e+00,1.533333333334667259e+00,1.333333333313930780e-01,1.733333333333575865e+00,1.133333333331393078e+00,-4.466666666665332741e+00,5.999999999985448085e-01,-7.333333333317568759e-01,-8.000000000010913936e-01,-4.666666666666060337e+00,-4.466666666667151731e+00,-3.399999999999636202e+00,-2.133333333333212067e+00,-1.600000000000363798e+00,-8.666666666667879326e-01,-1.999999999998181011e+00,-5.600000000002182787e+00,-4.600000000000363798e+00,-7.866666666663149954e+00,-1.000000000001818989e+00,-1.133333333333212067e+00,-1.999999999989086064e-01,-5.333333333335758653e+00,4.199999999998908606e+00,2.133333333333212067e+00,2.133333333333212067e+00,-6.399999999999636202e+00,-4.133333333333212067e+00,-2.399999999997817213e+00,-2.066666666665696539e+00,-3.600000000002182787e+00,2.466666666667151731e+00,-2.399999999997817213e+00,1.066666666663877550e+00,-2.733333333331756876e+00,-3.066666666669334518e+00,-6.666666666642413475e-01,1.066666666665696539e+00,-3.199999999998908606e+00,-3.066666666665696539e+00,-5.266666666668243124e+00,2.133333333333212067e+00,-1.733333333333575865e+00,2.466666666667151731e+00,-5.066666666665696539e+00,3.999999999998181011e+00,-7.400000000001455192e+00,-4.666666666671517305e-01,-3.599999999996725819e+00,-3.200000000000727596e+00,1.333333333332120674e-01,-3.466666666667151731e+00,-2.533333333332848269e+00,-3.066666666667515528e+00,8.666666666667879326e-01,-3.333333333321206737e-01,-1.600000000000363798e+00,1.799999999999272404e+00,-5.866666666664968943e+00,3.333333333339396631e-01,-4.600000000002182787e+00,1.733333333331756876e+00,4.600000000000363798e+00,-7.999999999992724042e-01,3.999999999996362021e-01,-2.533333333332848269e+00,-1.466666666665332741e+00,-3.999999999996362021e-01,-1.133333333333212067e+00,-3.999999999998181011e+00,2.733333333331756876e+00,-1.133333333333212067e+00,-1.600000000000363798e+00,2.466666666665332741e+00,3.999999999996362021e-01,-4.133333333333212067e+00,0.000000000000000000e+00,-5.266666666664605145e+00,-2.266666666666424135e+00,-2.533333333332848269e+00,2.199999999998908606e+00,-3.333333333339396631e-01,1.866666666666787933e+00,-5.666666666666060337e+00,-1.799999999999272404e+00,-2.733333333337213844e+00,9.333333333343034610e-01,-1.599999999998544808e+00,-1.333333333332120674e+00,-2.933333333336122450e+00,5.199999999998908606e+00,-2.466666666667151731e+00,-4.533333333332848269e+00,2.333333333335758653e+00,-4.000000000014551915e-01,-3.000000000000000000e+00,-1.066666666663877550e+00,-2.333333333332120674e+00,1.733333333331756876e+00,-1.933333333334303461e+00,-2.066666666665696539e+00,-2.466666666667151731e+00,-1.600000000000363798e+00,-3.666666666667879326e+00,-2.799999999999272404e+00,-3.399999999999636202e+00,2.133333333335031057e+00,0.000000000000000000e+00,-6.666666666678793263e-01,3.333333333339396631e-01,1.066666666665696539e+00,5.933333333332484472e+00,-2.799999999999272404e+00,-1.733333333333575865e+00,1.133333333331393078e+00,-3.333333333321206737e-01,-1.533333333332848269e+00,2.666666666682431241e-01,-8.000000000010913936e-01,3.999999999996362021e-01,-7.333333333335758653e-01,-9.066666666667515528e+00,3.400000000003274181e+00,-1.133333333335031057e+00,-1.333333333333939663e+00,-2.066666666665696539e+00,-7.133333333333212067e+00,-8.666666666686069220e-01,-7.333333333317568759e-01,-2.133333333335031057e+00,-3.000000000000000000e+00,1.199999999998908606e+00,2.666666666700621136e-01,7.333333333317568759e-01,1.999999999989086064e-01,3.066666666667515528e+00,3.000000000000000000e+00,-3.333333333332120674e+00,7.999999999992724042e-01,-7.999999999992724042e-01,-3.200000000000727596e+00,-7.333333333335758653e-01,-1.733333333331756876e+00,2.666666666646051453e-01,2.000000000001818989e+00,2.666666666646051453e-01,-4.733333333333575865e+00,-1.333333333332120674e+00,0.000000000000000000e+00,-3.133333333333212067e+00,-6.800000000001091394e+00,2.666666666667879326e+00,2.000000000025465852e-01,-1.466666666667151731e+00,2.599999999996725819e+00,-2.199999999998908606e+00,3.333333333339396631e-01,3.999999999998181011e+00,3.133333333335031057e+00,-4.733333333333575865e+00,3.333333333333939663e+00,6.333333333335758653e+00,-4.466666666667151731e+00,-1.000000000001818989e+00,1.799999999999272404e+00,4.666666666653327411e-01,-4.333333333332120674e+00,1.466666666665332741e+00,8.666666666667879326e-01,-4.466666666665332741e+00,2.200000000000727596e+00
-1.733333333335394855e+00,-3.000000000000000000e+00,8.666666666686069220e-01,-1.800000000001091394e+00,-3.399999999999636202e+00,-1.333333333332120674e+00,-4.266666666666424135e+00,1.400000000001455192e+00,-2.600000000000363798e+00,-1.266666666668243124e+00,-2.666666666664241347e-01,8.000000000010913936e-01,-1.200000000000727596e+00,4.933333333334303461e+00,6.866666666664968943e+00,1.473333333333357587e+01,1.620000000000072760e+01,1.579999999999927240e+01,9.600000000000363798e+00,1.546666666666715173e+01,1.293333333333248447e+01,1.693333333333248447e+01,1.259999999999854481e+01,1.460000000000036380e+01,1.733333333333393966e+01,1.506666666666933452e+01,1.206666666666387755e+01,1.160000000000036380e+01,8.600000000000363798e+00,4.399999999999636202e+00,-2.533333333331029280e+00,-6.666666666678793263e-01,-4.133333333333212067e+00,1.799999999999272404e+00,-3.999999999998181011e+00,-6.000000000021827873e-01,-4.466666666667151731e+00,6.666666666751552839e-02,-2.733333333333575865e+00,-5.266666666666424135e+00,-4.066666666665696539e+00,-1.000000000000000000e+00,-6.666666666667879326e+00,1.333333333313930780e-01,-3.733333333329937886e+00,2.266666666666424135e+00,-6.933333333334303461e+00,3.333333333339396631e-01,-7.199999999998908606e+00,-5.333333333335758653e+00,-8.933333333332484472e+00,1.333333333332120674e-01,-5.466666666665332741e+00,-1.933333333334303461e+00,-4.533333333332848269e+00,-3.533333333332848269e+00,-4.666666666666060337e+00,1.333333333332120674e+00,-4.533333333332848269e+00,-3.799999999999272404e+00,-6.200000000000727596e+00,-2.000000000000000000e+00,-3.866666666668606922e+00,2.666666666682431241e-01,-3.333333333339396631e-01,1.666666666667879326e+00,-3.400000000001455192e+00,-3.133333333333212067e+00,-2.199999999998908606e+00,3.533333333332848269e+00,-2.000000000000000000e+00,-4.600000000000363798e+00,-4.666666666689707199e-01,8.666666666667879326e-01,4.533333333332848269e+00,-3.333333333330301684e+00,-3.200000000000727596e+00,2.666666666646051453e-01,5.933333333336122450e+00,6.666666666660603369e-01,8.666666666667879326e-01,-2.266666666666424135e+00,6.000000000003637979e-01,-4.000000000014551915e-01,-3.133333333331393078e+00,1.799999999999272404e+00,4.666666666666060337e+00,-3.799999999999272404e+00,-6.666666666678793263e-01,-7.333333333335758653e-01,2.666666666666060337e+00,3.133333333335031057e+00,-2.066666666667515528e+00,-8.000000000000000000e+00,2.599999999998544808e+00,5.000000000001818989e+00,3.199999999998908606e+00,1.000000000001818989e+00,-6.000000000003637979e-01,1.199999999998908606e+00,2.066666666667515528e+00,2.533333333334667259e+00,4.266666666666424135e+00,-1.400000000001455192e+00,-1.866666666664968943e+00,-2.133333333335031057e+00,-2.266666666668243124e+00,3.600000000000363798e+00,2.466666666667151731e+00,-4.199999999998908606e+00,-4.533333333334667259e+00,-1.333333333332120674e-01,7.333333333353948547e-01,1.666666666667879326e+00,1.333333333313930780e-01,-5.999999999985448085e-01,-7.533333333334667259e+00,-1.266666666666424135e+00,-1.866666666664968943e+00,-1.266666666668243124e+00,-1.999999999989086064e-01,1.133333333331393078e+00,-1.733333333333575865e+00,3.133333333333212067e+00,1.800000000001091394e+00,1.133333333335031057e+00,-1.066666666667515528e+00,-3.333333333357586525e-01,-7.399999999999636202e+00,-2.266666666666424135e+00,-7.600000000000363798e+00,3.866666666666787933e+00,-3.066666666667515528e+00,1.933333333332484472e+00,-1.399999999997817213e+00,1.933333333334303461e+00,-9.333333333343034610e-01,-5.733333333333575865e+00,-1.266666666664605145e+00,-5.733333333335394855e+00,-6.266666666664605145e+00,-1.400000000001455192e+00,-6.133333333333212067e+00,3.333333333333939663e+00,-6.000000000003637979e-01,2.666666666664241347e-01,-5.200000000000727596e+00,2.666666666682431241e-01,-3.066666666667515528e+00,-2.066666666665696539e+00,-5.066666666667515528e+00,-3.733333333333575865e+00,4.000000000014551915e-01,-4.466666666668970720e+00,3.733333333333575865e+00,1.600000000000363798e+00,-2.533333333332848269e+00,8.666666666667879326e-01,1.066666666665696539e+00,1.533333333334667259e+00,4.666666666671517305e-01,-3.733333333335394855e+00,-2.199999999998908606e+00,-4.600000000000363798e+00,-1.199999999998908606e+00,4.000000000014551915e-01,4.666666666671517305e-01,-3.066666666669334518e+00,-3.000000000000000000e+00,-2.999999999998181011e+00,-3.333333333333939663e+00,-3.333333333335758653e+00,-3.999999999978172127e-01,-5.133333333333212067e+00,-4.400000000001455192e+00,-6.799999999999272404e+00,-8.666666666667879326e-01,-4.666666666653327411e-01,0.000000000000000000e+00,-5.400000000001455192e+00,-9.333333333324844716e-01,-1.466666666667151731e+00,-2.866666666666787933e+00,-4.066666666667515528e+00,2.066666666667515528e+00,-3.666666666666060337e+00,5.999999999985448085e-01,1.133333333333212067e+00,-1.333333333333939663e+00,-3.333333333321206737e-01,4.733333333331756876e+00,-3.666666666666060337e+00,-6.066666666665696539e+00,-1.799999999999272404e+00,1.866666666664968943e+00,-3.133333333331393078e+00,-4.000000000000000000e+00,-3.999999999996362021e-01,-6.666666666660603369e-01,-7.533333333334667259e+00,3.333333333332120674e+00,-3.600000000000363798e+00,-2.999999999998181011e+00,-2.666666666664241347e-01,-5.066666666667515528e+00,-3.933333333332484472e+00,7.333333333335758653e-01,1.000000000000000000e+00,2.399999999999636202e+00,1.866666666664968943e+00,4.666666666671517305e-01,2.933333333332484472e+00,6.000000000021827873e-01,-2.933333333334303461e+00,1.333333333335758653e+00,-2.800000000001091394e+00,3.333333333321206737e-01,-4.399999999997817213e+00,3.066666666663877550e+00,6.666666666751552839e-02,-1.866666666666787933e+00,4.666666666653327411e-01,-7.999999999992724042e-01,-3.199999999998908606e+00,-5.199999999998908606e+00,-1.533333333332848269e+00,-3.266666666668243124e+00,-4.133333333333212067e+00,4.800000000001091394e+00,-2.600000000000363798e+00,-3.533333333332848269e+00,1.666666666666060337e+00,2.533333333332848269e+00,-1.033333333333393966e+01,-1.066666666665696539e+00,7.999999999992724042e-01,2.133333333333212067e+00,-3.600000000002182787e+00,4.266666666668243124e+00,-9.333333333343034610e-01,-1.399999999999636202e+00,-2.133333333333212067e+00,6.666666666678793263e-01,-1.333333333332120674e-01,2.933333333332484472e+00,-1.333333333332120674e+00,-2.866666666668606922e+00,-6.733333333333575865e+00,3.066666666669334518e+00,-9.333333333343034610e-01,-1.000000000001818989e+00,-4.799999999999272404e+00,4.533333333334667259e+00,-8.800000000001091394e+00,-3.066666666665696539e+00,-1.600000000000363798e+00,-1.333333333332120674e+00,-1.399999999999636202e+00,-8.400000000001455192e+00,-5.533333333332848269e+00,6.666666666569653898e-02,6.666666666751552839e-02,-1.200000000002546585e+00,-6.666666666387754958e-02,3.333333333321206737e-01,-4.266666666666424135e+00,-1.733333333333575865e+00,-1.399999999999636202e+00,1.266666666668243124e+00,1.999999999970896170e-01,7.333333333335758653e-01,2.466666666667151731e+00,3.733333333335394855e+00,3.533333333332848269e+00,-7.333333333335758653e-01,1.333333333333939663e+00,-5.466666666668970720e+00,-1.333333333332120674e-01,-3.533333333332848269e+00,-4.000000000000000000e+00,4.600000000000363798e+00,2.266666666666424135e+00,-1.000000000000000000e+00,1.000000000000000000e+00,3.266666666666424135e+00,-1.799999999999272404e+00,-4.066666666667515528e+00,-5.600000000000363798e+00,9.333333333343034610e-01,4.200000000000727596e+00,-4.666666666689707199e-01,2.333333333333939663e+00,6.000000000003637979e-01,1.266666666668243124e+00,1.733333333331756876e+00,-2.666666666666060337e+00,-3.866666666666787933e+00,-1.533333333334667259e+00,-2.533333333331029280e+00,1.818989403545856476e-12,-4.466666666668970720e+00,2.733333333333575865e+00,3.066666666667515528e+00,-2.533333333332848269e+00,-2.466666666668970720e+00,-3.933333333334303461e+00,-1.333333333333939663e+00,-1.000000000000000000e+00,-1.999999999989086064e-01,7.333333333335758653e-01,2.666666666664241347e-01,1.533333333334667259e+00,-4.400000000001455192e+00,5.333333333346672589e-01
-1.933333333332484472e+00,4.000000000014551915e-01,-3.400000000001455192e+00,7.333333333317568759e-01,-6.000000000003637979e-01,1.000000000001818989e+00,4.133333333333212067e+00,-1.066666666665696539e+00,-8.533333333334667259e+00,5.866666666666787933e+00,4.399999999999636202e+00,-3.266666666666424135e+00,5.333333333346672589e-01,4.599999999998544808e+00,1.106666666666569654e+01,1.533333333333393966e+01,1.640000000000145519e+01,2.039999999999963620e+01,1.379999999999927240e+01,1.446666666666715173e+01,1.373333333333357587e+01,1.580000000000109139e+01,1.746666666666715173e+01,2.173333333332993789e+01,1.226666666667006211e+01,1.233333333333030168e+01,1.806666666666751553e+01,1.819999999999890861e+01,1.313333333333321207e+01,5.600000000000363798e+00,-5.333333333310292801e-01,-1.399999999999636202e+00,-3.533333333334667259e+00,1.733333333333575865e+00,-4.599999999998544808e+00,-2.400000000001455192e+00,-4.466666666667151731e+00,-1.533333333331029280e+00,-2.266666666668243124e+00,-7.000000000000000000e+00,9.333333333324844716e-01,-4.599999999998544808e+00,-2.533333333334667259e+00,-1.533333333332848269e+00,-3.466666666667151731e+00,-4.666666666671517305e-01,-7.266666666664605145e+00,-3.200000000000727596e+00,-5.466666666667151731e+00,-6.799999999999272404e+00,-3.733333333335394855e+00,-2.799999999999272404e+00,-6.733333333333575865e+00,-4.333333333332120674e+00,3.999999999996362021e-01,-8.000000000000000000e+00,-3.600000000000363798e+00,-9.000000000000000000e+00,-7.200000000000727596e+00,-2.000000000001818989e+00,-5.133333333331393078e+00,1.333333333332120674e-01,-4.666666666666060337e+00,-2.266666666666424135e+00,1.999999999989086064e-01,-2.933333333330665482e+00,-4.266666666670062114e+00,-4.199999999998908606e+00,-6.666666666660603369e-01,-5.333333333328482695e-01,-2.733333333333575865e+00,1.133333333333212067e+00,4.000000000014551915e-01,1.333333333333939663e+00,-4.066666666667515528e+00,-7.999999999992724042e-01,-2.400000000001455192e+00,3.999999999996362021e-01,9.333333333324844716e-01,-7.333333333317568759e-01,1.733333333333575865e+00,-3.199999999998908606e+00,-1.133333333335031057e+00,-1.466666666667151731e+00,-3.799999999999272404e+00,-2.666666666682431241e-01,-1.466666666667151731e+00,-1.466666666667151731e+00,-1.533333333331029280e+00,6.666666666569653898e-02,1.333333333332120674e-01,-1.799999999999272404e+00,-9.999999999981810106e-01,-4.200000000000727596e+00,-6.000000000003637979e-01,-4.000000000000000000e+00,4.666666666666060337e+00,3.999999999996362021e-01,1.200000000000727596e+00,8.666666666667879326e-01,2.399999999997817213e+00,-2.399999999997817213e+00,-1.266666666668243124e+00,-4.866666666666787933e+00,2.666666666682431241e-01,6.666666666660603369e-01,-3.333333333321206737e-01,-1.133333333335031057e+00,-2.333333333333939663e+00,-2.599999999998544808e+00,-1.733333333333575865e+00,-4.333333333333939663e+00,6.666666666660603369e-01,-3.399999999997817213e+00,-4.000000000001818989e+00,-1.599999999998544808e+00,-2.199999999998908606e+00,-1.066666666667515528e+00,5.333333333332120674e+00,-4.199999999998908606e+00,-2.600000000002182787e+00,-2.799999999999272404e+00,-3.466666666667151731e+00,5.333333333346672589e-01,1.600000000000363798e+00,3.999999999996362021e-01,-3.533333333334667259e+00,-1.799999999999272404e+00,-4.799999999999272404e+00,9.333333333343034610e-01,-4.733333333333575865e+00,-5.333333333333939663e+00,3.199999999998908606e+00,-9.599999999998544808e+00,5.600000000000363798e+00,-5.733333333331756876e+00,-2.000000000007275958e-01,-2.000000000000000000e+00,1.133333333331393078e+00,-3.733333333333575865e+00,-3.133333333333212067e+00,2.266666666666424135e+00,-1.266666666666424135e+00,-2.133333333333212067e+00,6.666666666678793263e-01,2.666666666666060337e+00,6.066666666665696539e+00,-4.733333333333575865e+00,2.866666666668606922e+00,-5.933333333336122450e+00,3.333333333339396631e-01,2.666666666664241347e-01,2.066666666667515528e+00,-3.466666666667151731e+00,2.666666666664241347e-01,-6.666666666751552839e-02,5.333333333346672589e-01,-3.066666666665696539e+00,-1.818989403545856476e-12,-2.133333333333212067e+00,-4.466666666667151731e+00,-5.000000000000000000e+00,1.818989403545856476e-12,-6.600000000000363798e+00,3.133333333333212067e+00,-1.333333333333939663e+00,-1.466666666663513752e+00,-2.133333333335031057e+00,-4.133333333333212067e+00,-8.333333333333939663e+00,-1.800000000001091394e+00,-3.533333333332848269e+00,-5.333333333328482695e-01,-2.000000000007275958e-01,-3.933333333332484472e+00,-6.666666666660603369e-01,1.133333333333212067e+00,-5.200000000000727596e+00,4.466666666668970720e+00,-9.933333333334303461e+00,-8.000000000029103830e-01,-1.866666666664968943e+00,2.600000000000363798e+00,2.000000000000000000e+00,7.399999999999636202e+00,-3.466666666667151731e+00,-3.999999999996362021e-01,-1.800000000001091394e+00,-2.333333333332120674e+00,5.133333333333212067e+00,2.666666666664241347e-01,-1.066666666667515528e+00,7.999999999992724042e-01,-2.266666666664605145e+00,1.600000000000363798e+00,-2.000000000000000000e+00,-8.666666666667879326e-01,-4.733333333333575865e+00,2.133333333333212067e+00,-3.000000000000000000e+00,3.133333333333212067e+00,-8.000000000010913936e-01,0.000000000000000000e+00,-1.599999999998544808e+00,-5.400000000001455192e+00,1.266666666666424135e+00,1.818989403545856476e-12,-1.333333333332120674e-01,-7.333333333335758653e-01,-1.733333333331756876e+00,9.333333333324844716e-01,-2.399999999999636202e+00,-3.999999999996362021e-01,-1.866666666666787933e+00,1.266666666666424135e+00,-3.933333333332484472e+00,2.133333333333212067e+00,0.000000000000000000e+00,3.200000000000727596e+00,-1.200000000000727596e+00,-3.533333333334667259e+00,-5.399999999997817213e+00,1.666666666666060337e+00,-1.466666666667151731e+00,3.999999999978172127e-01,-8.000000000010913936e-01,1.533333333334667259e+00,-8.666666666667879326e-01,-2.666666666664241347e-01,-1.733333333333575865e+00,1.533333333332848269e+00,-4.666666666666060337e+00,-3.000000000000000000e+00,-9.333333333343034610e-01,-3.333333333321206737e-01,-2.666666666666060337e+00,0.000000000000000000e+00,-4.600000000000363798e+00,-1.466666666667151731e+00,-1.600000000000363798e+00,-1.799999999999272404e+00,0.000000000000000000e+00,-1.333333333333939663e+00,-4.000000000000000000e+00,0.000000000000000000e+00,-2.933333333334303461e+00,-7.999999999992724042e-01,-2.000000000007275958e-01,-2.266666666666424135e+00,-7.333333333335758653e-01,-6.666666666569653898e-02,8.000000000010913936e-01,-1.466666666667151731e+00,1.733333333333575865e+00,-1.333333333332120674e-01,-1.200000000000727596e+00,-1.733333333333575865e+00,-1.866666666668606922e+00,1.133333333335031057e+00,-3.466666666667151731e+00,2.799999999999272404e+00,3.333333333333939663e+00,3.999999999996362021e-01,-1.866666666664968943e+00,-1.733333333335394855e+00,-9.333333333324844716e-01,-4.066666666665696539e+00,2.266666666668243124e+00,-1.399999999999636202e+00,-6.666666666678793263e-01,-1.999999999989086064e-01,-1.533333333332848269e+00,-6.666666666751552839e-02,1.933333333332484472e+00,1.266666666666424135e+00,-1.266666666666424135e+00,-7.533333333334667259e+00,8.000000000010913936e-01,3.799999999999272404e+00,9.333333333343034610e-01,2.866666666666787933e+00,2.266666666668243124e+00,-2.600000000002182787e+00,-4.666666666671517305e-01,2.866666666668606922e+00,9.999999999981810106e-01,1.866666666666787933e+00,-1.466666666667151731e+00,-2.333333333333939663e+00,-1.133333333333212067e+00,-4.599999999998544808e+00,2.466666666665332741e+00,-5.333333333328482695e-01,-4.733333333331756876e+00,-4.666666666671517305e-01,-7.733333333333575865e+00,-1.666666666667879326e+00,1.466666666667151731e+00,-2.733333333333575865e+00,7.333333333335758653e-01,-7.999999999992724042e-01,9.333333333324844716e-01,2.133333333333212067e+00,-2.399999999999636202e+00,9.999999999981810106e-01,2.666666666666060337e+00,-2.000000000000000000e+00,-3.666666666664241347e+00,-6.666666666678793263e-01,-1.066666666665696539e+00,4.266666666666424135e+00,2.999999999998181011e+00,-1.599999999998544808e+00,1.133333333333212067e+00
-1.333333333333939663e+00,-1.066666666667515528e+00,-3.599999999998544808e+00,-2.866666666666787933e+00,4.666666666653327411e-01,3.200000000000727596e+00,-3.399999999999636202e+00,3.266666666666424135e+00,-3.733333333333575865e+00,-7.999999999992724042e-01,-3.066666666667515528e+00,-3.466666666667151731e+00,1.333333333332120674e-01,-1.199999999998908606e+00,3.666666666666060337e+00,2.000000000007275958e-01,-2.400000000001455192e+00,3.933333333332484472e+00,6.066666666667515528e+00,1.999999999989086064e-01,2.933333333336122450e+00,7.133333333331393078e+00,1.733333333333575865e+00,3.466666666667151731e+00,4.000000000001818989e+00,8.666666666667879326e-01,6.066666666665696539e+00,5.733333333333575865e+00,7.799999999999272404e+00,2.333333333332120674e+00,4.466666666667151731e+00,2.466666666667151731e+00,-5.333333333328482695e-01,-2.133333333333212067e+00,-6.000000000003637979e-01,1.133333333335031057e+00,-1.933333333334303461e+00,3.133333333333212067e+00,1.266666666666424135e+00,1.999999999989086064e-01,2.933333333334303461e+00,2.266666666664605145e+00,-4.133333333333212067e+00,-6.000000000003637979e-01,8.666666666667879326e-01,5.333333333328482695e-01,1.600000000002182787e+00,3.200000000000727596e+00,1.000000000000000000e+00,2.866666666664968943e+00,-2.066666666667515528e+00,3.533333333332848269e+00,-7.866666666666787933e+00,-1.933333333332484472e+00,-5.266666666666424135e+00,1.266666666668243124e+00,-3.399999999999636202e+00,8.666666666649689432e-01,-5.066666666665696539e+00,-2.066666666665696539e+00,-1.333333333332120674e-01,-1.933333333336122450e+00,-3.600000000000363798e+00,-3.333333333333939663e+00,-6.666666666642413475e-01,2.466666666665332741e+00,-8.266666666666424135e+00,-2.200000000000727596e+00,-2.933333333332484472e+00,3.333333333335758653e+00,-3.000000000000000000e+00,-6.666666666751552839e-02,-3.133333333333212067e+00,1.666666666666060337e+00,-3.333333333339396631e-01,-3.733333333333575865e+00,-1.799999999999272404e+00,2.266666666666424135e+00,7.333333333335758653e-01,-2.000000000007275958e-01,4.466666666667151731e+00,9.266666666666424135e+00,8.800000000002910383e+00,7.466666666665332741e+00,7.999999999992724042e-01,5.600000000000363798e+00,2.800000000001091394e+00,7.599999999998544808e+00,5.266666666666424135e+00,2.533333333332848269e+00,1.000000000000000000e+00,6.000000000003637979e-01,5.333333333328482695e-01,3.666666666669698316e+00,1.333333333333939663e+00,-1.266666666666424135e+00,-3.466666666668970720e+00,2.000000000000000000e+00,-2.400000000001455192e+00,2.200000000000727596e+00,-5.866666666666787933e+00,-4.666666666671517305e-01,-2.866666666664968943e+00,2.000000000000000000e+00,1.066666666665696539e+00,4.666666666671517305e-01,4.000000000000000000e+00,-2.266666666666424135e+00,-2.466666666667151731e+00,-2.533333333332848269e+00,-3.866666666668606922e+00,-1.666666666666060337e+00,-4.666666666666060337e+00,6.666666666751552839e-02,-2.000000000007275958e-01,-6.666666666569653898e-02,-3.266666666666424135e+00,1.333333333313930780e-01,-8.466666666667151731e+00,-2.600000000000363798e+00,4.666666666671517305e-01,5.333333333364862483e-01,-3.000000000001818989e+00,-1.600000000000363798e+00,-7.999999999992724042e-01,3.999999999996362021e-01,1.333333333332120674e-01,-2.266666666666424135e+00,-1.466666666668970720e+00,-4.399999999999636202e+00,6.000000000003637979e-01,-6.666666666569653898e-02,-2.333333333333939663e+00,2.666666666664241347e-01,2.000000000000000000e+00,9.333333333324844716e-01,-1.266666666662786156e+00,8.666666666649689432e-01,4.666666666671517305e-01,-1.533333333332848269e+00,-6.666666666678793263e-01,-6.666666666667879326e+00,1.200000000000727596e+00,-2.066666666667515528e+00,6.000000000003637979e-01,-1.266666666666424135e+00,-3.800000000001091394e+00,-4.666666666671517305e-01,-2.666666666664241347e-01,-4.333333333332120674e+00,-3.866666666666787933e+00,-2.866666666664968943e+00,-3.333333333333939663e+00,2.000000000000000000e+00,4.666666666667879326e+00,-2.666666666664241347e-01,3.333333333333939663e+00,-2.266666666668243124e+00,-1.466666666665332741e+00,-2.666666666669698316e+00,-1.333333333332120674e-01,1.733333333333575865e+00,-2.000000000000000000e+00,-1.399999999999636202e+00,-3.066666666667515528e+00,-2.199999999998908606e+00,-4.466666666667151731e+00,1.133333333333212067e+00,-3.600000000000363798e+00,-7.000000000000000000e+00,-8.866666666663149954e+00,-4.666666666666060337e+00,-9.333333333379414398e-01,-4.666666666666060337e+00,6.000000000003637979e-01,-3.400000000001455192e+00,9.333333333361224504e-01,-3.266666666668243124e+00,1.600000000000363798e+00,-6.666666666751552839e-02,-9.333333333343034610e-01,-1.999999999989086064e-01,-2.399999999999636202e+00,-1.666666666666060337e+00,-5.999999999985448085e-01,3.933333333332484472e+00,2.733333333333575865e+00,-3.066666666667515528e+00,1.333333333332120674e-01,-4.133333333335031057e+00,2.000000000001818989e+00,-1.020000000000072760e+01,5.333333333346672589e-01,-4.733333333333575865e+00,-4.199999999998908606e+00,-2.266666666668243124e+00,7.333333333335758653e-01,4.666666666653327411e-01,-3.399999999999636202e+00,-8.666666666667879326e-01,9.333333333324844716e-01,-9.333333333306654822e-01,-2.399999999999636202e+00,7.333333333317568759e-01,2.600000000000363798e+00,-4.266666666666424135e+00,5.866666666666787933e+00,1.999999999989086064e-01,-2.333333333333939663e+00,3.933333333334303461e+00,6.666666666660603369e-01,-1.199999999998908606e+00,0.000000000000000000e+00,7.333333333335758653e-01,-3.933333333334303461e+00,-3.066666666667515528e+00,-3.999999999998181011e+00,3.666666666666060337e+00,2.533333333334667259e+00,-1.266666666668243124e+00,6.000000000021827873e-01,-2.399999999999636202e+00,-1.733333333335394855e+00,1.866666666664968943e+00,-3.066666666663877550e+00,-2.733333333331756876e+00,1.933333333332484472e+00,-1.733333333335394855e+00,3.333333333339396631e-01,2.933333333332484472e+00,1.133333333333212067e+00,1.466666666667151731e+00,-5.933333333334303461e+00,4.666666666671517305e-01,-3.533333333332848269e+00,-2.666666666664241347e-01,-6.666666666696983157e-01,-2.399999999997817213e+00,2.133333333331393078e+00,1.000000000003637979e+00,5.066666666665696539e+00,-5.199999999998908606e+00,-2.799999999999272404e+00,-2.000000000001818989e+00,-1.733333333335394855e+00,-1.000000000000000000e+00,-4.666666666653327411e-01,4.000000000001818989e+00,-6.000000000003637979e+00,2.266666666670062114e+00,-5.200000000000727596e+00,5.333333333346672589e-01,3.999999999959982233e-01,-4.599999999998544808e+00,-3.866666666664968943e+00,-6.000000000000000000e+00,-1.866666666666787933e+00,-1.533333333332848269e+00,-2.466666666667151731e+00,-4.400000000001455192e+00,-6.133333333333212067e+00,-4.933333333332484472e+00,-1.800000000001091394e+00,-5.333333333328482695e-01,-5.199999999998908606e+00,1.266666666664605145e+00,-8.666666666631499538e-01,-2.200000000000727596e+00,1.666666666666060337e+00,-3.333333333339396631e-01,1.333333333332120674e-01,2.666666666664241347e-01,-7.333333333317568759e-01,0.000000000000000000e+00,4.399999999997817213e+00,4.399999999999636202e+00,5.533333333332848269e+00,-2.399999999997817213e+00,-1.199999999998908606e+00,1.333333333332120674e+00,6.666666666660603369e-01,-4.199999999998908606e+00,-9.333333333361224504e-01,-4.399999999997817213e+00,-2.799999999997453415e+00,-2.866666666668606922e+00,1.333333333333939663e+00,-1.266666666668243124e+00,7.333333333317568759e-01,-3.066666666663877550e+00,-7.399999999999636202e+00,-7.800000000001091394e+00,-2.800000000001091394e+00,1.066666666667515528e+00,-2.933333333334303461e+00,-4.666666666653327411e-01,0.000000000000000000e+00,-1.600000000000363798e+00,3.199999999998908606e+00,-8.666666666649689432e-01,-9.333333333343034610e-01,-4.000000000001818989e+00,2.466666666667151731e+00,2.399999999999636202e+00,-2.666666666627861559e-01,1.733333333333575865e+00,2.666666666666060337e+00,-5.999999999985448085e-01,3.333333333321206737e-01,3.333333333321206737e-01,-1.399999999999636202e+00,1.533333333329210291e+00,-7.999999999974534148e-01,-2.600000000000363798e+00
3.999999999996362021e-01,8.666666666667879326e-01,-4.599999999998544808e+00,9.999999999981810106e-01,-2.666666666666060337e+00,-3.400000000001455192e+00,-6.666666666751552839e-02,-4.066666666665696539e+00,6.066666666667515528e+00,-2.866666666668606922e+00,3.133333333333212067e+00,-3.133333333333212067e+00,-2.400000000001455192e+00,1.666666666667879326e+00,7.066666666667515528e+00,6.666666666667879326e+00,8.733333333333575865e+00,1.520000000000072760e+01,9.333333333333939663e+00,1.326666666666460515e+01,1.346666666666533274e+01,1.320000000000254659e+01,1.153333333333284827e+01,1.093333333333248447e+01,1.020000000000072760e+01,1.453333333333466726e+01,2.160000000000036380e+01,2.073333333333175688e+01,9.066666666665696539e+00,1.053333333333284827e+01,7.933333333334303461e+00,6.866666666666787933e+00,-3.333333333321206737e-01,2.533333333334667259e+00,3.399999999997817213e+00,1.399999999999636202e+00,-1.466666666667151731e+00,4.733333333333575865e+00,-6.666666666569653898e-02,5.799999999999272404e+00,-2.733333333333575865e+00,-3.799999999999272404e+00,-5.333333333332120674e+00,-3.333333333357586525e-01,-6.799999999997453415e+00,-4.266666666668243124e+00,-4.799999999999272404e+00,-1.466666666665332741e+00,-5.666666666667879326e+00,-3.599999999998544808e+00,-1.400000000003274181e+00,2.333333333335758653e+00,-3.333333333333939663e+00,-2.133333333335031057e+00,-3.333333333333939663e+00,9.333333333324844716e-01,-2.666666666666060337e+00,-4.999999999996362021e+00,-2.333333333332120674e+00,9.333333333324844716e-01,1.266666666666424135e+00,-1.800000000001091394e+00,-1.066666666667515528e+00,4.199999999998908606e+00,-4.266666666668243124e+00,-3.066666666667515528e+00,-6.333333333332120674e+00,-6.666666666569653898e-02,-3.999999999996362021e-01,-1.866666666666787933e+00,8.000000000010913936e-01,4.266666666668243124e+00,2.466666666665332741e+00,-4.666666666671517305e-01,2.733333333333575865e+00,-1.799999999999272404e+00,7.333333333317568759e-01,2.133333333333212067e+00,1.533333333332848269e+00,4.333333333333939663e+00,1.666666666667879326e+00,4.000000000000000000e+00,4.866666666666787933e+00,1.800000000001091394e+00,2.199999999998908606e+00,-1.266666666664605145e+00,-3.200000000000727596e+00,-5.199999999998908606e+00,2.666666666664241347e+00,8.666666666667879326e-01,1.933333333334303461e+00,2.266666666664605145e+00,-2.333333333332120674e+00,8.000000000010913936e-01,9.999999999981810106e-01,1.533333333332848269e+00,9.333333333324844716e-01,-1.333333333332120674e-01,-1.933333333330665482e+00,1.399999999999636202e+00,-1.600000000000363798e+00,-4.666666666653327411e-01,3.266666666664605145e+00,3.133333333333212067e+00,-1.000000000000000000e+00,-2.266666666666424135e+00,2.200000000002546585e+00,2.133333333333212067e+00,1.399999999999636202e+00,4.733333333331756876e+00,2.666666666666060337e+00,1.933333333332484472e+00,-3.999999999996362021e-01,1.600000000002182787e+00,-2.266666666666424135e+00,4.733333333333575865e+00,5.799999999999272404e+00,-2.066666666667515528e+00,-3.000000000000000000e+00,4.666666666653327411e-01,-3.999999999996362021e-01,-6.666666666660603369e-01,7.999999999992724042e-01,-2.600000000000363798e+00,-2.933333333334303461e+00,-2.866666666664968943e+00,-5.133333333333212067e+00,-7.066666666667515528e+00,-3.733333333333575865e+00,1.399999999999636202e+00,-4.799999999999272404e+00,-8.800000000001091394e+00,4.066666666667515528e+00,1.333333333333939663e+00,-6.000000000000000000e+00,9.333333333343034610e-01,-1.933333333334303461e+00,-5.466666666667151731e+00,-2.333333333333939663e+00,-4.199999999998908606e+00,-2.399999999999636202e+00,6.666666666660603369e-01,4.133333333333212067e+00,2.333333333333939663e+00,-7.999999999992724042e-01,3.666666666667879326e+00,9.133333333331393078e+00,-3.333333333339396631e-01,-3.999999999978172127e-01,4.466666666665332741e+00,-4.666666666671517305e-01,4.666666666671517305e-01,4.600000000000363798e+00,1.133333333333212067e+00,-3.866666666668606922e+00,5.200000000002546585e+00,-9.333333333324844716e-01,-2.000000000000000000e+00,-8.666666666686069220e-01,-3.200000000000727596e+00,-2.933333333332484472e+00,-7.333333333333939663e+00,-2.733333333331756876e+00,1.133333333333212067e+00,-3.999999999996362021e-01,4.199999999998908606e+00,4.666666666671517305e-01,-5.799999999999272404e+00,-8.000000000029103830e-01,4.866666666668606922e+00,-6.866666666666787933e+00,-1.933333333332484472e+00,-1.466666666668970720e+00,-4.466666666667151731e+00,-1.133333333333212067e+00,-1.999999999970896170e-01,6.666666666660603369e-01,-2.666666666682431241e-01,-3.799999999999272404e+00,-2.666666666666060337e+00,-4.400000000001455192e+00,-6.200000000000727596e+00,2.666666666666060337e+00,-1.133333333331393078e+00,-8.666666666667879326e-01,2.200000000000727596e+00,1.133333333333212067e+00,1.733333333331756876e+00,3.200000000000727596e+00,8.666666666667879326e-01,-5.999999999985448085e-01,-1.666666666666060337e+00,-2.866666666666787933e+00,-8.666666666704259114e-01,2.600000000002182787e+00,9.999999999981810106e-01,1.333333333332120674e+00,2.000000000025465852e-01,-1.333333333313930780e-01,-2.200000000000727596e+00,-4.800000000001091394e+00,-4.666666666666060337e+00,-4.333333333332120674e+00,-3.133333333331393078e+00,3.600000000000363798e+00,-4.400000000001455192e+00,-2.600000000000363798e+00,-3.637978807091712952e-12,6.666666666678793263e-01,-3.933333333334303461e+00,-1.866666666666787933e+00,-7.999999999992724042e-01,-1.466666666665332741e+00,-3.666666666666060337e+00,-3.333333333321206737e-01,2.266666666666424135e+00,-1.200000000002546585e+00,3.066666666665696539e+00,-2.266666666668243124e+00,-7.466666666667151731e+00,-1.466666666663513752e+00,-2.600000000000363798e+00,-3.000000000000000000e+00,-4.800000000001091394e+00,-1.866666666664968943e+00,-3.066666666667515528e+00,-1.266666666666424135e+00,-3.599999999998544808e+00,-5.333333333346672589e-01,-1.200000000000727596e+00,-3.133333333333212067e+00,2.333333333333939663e+00,-2.933333333332484472e+00,1.333333333333939663e+00,-2.266666666666424135e+00,2.266666666664605145e+00,-8.666666666667879326e-01,-2.000000000000000000e+00,-4.066666666667515528e+00,-3.933333333332484472e+00,-3.866666666666787933e+00,-5.533333333331029280e+00,-6.600000000000363798e+00,-2.000000000000000000e+00,-4.666666666667879326e+00,-1.866666666666787933e+00,-5.466666666665332741e+00,-6.133333333333212067e+00,-6.000000000003637979e-01,-1.799999999999272404e+00,-7.733333333333575865e+00,-7.999999999992724042e-01,-8.666666666667879326e-01,-2.466666666667151731e+00,2.666666666646051453e-01,-4.999999999998181011e+00,1.733333333333575865e+00,2.000000000007275958e-01,-1.866666666666787933e+00,-1.333333333335758653e+00,-4.799999999999272404e+00,-4.199999999998908606e+00,-8.666666666667879326e-01,-4.333333333332120674e+00,1.666666666666060337e+00,1.333333333333939663e+00,-3.266666666666424135e+00,5.999999999985448085e-01,5.200000000000727596e+00,3.133333333333212067e+00,1.000000000000000000e+00,-3.800000000002910383e+00,2.466666666667151731e+00,1.200000000000727596e+00,-1.666666666666060337e+00,2.066666666665696539e+00,2.066666666667515528e+00,-2.800000000001091394e+00,-1.133333333333212067e+00,-1.666666666664241347e+00,-2.399999999997817213e+00,-4.666666666689707199e-01,-4.466666666667151731e+00,-3.133333333333212067e+00,-8.200000000002546585e+00,3.333333333357586525e-01,-5.266666666668243124e+00,-2.599999999998544808e+00,-4.266666666666424135e+00,-1.733333333333575865e+00,-5.200000000000727596e+00,-3.199999999998908606e+00,-2.866666666666787933e+00,-5.800000000001091394e+00,-5.866666666664968943e+00,5.999999999985448085e-01,-4.466666666665332741e+00,-8.000000000029103830e-01,-4.466666666665332741e+00,-1.533333333332848269e+00,1.000000000001818989e+00,1.799999999997453415e+00,-2.799999999999272404e+00,2.666666666664241347e-01,-2.933333333334303461e+00,5.666666666666060337e+00,9.333333333343034610e-01,1.333333333313930780e-01,2.000000000025465852e-01,1.333333333332120674e-01,-3.466666666665332741e+00,3.200000000000727596e+00,-4.666666666671517305e-01,-1.333333333332120674e-01
-2.333333333332120674e+00,1.999999999989086064e-01,-4.199999999998908606e+00,-4.133333333333212067e+00,1.400000000001455192e+00,-1.666666666667879326e+00,1.799999999997453415e+00,-3.133333333333212067e+00,-7.066666666665696539e+00,-1.000000000000000000e+00,-2.266666666668243124e+00,1.000000000001818989e+00,6.666666666678793263e-01,-7.333333333335758653e-01,5.000000000000000000e+00,4.800000000001091394e+00,6.733333333333575865e+00,1.106666666666569654e+01,9.199999999998908606e+00,1.059999999999854481e+01,1.060000000000036380e+01,1.220000000000072760e+01,1.520000000000254659e+01,1.653333333333284827e+01,1.426666666666824312e+01,1.573333333333175688e+01,1.300000000000000000e+01,1.133333333333212067e+01,1.246666666666533274e+01,8.466666666667151731e+00,4.533333333334667259e+00,5.666666666666060337e+00,7.599999999998544808e+00,5.600000000002182787e+00,1.733333333333575865e+00,8.333333333332120674e+00,2.066666666667515528e+00,-1.333333333332120674e-01,-1.666666666666060337e+00,-3.666666666667879326e+00,-1.133333333333212067e+00,-4.200000000000727596e+00,-1.933333333332484472e+00,-2.799999999999272404e+00,-3.399999999999636202e+00,-7.333333333335758653e-01,-5.066666666667515528e+00,-7.266666666666424135e+00,-3.000000000001818989e+00,-5.999999999985448085e-01,-6.000000000000000000e+00,-2.733333333333575865e+00,-3.400000000001455192e+00,-6.666666666569653898e-02,-3.199999999998908606e+00,-7.666666666666060337e+00,-4.399999999999636202e+00,-3.400000000001455192e+00,-4.000000000000000000e+00,-1.333333333313930780e-01,-1.533333333334667259e+00,7.333333333335758653e-01,1.399999999999636202e+00,-4.399999999999636202e+00,-4.533333333334667259e+00,-3.199999999998908606e+00,-4.933333333334303461e+00,-4.066666666665696539e+00,-1.733333333335394855e+00,-2.533333333332848269e+00,1.600000000000363798e+00,4.733333333335394855e+00,-3.266666666666424135e+00,-5.266666666666424135e+00,-3.333333333332120674e+00,1.866666666664968943e+00,-1.400000000001455192e+00,-2.933333333332484472e+00,4.600000000002182787e+00,4.466666666663513752e+00,3.733333333333575865e+00,5.066666666663877550e+00,2.400000000003274181e+00,0.000000000000000000e+00,1.599999999998544808e+00,-6.666666666660603369e-01,-4.666666666671517305e-01,3.000000000000000000e+00,1.020000000000254659e+01,2.199999999997089617e+00,-3.133333333333212067e+00,2.333333333333939663e+00,1.666666666666060337e+00,6.666666666660603369e-01,3.333333333339396631e-01,-3.733333333333575865e+00,0.000000000000000000e+00,2.066666666665696539e+00,2.533333333336486248e+00,1.666666666667879326e+00,4.999999999996362021e+00,1.266666666666424135e+00,4.666666666671517305e-01,-3.999999999996362021e-01,2.333333333333939663e+00,6.666666666751552839e-02,1.999999999989086064e-01,9.333333333324844716e-01,2.799999999999272404e+00,-1.266666666666424135e+00,5.533333333334667259e+00,-1.866666666664968943e+00,-7.333333333335758653e-01,-6.000000000003637979e-01,9.999999999981810106e-01,6.000000000003637979e-01,2.866666666668606922e+00,2.399999999999636202e+00,1.133333333331393078e+00,1.866666666666787933e+00,4.066666666667515528e+00,-1.200000000000727596e+00,2.066666666665696539e+00,-1.000000000000000000e+00,-2.666666666664241347e-01,-3.400000000001455192e+00,-5.999999999967258191e-01,1.999999999989086064e-01,7.999999999992724042e-01,1.200000000002546585e+00,-1.133333333333212067e+00,-6.666666666569653898e-02,1.333333333332120674e+00,9.333333333343034610e-01,-2.000000000000000000e+00,-3.000000000001818989e+00,-2.000000000007275958e-01,-4.666666666671517305e-01,-3.000000000000000000e+00,-1.666666666666060337e+00,-1.666666666667879326e+00,2.600000000002182787e+00,1.266666666668243124e+00,-2.666666666669698316e+00,-2.066666666665696539e+00,6.666666666751552839e-02,-4.133333333333212067e+00,-1.466666666668970720e+00,-3.200000000000727596e+00,-2.333333333332120674e+00,1.266666666668243124e+00,-1.200000000000727596e+00,-9.333333333324844716e-01,1.266666666666424135e+00,-5.333333333328482695e-01,1.800000000001091394e+00,-4.333333333333939663e+00,-3.066666666667515528e+00,6.000000000003637979e-01,-1.800000000001091394e+00,9.333333333343034610e-01,-8.666666666667879326e-01,-4.266666666668243124e+00,-8.666666666649689432e-01,-9.333333333343034610e-01,-3.600000000000363798e+00,4.266666666666424135e+00,-3.266666666664605145e+00,-3.199999999998908606e+00,-7.333333333353948547e-01,-1.600000000000363798e+00,-1.933333333334303461e+00,-1.333333333333939663e+00,-8.333333333332120674e+00,1.466666666667151731e+00,-8.000000000000000000e+00,-2.799999999999272404e+00,-2.200000000000727596e+00,-3.600000000000363798e+00,-3.066666666667515528e+00,-1.666666666666060337e+00,-1.266666666666424135e+00,-1.666666666667879326e+00,-1.200000000000727596e+00,-2.200000000000727596e+00,-3.066666666663877550e+00,2.400000000001455192e+00,-1.066666666667515528e+00,4.600000000000363798e+00,-2.866666666668606922e+00,1.200000000000727596e+00,-1.999999999989086064e-01,1.999999999989086064e-01,-6.666666666569653898e-02,2.000000000000000000e+00,1.199999999998908606e+00,-7.999999999992724042e-01,-5.999999999967258191e-01,-4.133333333333212067e+00,-1.333333333368500462e-01,2.800000000001091394e+00,-4.600000000000363798e+00,-8.666666666667879326e-01,-3.133333333333212067e+00,-1.533333333332848269e+00,1.399999999999636202e+00,1.399999999999636202e+00,1.666666666667879326e+00,-1.066666666665696539e+00,-4.866666666668606922e+00,-1.399999999999636202e+00,-4.666666666667879326e+00,-1.200000000000727596e+00,4.133333333333212067e+00,-3.000000000000000000e+00,-2.000000000000000000e+00,1.200000000000727596e+00,-1.133333333333212067e+00,-8.666666666667879326e-01,-2.533333333332848269e+00,-3.600000000000363798e+00,5.333333333328482695e-01,-8.066666666665696539e+00,2.399999999999636202e+00,5.333333333346672589e-01,-1.333333333332120674e-01,-1.666666666667879326e+00,-1.133333333333212067e+00,-5.799999999999272404e+00,8.666666666649689432e-01,-4.199999999998908606e+00,3.999999999996362021e-01,1.818989403545856476e-12,-3.333333333339396631e-01,1.933333333332484472e+00,-2.799999999999272404e+00,-4.066666666669334518e+00,5.133333333333212067e+00,-9.666666666666060337e+00,1.733333333335394855e+00,-2.733333333333575865e+00,-1.000000000001818989e+00,-6.000000000000000000e+00,8.666666666667879326e-01,-7.133333333333212067e+00,1.733333333333575865e+00,-4.733333333331756876e+00,-4.733333333333575865e+00,-1.333333333332120674e-01,-5.333333333333939663e+00,1.266666666668243124e+00,-3.200000000000727596e+00,-4.666666666671517305e-01,2.199999999998908606e+00,-4.733333333331756876e+00,-3.066666666667515528e+00,-3.733333333333575865e+00,3.200000000000727596e+00,-1.800000000002910383e+00,1.533333333334667259e+00,-5.000000000000000000e+00,1.933333333334303461e+00,6.666666666569653898e-02,-3.266666666666424135e+00,-6.666666666569653898e-02,-2.600000000000363798e+00,1.066666666665696539e+00,-2.666666666666060337e+00,-2.333333333333939663e+00,-3.799999999999272404e+00,3.066666666663877550e+00,-3.133333333331393078e+00,-1.266666666666424135e+00,-3.733333333333575865e+00,1.133333333331393078e+00,1.200000000002546585e+00,-4.199999999998908606e+00,-1.866666666666787933e+00,3.066666666667515528e+00,1.399999999999636202e+00,-3.200000000002546585e+00,-7.999999999992724042e-01,-5.333333333328482695e-01,7.999999999992724042e-01,2.533333333334667259e+00,-4.533333333332848269e+00,7.999999999992724042e-01,-6.666666666751552839e-02,6.666666666678793263e-01,-2.266666666666424135e+00,-5.600000000000363798e+00,-1.066666666665696539e+00,-7.999999999992724042e-01,-5.666666666667879326e+00,-3.466666666667151731e+00,2.866666666666787933e+00,-5.800000000001091394e+00,-1.866666666666787933e+00,-2.666666666666060337e+00,-5.333333333346672589e-01,-3.799999999999272404e+00,-7.333333333335758653e-01,-4.666666666666060337e+00,-4.399999999999636202e+00,-3.666666666666060337e+00,2.466666666665332741e+00,-1.799999999999272404e+00,1.333333333333939663e+00,2.466666666667151731e+00,6.666666666569653898e-02,-3.666666666666060337e+00,1.266666666668243124e+00,-4.533333333332848269e+00,3.133333333333212067e+00
-4.600000000000363798e+00,2.266666666666424135e+00,1.999999999998181011e+00,-5.999999999985448085e-01,2.666666666666060337e+00,-1.066666666667515528e+00,2.333333333335758653e+00,-1.666666666667879326e+00,4.000000000001818989e+00,-3.133333333335031057e+00,-3.399999999999636202e+00,5.333333333332120674e+00,-1.133333333331393078e+00,-3.333333333339396631e-01,7.199999999998908606e+00,8.800000000002910383e+00,3.533333333332848269e+00,8.933333333330665482e+00,1.093333333333612245e+01,7.599999999998544808e+00,1.033333333333393966e+01,8.066666666665696539e+00,8.666666666666060337e+00,7.399999999999636202e+00,1.493333333333248447e+01,1.293333333333612245e+01,3.333333333330301684e+00,1.013333333333321207e+01,5.866666666666787933e+00,3.133333333335031057e+00,2.333333333332120674e+00,6.133333333333212067e+00,-7.333333333317568759e-01,-2.733333333333575865e+00,-2.600000000000363798e+00,-1.199999999998908606e+00,-3.533333333332848269e+00,1.066666666667515528e+00,-1.600000000000363798e+00,-5.666666666667879326e+00,-1.333333333333939663e+00,3.333333333339396631e-01,-1.666666666666060337e+00,-2.733333333335394855e+00,-3.600000000000363798e+00,-4.133333333331393078e+00,-2.666666666667879326e+00,-3.199999999998908606e+00,-6.666666666569653898e-02,-4.466666666668970720e+00,-3.999999999996362021e-01,-7.999999999992724042e-01,-5.133333333333212067e+00,-6.333333333332120674e+00,2.333333333330301684e+00,-1.266666666664605145e+00,-2.800000000001091394e+00,-6.399999999999636202e+00,8.666666666667879326e-01,-1.933333333332484472e+00,-1.266666666666424135e+00,3.333333333339396631e-01,3.333333333321206737e-01,-2.000000000007275958e-01,-1.533333333332848269e+00,-5.800000000001091394e+00,6.666666666678793263e-01,1.066666666665696539e+00,1.200000000000727596e+00,-5.866666666666787933e+00,-2.333333333332120674e+00,-1.133333333335031057e+00,-2.866666666664968943e+00,-3.200000000000727596e+00,2.533333333332848269e+00,-7.333333333335758653e-01,-7.866666666666787933e+00,-3.866666666666787933e+00,-3.333333333303016843e-01,2.066666666663877550e+00,-2.000000000007275958e-01,-4.600000000000363798e+00,2.666666666664241347e-01,-1.333333333333939663e+00,-1.733333333331756876e+00,-2.266666666666424135e+00,3.400000000001455192e+00,9.333333333324844716e-01,-1.200000000000727596e+00,-3.933333333332484472e+00,1.333333333335758653e+00,1.399999999999636202e+00,-2.066666666669334518e+00,-2.866666666666787933e+00,0.000000000000000000e+00,1.933333333334303461e+00,1.133333333333212067e+00,-2.000000000007275958e-01,2.000000000007275958e-01,-8.666666666649689432e-01,5.133333333331393078e+00,-2.733333333331756876e+00,2.000000000007275958e-01,4.066666666667515528e+00,3.533333333332848269e+00,-1.466666666667151731e+00,1.866666666664968943e+00,9.333333333343034610e-01,6.666666666569653898e-02,-1.333333333368500462e-01,-1.133333333331393078e+00,-3.266666666666424135e+00,2.266666666666424135e+00,-4.066666666665696539e+00,4.533333333336486248e+00,-6.733333333335394855e+00,-2.533333333332848269e+00,-4.466666666667151731e+00,-6.200000000000727596e+00,-6.000000000000000000e+00,-3.000000000000000000e+00,-2.800000000001091394e+00,-4.333333333333939663e+00,2.000000000007275958e-01,-6.000000000003637979e-01,-2.866666666664968943e+00,2.333333333333939663e+00,-4.266666666666424135e+00,6.133333333333212067e+00,-8.000000000010913936e-01,-1.000000000000000000e+00,-6.666666666569653898e-02,3.733333333333575865e+00,1.000000000000000000e+00,2.266666666664605145e+00,-3.533333333332848269e+00,-2.400000000001455192e+00,3.600000000002182787e+00,-1.466666666667151731e+00,-2.000000000000000000e+00,1.133333333333212067e+00,-1.333333333332120674e-01,-2.133333333331393078e+00,-2.666666666669698316e+00,-5.666666666666060337e+00,-5.333333333328482695e-01,-2.199999999998908606e+00,-2.466666666667151731e+00,2.733333333333575865e+00,-2.133333333335031057e+00,8.000000000010913936e-01,6.000000000000000000e+00,-3.200000000000727596e+00,-1.600000000002182787e+00,-2.799999999999272404e+00,-1.600000000000363798e+00,-1.399999999997817213e+00,-1.333333333332120674e-01,-8.466666666667151731e+00,6.666666666696983157e-01,-6.000000000021827873e-01,-4.066666666667515528e+00,-2.066666666665696539e+00,-6.200000000000727596e+00,-1.000000000000000000e+00,2.333333333332120674e+00,-4.333333333332120674e+00,4.133333333335031057e+00,-3.266666666668243124e+00,4.466666666665332741e+00,-2.000000000007275958e-01,-1.133333333331393078e+00,-3.333333333339396631e-01,1.600000000000363798e+00,-2.866666666668606922e+00,-3.266666666666424135e+00,2.333333333333939663e+00,-1.599999999998544808e+00,2.200000000000727596e+00,-4.266666666666424135e+00,-1.333333333333939663e+00,-1.933333333334303461e+00,-7.733333333331756876e+00,2.333333333333939663e+00,-4.333333333333939663e+00,-2.200000000000727596e+00,-1.733333333333575865e+00,2.666666666664241347e-01,6.666666666751552839e-02,-3.666666666666060337e+00,2.399999999999636202e+00,5.333333333328482695e-01,-3.466666666668970720e+00,-4.999999999998181011e+00,1.200000000000727596e+00,-3.466666666667151731e+00,-5.866666666666787933e+00,1.133333333333212067e+00,-8.666666666667879326e-01,-4.666666666666060337e+00,6.666666666660603369e-01,-2.733333333333575865e+00,-5.000000000000000000e+00,1.333333333332120674e-01,1.266666666666424135e+00,4.666666666689707199e-01,-2.333333333333939663e+00,3.000000000000000000e+00,1.266666666666424135e+00,-1.133333333331393078e+00,2.799999999999272404e+00,2.266666666666424135e+00,-1.800000000002910383e+00,-6.666666666660603369e-01,7.333333333353948547e-01,-1.733333333333575865e+00,-7.333333333335758653e-01,3.533333333331029280e+00,-5.999999999998181011e+00,6.666666666751552839e-02,-5.399999999997817213e+00,-1.333333333335758653e+00,3.600000000000363798e+00,-1.066666666665696539e+00,-2.666666666682431241e-01,-6.866666666666787933e+00,3.399999999997817213e+00,-1.933333333330665482e+00,-1.933333333334303461e+00,4.399999999999636202e+00,1.333333333332120674e-01,1.399999999999636202e+00,-5.333333333333939663e+00,5.866666666668606922e+00,-2.199999999998908606e+00,5.333333333328482695e-01,4.266666666664605145e+00,-3.733333333331756876e+00,6.666666666569653898e-02,-5.999999999985448085e-01,5.399999999999636202e+00,-1.599999999998544808e+00,2.666666666646051453e-01,1.533333333332848269e+00,-7.133333333333212067e+00,-3.933333333334303461e+00,-1.666666666666060337e+00,-2.133333333333212067e+00,-4.133333333331393078e+00,-1.066666666667515528e+00,3.999999999996362021e-01,-2.733333333333575865e+00,-4.533333333332848269e+00,-3.666666666666060337e+00,-1.533333333332848269e+00,-3.133333333335031057e+00,-7.933333333334303461e+00,-3.333333333339396631e-01,-1.933333333330665482e+00,3.666666666666060337e+00,2.000000000000000000e+00,5.333333333328482695e-01,4.333333333333939663e+00,-1.866666666666787933e+00,1.133333333333212067e+00,1.400000000001455192e+00,-3.333333333333939663e+00,2.333333333332120674e+00,-1.733333333333575865e+00,-2.599999999998544808e+00,1.399999999999636202e+00,3.133333333333212067e+00,-2.000000000007275958e-01,-1.533333333332848269e+00,-6.600000000000363798e+00,1.466666666667151731e+00,-2.666666666666060337e+00,-4.266666666668243124e+00,4.333333333335758653e+00,-1.933333333336122450e+00,-1.933333333332484472e+00,-2.999999999998181011e+00,-3.533333333332848269e+00,4.133333333331393078e+00,2.000000000000000000e+00,-1.599999999998544808e+00,-1.066666666667515528e+00,-2.600000000000363798e+00,-9.333333333343034610e-01,1.533333333334667259e+00,-2.266666666666424135e+00,-1.866666666664968943e+00,5.133333333331393078e+00,-5.133333333333212067e+00,-1.066666666667515528e+00,-4.666666666666060337e+00,7.333333333317568759e-01,-3.799999999999272404e+00,1.333333333350310568e-01,1.733333333331756876e+00,-4.666666666667879326e+00,1.333333333332120674e-01,-2.000000000000000000e+00,-9.999999999981810106e-01,4.466666666663513752e+00,-1.133333333333212067e+00,-2.333333333332120674e+00,-5.266666666664605145e+00,2.866666666664968943e+00,1.866666666666787933e+00,9.333333333324844716e-01,3.333333333339396631e-01,3.466666666665332741e+00,-4.666666666666060337e+00
-1.818989403545856476e-12,-6.200000000000727596e+00,-6.666666666642413475e-01,-1.666666666667879326e+00,-5.999999999985448085e-01,-6.666666666678793263e-01,6.666666666569653898e-02,4.866666666666787933e+00,1.200000000000727596e+00,-2.466666666667151731e+00,-1.533333333334667259e+00,-1.266666666662786156e+00,-2.266666666668243124e+00,1.600000000002182787e+00,-4.466666666668970720e+00,-9.333333333324844716e-01,2.799999999997453415e+00,1.133333333333212067e+00,1.800000000001091394e+00,2.000000000003637979e+00,2.399999999995998223e+00,3.933333333336122450e+00,8.799999999999272404e+00,5.533333333332848269e+00,5.666666666666060337e+00,1.086666666666496894e+01,6.666666666666060337e+00,1.053333333333466726e+01,5.066666666667515528e+00,5.266666666664605145e+00,6.666666666666060337e+00,1.733333333333575865e+00,1.733333333333575865e+00,2.600000000002182787e+00,3.133333333333212067e+00,5.533333333332848269e+00,3.799999999999272404e+00,-1.733333333333575865e+00,2.800000000001091394e+00,-1.200000000000727596e+00,-1.333333333332120674e-01,-2.133333333333212067e+00,-5.000000000000000000e+00,2.333333333333939663e+00,2.733333333333575865e+00,-1.933333333334303461e+00,3.000000000000000000e+00,1.266666666668243124e+00,1.733333333331756876e+00,3.333333333321206737e-01,-3.266666666666424135e+00,4.933333333336122450e+00,1.199999999998908606e+00,-4.466666666665332741e+00,1.799999999999272404e+00,-2.600000000002182787e+00,-5.333333333292102907e-01,6.666666666642413475e-01,-3.399999999999636202e+00,1.199999999998908606e+00,4.666666666671517305e-01,-1.200000000000727596e+00,-8.666666666649689432e-01,-2.066666666665696539e+00,-1.733333333333575865e+00,-2.000000000007275958e-01,-1.260000000000036380e+01,-4.333333333333939663e+00,-5.200000000000727596e+00,-4.266666666666424135e+00,-3.400000000001455192e+00,-2.333333333333939663e+00,-2.333333333330301684e+00,-1.999999999989086064e-01,-2.866666666666787933e+00,-5.333333333346672589e-01,-1.733333333333575865e+00,-3.800000000001091394e+00,-3.533333333332848269e+00,6.666666666569653898e-02,-1.066666666665696539e+00,8.666666666686069220e-01,-1.199999999998908606e+00,5.799999999999272404e+00,-2.466666666667151731e+00,1.800000000001091394e+00,1.266666666666424135e+00,-2.400000000001455192e+00,-2.933333333334303461e+00,-2.199999999998908606e+00,-4.733333333333575865e+00,-3.266666666666424135e+00,-5.333333333328482695e-01,5.333333333346672589e-01,-4.000000000014551915e-01,6.000000000021827873e-01,1.666666666664241347e+00,-2.000000000000000000e+00,-1.466666666667151731e+00,4.133333333333212067e+00,-2.200000000000727596e+00,3.999999999996362021e-01,3.533333333334667259e+00,-1.333333333313930780e-01,-1.533333333332848269e+00,-2.533333333336486248e+00,1.866666666666787933e+00,-6.666666666569653898e-02,1.200000000000727596e+00,3.999999999978172127e-01,-1.333333333313930780e-01,-3.266666666666424135e+00,-2.666666666664241347e-01,-5.666666666666060337e+00,-4.866666666668606922e+00,-2.000000000000000000e+00,-1.866666666666787933e+00,-1.066666666665696539e+00,1.199999999998908606e+00,3.266666666666424135e+00,5.399999999999636202e+00,5.333333333328482695e-01,-2.999999999998181011e+00,-2.000000000000000000e+00,-7.999999999992724042e-01,-5.866666666666787933e+00,-4.666666666671517305e-01,2.666666666664241347e-01,2.666666666664241347e-01,-7.999999999992724042e-01,3.666666666664241347e+00,2.000000000025465852e-01,-2.333333333333939663e+00,-3.400000000001455192e+00,-6.933333333332484472e+00,-3.199999999998908606e+00,1.866666666666787933e+00,1.333333333350310568e-01,-2.000000000003637979e+00,-7.666666666667879326e+00,4.333333333333939663e+00,1.733333333331756876e+00,-5.999999999985448085e-01,-3.333333333321206737e-01,-2.799999999999272404e+00,-3.666666666667879326e+00,-2.733333333333575865e+00,-6.000000000000000000e+00,-2.399999999999636202e+00,3.600000000000363798e+00,-4.666666666653327411e-01,-5.399999999997817213e+00,1.999999999970896170e-01,-2.133333333335031057e+00,-1.199999999998908606e+00,-6.266666666666424135e+00,-3.399999999999636202e+00,-4.933333333334303461e+00,-6.866666666666787933e+00,9.333333333324844716e-01,5.333333333328482695e-01,-2.066666666665696539e+00,2.200000000000727596e+00,-1.999999999989086064e-01,-2.666666666667879326e+00,-1.866666666666787933e+00,-1.333333333313930780e-01,-5.999999999985448085e-01,2.666666666646051453e-01,3.200000000000727596e+00,2.666666666664241347e+00,1.000000000000000000e+00,4.933333333336122450e+00,8.266666666666424135e+00,-3.400000000001455192e+00,-4.066666666667515528e+00,-4.599999999998544808e+00,-1.133333333333212067e+00,1.799999999999272404e+00,2.666666666664241347e-01,3.133333333333212067e+00,-1.933333333334303461e+00,-1.399999999999636202e+00,-6.666666666569653898e-02,5.333333333346672589e-01,-3.266666666666424135e+00,-2.266666666666424135e+00,-3.466666666668970720e+00,-2.533333333332848269e+00,1.800000000001091394e+00,7.999999999992724042e-01,1.399999999999636202e+00,6.000000000003637979e-01,-4.666666666671517305e-01,-6.133333333333212067e+00,-3.600000000000363798e+00,-1.666666666667879326e+00,-3.000000000000000000e+00,-2.533333333331029280e+00,-4.866666666668606922e+00,-1.266666666664605145e+00,1.799999999999272404e+00,3.333333333339396631e-01,-4.800000000001091394e+00,-2.799999999997453415e+00,-2.800000000002910383e+00,2.800000000001091394e+00,-2.466666666665332741e+00,-4.799999999999272404e+00,2.866666666664968943e+00,-2.000000000000000000e+00,9.333333333306654822e-01,7.733333333333575865e+00,-1.533333333334667259e+00,4.533333333334667259e+00,8.666666666686069220e-01,-4.266666666668243124e+00,-4.133333333333212067e+00,7.333333333353948547e-01,4.666666666653327411e-01,1.600000000002182787e+00,-2.933333333334303461e+00,7.999999999992724042e-01,3.133333333333212067e+00,-1.866666666666787933e+00,3.066666666667515528e+00,-2.466666666667151731e+00,-5.999999999998181011e+00,-7.999999999992724042e-01,-6.133333333335031057e+00,-7.333333333335758653e-01,1.599999999998544808e+00,9.333333333324844716e-01,-7.999999999992724042e-01,1.266666666666424135e+00,-1.333333333313930780e-01,-1.399999999999636202e+00,-2.266666666666424135e+00,-4.400000000001455192e+00,4.666666666671517305e-01,-3.666666666667879326e+00,1.066666666667515528e+00,-1.533333333334667259e+00,2.666666666666060337e+00,1.866666666668606922e+00,6.666666666660603369e-01,1.733333333335394855e+00,2.666666666646051453e-01,1.200000000000727596e+00,-2.000000000007275958e-01,-2.199999999998908606e+00,-1.333333333335758653e+00,-5.999999999967258191e-01,5.999999999985448085e-01,6.666666666569653898e-02,-7.999999999974534148e-01,-2.666666666666060337e+00,-2.133333333333212067e+00,-2.666666666682431241e-01,1.066666666665696539e+00,-1.066666666667515528e+00,-6.666666666660603369e-01,-1.533333333334667259e+00,5.333333333346672589e-01,-1.666666666667879326e+00,-9.333333333306654822e-01,3.866666666664968943e+00,1.600000000000363798e+00,-1.733333333335394855e+00,8.666666666649689432e-01,-3.399999999997817213e+00,2.333333333333939663e+00,2.466666666667151731e+00,-7.333333333335758653e-01,-3.533333333332848269e+00,-7.333333333335758653e-01,-3.733333333335394855e+00,2.600000000000363798e+00,-2.999999999998181011e+00,1.333333333332120674e-01,1.799999999999272404e+00,-5.799999999999272404e+00,-1.866666666666787933e+00,1.866666666666787933e+00,-2.599999999998544808e+00,2.466666666663513752e+00,8.000000000029103830e-01,-1.733333333333575865e+00,-3.333333333333939663e+00,-6.666666666569653898e-02,-2.666666666646051453e-01,9.999999999981810106e-01,-2.266666666668243124e+00,-1.333333333313930780e-01,-4.000000000003637979e+00,-6.399999999997817213e+00,2.333333333333939663e+00,-2.666666666667879326e+00,-1.599999999998544808e+00,1.866666666666787933e+00,8.666666666667879326e-01,-4.466666666667151731e+00,1.599999999998544808e+00,-1.066666666665696539e+00,1.399999999999636202e+00,-1.866666666666787933e+00,-2.066666666667515528e+00,1.400000000001455192e+00,-5.933333333332484472e+00,3.333333333333939663e+00,6.533333333332848269e+00,2.000000000007275958e-01,-1.818989403545856476e-12,-3.733333333331756876e+00
-6.666666666660603369e-01,-2.599999999998544808e+00,-4.333333333333939663e+00,4.399999999999636202e+00,-1.466666666667151731e+00,-2.200000000000727596e+00,-2.000000000000000000e+00,-2.266666666666424135e+00,-9.333333333324844716e-01,-1.933333333332484472e+00,-2.666666666666060337e+00,1.200000000000727596e+00,-1.400000000001455192e+00,5.866666666666787933e+00,1.253333333333284827e+01,1.433333333333393966e+01,1.959999999999854481e+01,2.086666666666678793e+01,1.500000000000000000e+01,1.586666666666678793e+01,2.246666666666715173e+01,1.933333333333575865e+01,1.746666666666533274e+01,2.239999999999963620e+01,1.986666666666678793e+01,2.313333333333139308e+01,2.033333333333393966e+01,2.513333333333503106e+01,1.786666666666678793e+01,1.280000000000109139e+01,4.333333333332120674e+00,8.799999999999272404e+00,3.666666666666060337e+00,5.666666666667879326e+00,5.133333333333212067e+00,8.666666666686069220e-01,7.333333333330301684e+00,6.466666666665332741e+00,4.200000000000727596e+00,7.533333333332848269e+00,7.933333333332484472e+00,4.933333333334303461e+00,-1.200000000000727596e+00,-7.333333333335758653e-01,4.666666666689707199e-01,5.266666666666424135e+00,5.333333333328482695e-01,1.066666666669334518e+00,1.333333333332120674e+00,1.066666666665696539e+00,3.599999999998544808e+00,-9.333333333343034610e-01,-4.666666666653327411e-01,-4.800000000001091394e+00,-4.666666666666060337e+00,-1.000000000000000000e+00,1.133333333335031057e+00,2.599999999998544808e+00,1.733333333335394855e+00,4.000000000014551915e-01,-2.666666666682431241e-01,-4.666666666671517305e-01,1.599999999998544808e+00,-3.066666666665696539e+00,3.800000000001091394e+00,-1.800000000001091394e+00,-2.933333333332484472e+00,2.066666666665696539e+00,4.799999999999272404e+00,1.333333333333939663e+00,-2.600000000000363798e+00,-2.599999999998544808e+00,-5.333333333328482695e-01,-2.600000000000363798e+00,-1.666666666667879326e+00,-5.466666666667151731e+00,-5.399999999999636202e+00,-5.133333333333212067e+00,-5.333333333346672589e-01,-3.933333333334303461e+00,3.333333333339396631e-01,-2.599999999998544808e+00,-7.933333333332484472e+00,-4.666666666666060337e+00,-3.666666666667879326e+00,-5.133333333331393078e+00,-5.333333333328482695e-01,-2.733333333333575865e+00,1.933333333332484472e+00,-1.399999999999636202e+00,2.266666666666424135e+00,3.333333333321206737e-01,5.266666666666424135e+00,1.066666666665696539e+00,4.400000000001455192e+00,3.799999999999272404e+00,8.066666666667515528e+00,6.333333333332120674e+00,4.333333333333939663e+00,6.800000000001091394e+00,9.266666666666424135e+00,3.266666666668243124e+00,3.333333333330301684e+00,6.000000000000000000e+00,7.199999999998908606e+00,3.600000000004001777e+00,6.600000000000363798e+00,2.333333333333939663e+00,5.599999999998544808e+00,1.666666666666060337e+00,-7.999999999992724042e-01,1.199999999998908606e+00,4.399999999999636202e+00,1.133333333333212067e+00,1.866666666664968943e+00,-5.333333333328482695e-01,3.333333333333939663e+00,3.133333333335031057e+00,-1.466666666667151731e+00,-1.466666666667151731e+00,1.199999999998908606e+00,-3.333333333321206737e-01,-3.600000000000363798e+00,-1.333333333333939663e+00,2.733333333333575865e+00,8.666666666686069220e-01,-3.933333333332484472e+00,-1.133333333336850046e+00,6.666666666660603369e-01,-3.933333333332484472e+00,-2.199999999998908606e+00,-7.466666666665332741e+00,-2.666666666682431241e-01,-3.999999999996362021e-01,-2.933333333332484472e+00,-4.666666666653327411e-01,1.000000000000000000e+00,3.399999999997817213e+00,-1.066666666665696539e+00,-5.133333333333212067e+00,1.733333333333575865e+00,2.933333333334303461e+00,-1.333333333333939663e+00,-2.133333333335031057e+00,3.600000000000363798e+00,3.733333333333575865e+00,3.799999999999272404e+00,1.333333333333939663e+00,-2.400000000001455192e+00,2.866666666664968943e+00,0.000000000000000000e+00,2.133333333333212067e+00,-4.599999999994906830e+00,2.866666666666787933e+00,-1.800000000002910383e+00,-2.800000000001091394e+00,4.399999999999636202e+00,-2.599999999998544808e+00,-6.666666666569653898e-02,-1.800000000001091394e+00,-3.000000000000000000e+00,-1.199999999998908606e+00,-3.133333333333212067e+00,3.866666666664968943e+00,-3.599999999998544808e+00,-3.533333333334667259e+00,-4.733333333333575865e+00,2.266666666668243124e+00,-5.866666666666787933e+00,1.333333333332120674e-01,-2.266666666666424135e+00,-6.533333333332848269e+00,3.999999999996362021e-01,-4.800000000001091394e+00,-6.799999999999272404e+00,-2.200000000000727596e+00,-1.266666666664605145e+00,-1.733333333333575865e+00,-7.600000000002182787e+00,-2.200000000000727596e+00,6.666666666751552839e-02,-7.333333333333939663e+00,-4.733333333333575865e+00,2.133333333333212067e+00,-5.333333333330301684e+00,-4.933333333334303461e+00,-2.799999999999272404e+00,-3.600000000002182787e+00,-1.066666666665696539e+00,-1.466666666667151731e+00,-3.333333333333939663e+00,-7.933333333332484472e+00,-4.933333333334303461e+00,-6.666666666660603369e-01,-3.733333333333575865e+00,-5.133333333333212067e+00,4.000000000014551915e-01,-2.399999999999636202e+00,-5.066666666667515528e+00,5.333333333328482695e-01,-2.266666666666424135e+00,-3.000000000001818989e+00,-1.333333333332120674e+00,7.333333333353948547e-01,2.399999999999636202e+00,-6.000000000003637979e-01,3.399999999999636202e+00,-2.666666666682431241e-01,7.333333333335758653e-01,8.000000000010913936e-01,2.466666666665332741e+00,2.000000000001818989e+00,3.066666666663877550e+00,-6.666666666660603369e-01,3.133333333333212067e+00,2.933333333334303461e+00,8.666666666667879326e-01,2.000000000007275958e-01,-8.666666666667879326e-01,-3.399999999999636202e+00,4.533333333334667259e+00,3.199999999998908606e+00,7.999999999992724042e-01,-2.666666666664241347e-01,2.533333333334667259e+00,6.666666666569653898e-02,-1.400000000001455192e+00,-1.933333333330665482e+00,1.533333333331029280e+00,6.000000000021827873e-01,3.999999999996362021e-01,-1.333333333332120674e+00,1.733333333331756876e+00,-2.066666666667515528e+00,3.333333333333939663e+00,-3.533333333332848269e+00,-5.333333333333939663e+00,-3.733333333333575865e+00,-2.000000000000000000e+00,-3.799999999999272404e+00,-5.133333333336850046e+00,-2.133333333333212067e+00,-3.999999999978172127e-01,-8.666666666667879326e-01,-4.733333333333575865e+00,-6.666666666642413475e-01,5.333333333328482695e-01,-6.266666666666424135e+00,-1.933333333334303461e+00,-6.666666666666060337e+00,-6.466666666667151731e+00,-2.933333333332484472e+00,-4.200000000000727596e+00,-3.800000000001091394e+00,-7.866666666664968943e+00,-1.000000000001818989e+00,-2.599999999998544808e+00,-3.333333333332120674e+00,-3.266666666668243124e+00,-5.600000000000363798e+00,-6.000000000000000000e+00,-9.000000000000000000e+00,-4.866666666666787933e+00,-1.200000000000727596e+00,-4.666666666666060337e+00,-2.866666666666787933e+00,-3.600000000000363798e+00,-6.666666666660603369e-01,-5.533333333332848269e+00,2.199999999998908606e+00,-4.866666666666787933e+00,-3.666666666667879326e+00,-1.466666666667151731e+00,-4.266666666666424135e+00,4.399999999999636202e+00,3.866666666668606922e+00,2.933333333332484472e+00,6.133333333333212067e+00,-4.600000000000363798e+00,2.666666666667879326e+00,1.400000000001455192e+00,2.466666666667151731e+00,4.200000000000727596e+00,2.866666666666787933e+00,-1.333333333350310568e-01,1.266666666664605145e+00,1.666666666667879326e+00,-2.333333333332120674e+00,-8.000000000010913936e-01,-3.933333333334303461e+00,-2.399999999999636202e+00,-5.266666666666424135e+00,-3.133333333335031057e+00,3.000000000000000000e+00,2.266666666668243124e+00,-5.266666666666424135e+00,-3.666666666666060337e+00,-2.533333333334667259e+00,-4.533333333332848269e+00,-1.199999999998908606e+00,-3.600000000000363798e+00,-3.266666666664605145e+00,-3.133333333335031057e+00,-3.333333333333939663e+00,-3.333333333333939663e+00,-5.133333333333212067e+00,2.599999999998544808e+00,-3.266666666664605145e+00,-4.000000000000000000e+00,-5.866666666664968943e+00,2.133333333331393078e+00,-6.799999999999272404e+00,-4.333333333332120674e+00,3.000000000000000000e+00
4.666666666671517305e-01,8.666666666667879326e-01,-6.666666666751552839e-02,1.866666666666787933e+00,-1.666666666667879326e+00,1.000000000001818989e+00,-2.800000000001091394e+00,-8.000000000010913936e-01,4.533333333332848269e+00,4.000000000014551915e-01,1.733333333333575865e+00,3.200000000000727596e+00,1.666666666666060337e+00,5.199999999998908606e+00,1.526666666666642413e+01,1.466666666666787933e+01,1.546666666666715173e+01,1.919999999999890861e+01,1.973333333333357587e+01,2.273333333333539485e+01,2.339999999999599822e+01,2.293333333333612245e+01,2.366666666666606034e+01,2.293333333333430346e+01,2.773333333333175688e+01,2.606666666666751553e+01,2.653333333333284827e+01,2.319999999999890861e+01,2.040000000000145519e+01,1.293333333333248447e+01,6.599999999998544808e+00,1.080000000000109139e+01,7.933333333334303461e+00,3.333333333333939663e+00,6.666666666751552839e-02,1.266666666666424135e+00,4.600000000000363798e+00,1.000000000000000000e+00,1.399999999999636202e+00,-2.333333333335758653e+00,-1.666666666666060337e+00,-7.333333333353948547e-01,-2.333333333330301684e+00,-6.000000000003637979e-01,-2.933333333332484472e+00,2.866666666666787933e+00,-3.866666666666787933e+00,-3.866666666666787933e+00,-4.399999999999636202e+00,-6.000000000003637979e-01,6.666666666569653898e-02,-6.666666666569653898e-02,-2.800000000001091394e+00,-4.600000000000363798e+00,-3.333333333332120674e+00,-1.933333333334303461e+00,-3.466666666665332741e+00,-1.133333333333212067e+00,-5.933333333332484472e+00,-1.333333333332120674e-01,-3.000000000000000000e+00,5.333333333346672589e-01,-4.466666666668970720e+00,8.666666666649689432e-01,-1.733333333333575865e+00,-5.666666666664241347e+00,-2.733333333333575865e+00,-1.399999999997817213e+00,2.599999999998544808e+00,1.199999999998908606e+00,-1.466666666667151731e+00,-2.866666666664968943e+00,1.199999999998908606e+00,4.266666666666424135e+00,-2.066666666667515528e+00,-2.666666666667879326e+00,-4.000000000000000000e+00,4.666666666671517305e-01,-2.733333333329937886e+00,3.266666666664605145e+00,4.133333333335031057e+00,-1.066666666667515528e+00,-5.333333333310292801e-01,-6.133333333335031057e+00,-2.733333333335394855e+00,2.733333333333575865e+00,1.933333333330665482e+00,-1.533333333331029280e+00,-4.666666666667879326e+00,5.333333333364862483e-01,1.533333333332848269e+00,3.333333333321206737e-01,3.266666666666424135e+00,2.000000000001818989e+00,-7.333333333353948547e-01,-7.333333333299378864e-01,-3.533333333334667259e+00,1.466666666663513752e+00,3.333333333332120674e+00,-1.399999999997817213e+00,-3.800000000001091394e+00,-2.399999999997817213e+00,-4.399999999999636202e+00,5.200000000000727596e+00,-1.200000000000727596e+00,0.000000000000000000e+00,-3.399999999999636202e+00,-6.533333333334667259e+00,-1.533333333332848269e+00,-4.133333333335031057e+00,-2.133333333333212067e+00,6.000000000003637979e-01,-2.000000000001818989e+00,-2.333333333332120674e+00,-1.933333333332484472e+00,-1.066666666665696539e+00,-2.533333333331029280e+00,2.466666666667151731e+00,-7.866666666666787933e+00,-4.066666666665696539e+00,-3.066666666669334518e+00,-1.266666666666424135e+00,-4.933333333336122450e+00,-7.333333333335758653e-01,-2.266666666666424135e+00,-4.733333333333575865e+00,-2.399999999999636202e+00,-5.799999999999272404e+00,-3.733333333333575865e+00,-6.266666666664605145e+00,-4.799999999999272404e+00,-3.333333333333939663e+00,-4.333333333333939663e+00,-4.466666666667151731e+00,-3.600000000002182787e+00,-5.199999999998908606e+00,1.800000000002910383e+00,-2.000000000007275958e-01,-2.799999999999272404e+00,-3.866666666666787933e+00,2.666666666646051453e-01,-3.666666666666060337e+00,-1.266666666664605145e+00,-3.333333333357586525e-01,1.933333333332484472e+00,-8.666666666667879326e-01,-3.266666666666424135e+00,-3.066666666665696539e+00,2.000000000007275958e-01,-1.600000000000363798e+00,2.133333333333212067e+00,-8.333333333333939663e+00,-7.999999999992724042e-01,-1.000000000000000000e+00,5.333333333310292801e-01,-6.666666666666060337e+00,-1.333333333332120674e+00,-1.466666666667151731e+00,-4.466666666665332741e+00,-4.933333333332484472e+00,-2.666666666664241347e-01,-1.533333333332848269e+00,-5.133333333336850046e+00,-3.200000000000727596e+00,-2.600000000000363798e+00,-4.066666666667515528e+00,1.733333333335394855e+00,-1.133333333333212067e+00,-3.866666666666787933e+00,-5.399999999999636202e+00,3.266666666666424135e+00,4.666666666689707199e-01,-1.400000000001455192e+00,-4.133333333333212067e+00,3.333333333339396631e-01,-2.733333333335394855e+00,-1.533333333334667259e+00,2.733333333335394855e+00,-1.866666666666787933e+00,-1.999999999989086064e-01,6.666666666751552839e-02,-4.666666666667879326e+00,-1.799999999999272404e+00,-1.600000000002182787e+00,8.000000000010913936e-01,-5.066666666667515528e+00,-3.533333333331029280e+00,5.399999999999636202e+00,1.933333333332484472e+00,-1.666666666666060337e+00,-1.000000000000000000e+00,-3.533333333334667259e+00,-5.666666666667879326e+00,-2.199999999997089617e+00,-4.466666666667151731e+00,-6.200000000000727596e+00,-1.799999999999272404e+00,-4.266666666666424135e+00,-2.866666666666787933e+00,2.000000000000000000e+00,-1.266666666666424135e+00,1.333333333332120674e+00,-6.733333333333575865e+00,1.333333333333939663e+00,4.399999999999636202e+00,1.066666666667515528e+00,2.733333333333575865e+00,-6.666666666751552839e-02,2.199999999997089617e+00,5.533333333332848269e+00,3.733333333335394855e+00,4.866666666668606922e+00,3.733333333333575865e+00,-3.999999999996362021e-01,-2.666666666682431241e-01,8.666666666686069220e-01,-2.533333333332848269e+00,-1.600000000004001777e+00,-7.733333333331756876e+00,-6.266666666668243124e+00,-4.466666666665332741e+00,-6.666666666642413475e-01,1.400000000001455192e+00,5.333333333310292801e-01,-5.133333333333212067e+00,-3.266666666666424135e+00,-2.933333333334303461e+00,-3.333333333333939663e+00,-1.133333333335031057e+00,-6.999999999998181011e+00,2.600000000000363798e+00,-9.333333333324844716e-01,-4.733333333333575865e+00,1.818989403545856476e-12,-4.000000000014551915e-01,1.333333333333939663e+00,-4.733333333333575865e+00,-4.333333333333939663e+00,-2.066666666665696539e+00,-2.200000000002546585e+00,-2.266666666666424135e+00,-2.933333333332484472e+00,-1.333333333333939663e+00,-2.800000000001091394e+00,2.333333333333939663e+00,-4.933333333332484472e+00,-4.133333333335031057e+00,1.399999999999636202e+00,-3.933333333334303461e+00,1.400000000001455192e+00,-5.866666666664968943e+00,-2.266666666666424135e+00,-1.999999999989086064e-01,-2.799999999999272404e+00,-1.066666666667515528e+00,-4.800000000001091394e+00,-2.266666666666424135e+00,-1.066666666665696539e+00,-2.266666666668243124e+00,-5.333333333332120674e+00,-2.333333333333939663e+00,-8.000000000010913936e-01,-4.999999999998181011e+00,1.600000000000363798e+00,-2.866666666668606922e+00,2.066666666667515528e+00,5.799999999999272404e+00,-3.799999999999272404e+00,-2.399999999999636202e+00,-2.733333333335394855e+00,2.800000000001091394e+00,-1.866666666664968943e+00,1.199999999997089617e+00,5.133333333333212067e+00,2.933333333334303461e+00,-2.666666666664241347e-01,-1.066666666663877550e+00,2.533333333331029280e+00,4.399999999999636202e+00,-1.333333333335758653e+00,-3.333333333332120674e+00,-5.199999999998908606e+00,1.199999999998908606e+00,1.600000000000363798e+00,-2.200000000002546585e+00,-2.466666666665332741e+00,1.400000000001455192e+00,-5.266666666666424135e+00,-5.399999999999636202e+00,-6.666666666666060337e+00,-6.199999999998908606e+00,2.399999999999636202e+00,6.000000000003637979e-01,-3.466666666667151731e+00,2.666666666682431241e-01,-4.666666666671517305e-01,3.999999999978172127e-01,-8.666666666667879326e-01,-3.533333333331029280e+00,4.399999999997817213e+00,-1.533333333332848269e+00,-3.333333333333939663e+00,2.599999999998544808e+00,-3.000000000000000000e+00,2.066666666667515528e+00,2.266666666666424135e+00,-1.933333333334303461e+00,-4.266666666664605145e+00,-2.133333333335031057e+00,-7.999999999974534148e-01,1.000000000000000000e+00,-4.866666666666787933e+00,-4.533333333334667259e+00,-5.333333333328482695e-01
2.600000000000363798e+00,-3.066666666665696539e+00,3.066666666665696539e+00,4.466666666667151731e+00,3.333333333339396631e-01,0.000000000000000000e+00,-2.133333333333212067e+00,1.933333333332484472e+00,-6.866666666666787933e+00,-2.600000000000363798e+00,-1.333333333332120674e-01,-2.533333333332848269e+00,-1.200000000000727596e+00,-4.666666666671517305e-01,2.666666666667879326e+00,8.266666666664605145e+00,1.239999999999963620e+01,9.799999999999272404e+00,6.000000000000000000e+00,1.040000000000145519e+01,1.120000000000072760e+01,1.173333333333357587e+01,1.326666666666642413e+01,1.840000000000145519e+01,9.933333333334303461e+00,9.799999999999272404e+00,1.006666666666569654e+01,7.800000000001091394e+00,1.279999999999927240e+01,7.066666666667515528e+00,-1.800000000001091394e+00,-2.000000000007275958e-01,-1.400000000001455192e+00,-1.999999999998181011e+00,-2.066666666665696539e+00,-3.200000000002546585e+00,-6.000000000003637979e-01,-4.266666666666424135e+00,-6.666666666666060337e+00,4.666666666653327411e-01,1.333333333350310568e-01,6.666666666751552839e-02,2.133333333333212067e+00,-1.933333333332484472e+00,4.399999999999636202e+00,7.333333333335758653e-01,2.933333333332484472e+00,6.333333333333939663e+00,1.106666666666751553e+01,5.466666666665332741e+00,4.000000000000000000e+00,5.733333333333575865e+00,6.333333333333939663e+00,1.039999999999963620e+01,1.120000000000072760e+01,2.399999999999636202e+00,8.333333333332120674e+00,1.053333333333466726e+01,6.066666666665696539e+00,1.800000000001091394e+00,4.199999999998908606e+00,7.133333333333212067e+00,1.000000000000000000e+00,-1.199999999998908606e+00,-6.666666666751552839e-02,7.866666666666787933e+00,1.799999999999272404e+00,2.333333333332120674e+00,3.933333333334303461e+00,1.400000000001455192e+00,9.266666666666424135e+00,2.733333333331756876e+00,-3.733333333333575865e+00,6.466666666668970720e+00,6.733333333331756876e+00,7.333333333333939663e+00,8.933333333332484472e+00,7.933333333332484472e+00,1.133333333333575865e+01,1.400000000000000000e+01,7.799999999999272404e+00,5.200000000000727596e+00,8.999999999998181011e+00,6.466666666667151731e+00,7.066666666667515528e+00,4.200000000000727596e+00,6.733333333333575865e+00,1.093333333333248447e+01,2.866666666666787933e+00,9.133333333333212067e+00,7.000000000000000000e+00,2.133333333333212067e+00,4.133333333331393078e+00,1.333333333368500462e-01,3.066666666665696539e+00,1.933333333332484472e+00,7.666666666667879326e+00,5.333333333333939663e+00,5.133333333333212067e+00,4.466666666663513752e+00,5.400000000001455192e+00,8.266666666668243124e+00,3.066666666663877550e+00,7.200000000000727596e+00,1.066666666665696539e+00,3.266666666670062114e+00,2.733333333329937886e+00,4.733333333335394855e+00,1.133333333333212067e+00,-6.000000000021827873e-01,4.000000000001818989e+00,1.333333333332120674e-01,-2.399999999999636202e+00,-1.933333333334303461e+00,-3.866666666666787933e+00,-1.133333333331393078e+00,-1.053333333333284827e+01,2.666666666627861559e-01,-4.133333333333212067e+00,-4.533333333332848269e+00,-4.200000000000727596e+00,-2.533333333331029280e+00,-2.799999999999272404e+00,-3.000000000000000000e+00,-3.999999999996362021e-01,-4.933333333332484472e+00,-3.400000000001455192e+00,-2.200000000000727596e+00,-2.799999999999272404e+00,7.333333333335758653e-01,-1.933333333334303461e+00,2.200000000000727596e+00,-4.933333333334303461e+00,-2.799999999999272404e+00,1.133333333333212067e+00,-3.533333333334667259e+00,-5.399999999999636202e+00,-3.466666666667151731e+00,6.000000000021827873e-01,-6.866666666668606922e+00,-6.933333333332484472e+00,-2.533333333332848269e+00,-2.533333333334667259e+00,-4.666666666664241347e+00,-2.800000000001091394e+00,-1.466666666667151731e+00,-4.399999999999636202e+00,-1.333333333332120674e-01,-1.333333333333939663e+00,-6.600000000000363798e+00,-1.799999999999272404e+00,-6.666666666660603369e-01,-9.666666666667879326e+00,-5.866666666666787933e+00,3.600000000000363798e+00,9.333333333343034610e-01,-1.333333333335758653e+00,-2.999999999998181011e+00,1.333333333332120674e+00,-2.600000000000363798e+00,-3.133333333333212067e+00,2.799999999999272404e+00,-3.333333333321206737e-01,-1.066666666663877550e+00,1.199999999998908606e+00,1.466666666665332741e+00,-2.799999999999272404e+00,5.666666666667879326e+00,1.133333333333212067e+00,-3.600000000002182787e+00,1.066666666665696539e+00,1.200000000002546585e+00,-2.333333333335758653e+00,-1.333333333332120674e+00,2.666666666646051453e-01,-2.199999999998908606e+00,-6.000000000000000000e+00,-3.399999999999636202e+00,1.999999999989086064e-01,-1.999999999970896170e-01,-3.733333333335394855e+00,2.933333333334303461e+00,-1.199999999997089617e+00,1.399999999997817213e+00,-3.000000000001818989e+00,-2.666666666666060337e+00,-3.733333333331756876e+00,1.333333333313930780e-01,-2.866666666664968943e+00,-5.066666666665696539e+00,2.866666666666787933e+00,-5.999999999985448085e-01,-1.133333333333212067e+00,-6.066666666669334518e+00,-5.733333333333575865e+00,9.333333333343034610e-01,-2.866666666664968943e+00,-6.000000000003637979e-01,-2.000000000000000000e+00,5.066666666665696539e+00,6.666666666660603369e-01,1.066666666665696539e+00,1.400000000001455192e+00,1.666666666666060337e+00,4.666666666666060337e+00,2.933333333332484472e+00,4.466666666667151731e+00,8.666666666666060337e+00,6.733333333335394855e+00,7.066666666665696539e+00,6.466666666665332741e+00,3.000000000001818989e+00,7.466666666665332741e+00,1.999999999998181011e+00,2.533333333334667259e+00,2.266666666668243124e+00,3.733333333331756876e+00,6.066666666667515528e+00,1.266666666664605145e+00,2.600000000000363798e+00,-6.666666666660603369e-01,-1.533333333332848269e+00,-5.933333333332484472e+00,-1.200000000000727596e+00,-6.666666666642413475e-01,-1.666666666669698316e+00,-1.599999999998544808e+00,-4.133333333335031057e+00,-2.266666666664605145e+00,-4.333333333332120674e+00,9.333333333324844716e-01,-5.000000000000000000e+00,-5.200000000000727596e+00,-9.333333333324844716e-01,-4.533333333334667259e+00,-4.066666666667515528e+00,-2.399999999999636202e+00,-4.666666666671517305e-01,-4.200000000000727596e+00,-3.399999999997817213e+00,-4.533333333332848269e+00,-1.999999999998181011e+00,-2.800000000001091394e+00,-1.266666666666424135e+00,-4.933333333334303461e+00,-5.133333333333212067e+00,-9.333333333324844716e-01,-5.933333333336122450e+00,-6.666666666660603369e-01,3.000000000000000000e+00,-3.600000000000363798e+00,-1.399999999999636202e+00,-2.333333333333939663e+00,-6.666666666660603369e-01,-1.399999999999636202e+00,-1.333333333332120674e-01,-4.733333333333575865e+00,1.333333333333939663e+00,7.999999999992724042e-01,-1.333333333333939663e+00,-2.666666666682431241e-01,-6.666666666569653898e-02,3.266666666666424135e+00,-3.999999999996362021e-01,-7.133333333333212067e+00,-1.933333333332484472e+00,3.333333333339396631e-01,-1.200000000000727596e+00,-3.333333333339396631e-01,-2.199999999998908606e+00,-4.466666666667151731e+00,1.600000000000363798e+00,-1.200000000000727596e+00,-1.266666666664605145e+00,7.466666666665332741e+00,3.933333333332484472e+00,6.000000000003637979e-01,-3.399999999999636202e+00,-1.399999999999636202e+00,2.866666666664968943e+00,4.666666666666060337e+00,4.000000000014551915e-01,1.933333333334303461e+00,1.000000000000000000e+00,-7.333333333335758653e-01,3.999999999996362021e-01,-8.666666666667879326e-01,-1.733333333333575865e+00,-1.866666666666787933e+00,-5.066666666665696539e+00,-7.466666666667151731e+00,-6.200000000000727596e+00,4.666666666671517305e-01,-3.733333333333575865e+00,-1.866666666666787933e+00,-2.066666666665696539e+00,-1.333333333332120674e+00,-6.600000000000363798e+00,-3.466666666667151731e+00,-1.133333333333212067e+00,-1.066666666665696539e+00,-1.333333333335758653e+00,-4.799999999997453415e+00,-2.399999999999636202e+00,-2.866666666666787933e+00,-1.199999999998908606e+00,3.266666666664605145e+00,-4.666666666671517305e-01,0.000000000000000000e+00,-3.733333333331756876e+00,-3.333333333335758653e+00,-3.200000000000727596e+00,-2.866666666668606922e+00,-1.066666666665696539e+00
2.733333333329937886e+00,-1.333333333332120674e+00,-6.666666666660603369e-01,1.333333333333939663e+00,-5.066666666667515528e+00,8.066666666669334518e+00,1.266666666666424135e+00,-5.800000000001091394e+00,-1.133333333333212067e+00,-1.466666666667151731e+00,-9.999999999981810106e-01,6.666666666642413475e-01,7.533333333332848269e+00,8.600000000002182787e+00,1.386666666666496894e+01,8.933333333332484472e+00,1.686666666666678793e+01,2.213333333333503106e+01,1.873333333333175688e+01,2.166666666666787933e+01,1.259999999999854481e+01,1.713333333333321207e+01,2.286666666666860692e+01,1.933333333333393966e+01,2.586666666666496894e+01,2.700000000000181899e+01,2.439999999999963620e+01,1.406666666666569654e+01,2.179999999999927240e+01,1.600000000000000000e+01,1.153333333333284827e+01,6.600000000002182787e+00,5.133333333333212067e+00,7.933333333332484472e+00,6.800000000001091394e+00,4.866666666664968943e+00,8.066666666667515528e+00,2.533333333332848269e+00,6.533333333332848269e+00,4.666666666671517305e-01,-1.266666666666424135e+00,-8.666666666667879326e-01,7.799999999997453415e+00,-1.599999999998544808e+00,-3.466666666667151731e+00,9.333333333343034610e-01,1.266666666666424135e+00,-1.066666666665696539e+00,-2.666666666664241347e+00,1.933333333334303461e+00,-3.200000000000727596e+00,-2.933333333336122450e+00,1.866666666666787933e+00,6.666666666642413475e-01,-4.533333333332848269e+00,-1.199999999998908606e+00,-1.466666666667151731e+00,-5.866666666664968943e+00,-2.133333333335031057e+00,-4.333333333332120674e+00,1.533333333334667259e+00,-3.000000000000000000e+00,-1.466666666668970720e+00,-3.133333333333212067e+00,-5.666666666664241347e+00,1.066666666665696539e+00,1.199999999998908606e+00,-2.466666666665332741e+00,-6.533333333334667259e+00,-1.600000000000363798e+00,-3.533333333332848269e+00,-1.599999999998544808e+00,-6.866666666666787933e+00,-3.400000000001455192e+00,1.333333333333939663e+00,-4.866666666664968943e+00,-4.666666666707897093e-01,1.000000000001818989e+00,-9.333333333324844716e-01,1.733333333333575865e+00,-6.000000000003637979e-01,-5.133333333333212067e+00,-2.000000000000000000e+00,7.333333333317568759e-01,4.866666666666787933e+00,-2.133333333331393078e+00,2.000000000001818989e+00,9.600000000000363798e+00,1.133333333331393078e+00,-2.600000000000363798e+00,-1.599999999998544808e+00,1.333333333332120674e-01,-6.666666666678793263e-01,1.266666666666424135e+00,-4.666666666671517305e-01,1.333333333313930780e-01,3.333333333321206737e-01,6.266666666666424135e+00,-7.999999999956344254e-01,-3.466666666667151731e+00,3.133333333333212067e+00,2.666666666664241347e-01,-1.600000000000363798e+00,-1.733333333333575865e+00,4.000000000000000000e+00,6.466666666667151731e+00,6.666666666569653898e-02,-3.200000000000727596e+00,1.066666666669334518e+00,1.866666666666787933e+00,1.666666666664241347e+00,2.000000000000000000e+00,-3.333333333332120674e+00,-1.466666666667151731e+00,-2.666666666646051453e-01,2.000000000000000000e+00,-2.799999999999272404e+00,-2.400000000001455192e+00,5.133333333335031057e+00,-2.066666666669334518e+00,-3.266666666666424135e+00,-3.333333333339396631e-01,1.866666666666787933e+00,-3.000000000000000000e+00,-2.599999999998544808e+00,-4.533333333332848269e+00,-3.799999999999272404e+00,-2.399999999999636202e+00,2.599999999998544808e+00,-6.000000000000000000e+00,1.733333333331756876e+00,-3.266666666666424135e+00,-8.533333333334667259e+00,-7.799999999999272404e+00,-3.466666666667151731e+00,1.999999999989086064e-01,-2.666666666664241347e-01,-3.599999999996725819e+00,-2.000000000007275958e-01,-5.399999999999636202e+00,-8.666666666667879326e-01,-1.866666666666787933e+00,-2.333333333332120674e+00,-5.266666666666424135e+00,2.933333333330665482e+00,-8.133333333333212067e+00,-2.266666666666424135e+00,6.333333333332120674e+00,2.533333333332848269e+00,-1.999999999970896170e-01,-7.933333333332484472e+00,-4.866666666668606922e+00,-4.666666666671517305e-01,-7.333333333333939663e+00,1.800000000001091394e+00,-3.200000000000727596e+00,-2.600000000000363798e+00,-5.333333333333939663e+00,-5.333333333332120674e+00,-4.133333333333212067e+00,-1.933333333332484472e+00,3.599999999998544808e+00,-2.733333333331756876e+00,-2.399999999999636202e+00,-3.000000000000000000e+00,1.799999999999272404e+00,-2.199999999998908606e+00,-1.200000000000727596e+00,2.066666666667515528e+00,2.666666666682431241e-01,4.666666666662422358e+00,-2.266666666666424135e+00,4.000000000014551915e-01,4.466666666667151731e+00,4.000000000001818989e+00,-8.666666666686069220e-01,-7.066666666667515528e+00,-3.733333333333575865e+00,-4.066666666669334518e+00,2.000000000007275958e-01,-2.399999999997817213e+00,1.533333333332848269e+00,-1.399999999999636202e+00,3.333333333339396631e-01,-2.933333333334303461e+00,-6.933333333332484472e+00,6.666666666642413475e-01,4.400000000001455192e+00,-1.333333333332120674e-01,-2.866666666664968943e+00,1.999999999998181011e+00,2.666666666667879326e+00,8.666666666649689432e-01,3.133333333333212067e+00,-6.666666666569653898e-02,1.200000000000727596e+00,-2.733333333333575865e+00,-7.333333333317568759e-01,1.133333333335031057e+00,-3.637978807091712952e-12,2.399999999999636202e+00,-3.333333333339396631e-01,-1.066666666665696539e+00,3.066666666665696539e+00,1.600000000000363798e+00,-1.866666666664968943e+00,2.533333333332848269e+00,2.333333333332120674e+00,-6.666666666660603369e-01,3.666666666666060337e+00,1.866666666666787933e+00,5.466666666667151731e+00,1.399999999999636202e+00,-1.466666666667151731e+00,2.000000000007275958e-01,-9.333333333324844716e-01,-1.333333333332120674e-01,2.000000000007275958e-01,-1.600000000000363798e+00,3.066666666665696539e+00,3.600000000000363798e+00,-1.600000000000363798e+00,-1.000000000001818989e+00,1.933333333336122450e+00,-3.866666666664968943e+00,9.333333333306654822e-01,-9.000000000000000000e+00,-4.266666666664605145e+00,2.333333333333939663e+00,1.333333333332120674e-01,-1.533333333336486248e+00,-2.333333333333939663e+00,-4.533333333334667259e+00,-1.333333333328482695e+00,-4.800000000001091394e+00,-6.399999999999636202e+00,-3.133333333335031057e+00,-1.133333333333212067e+00,-2.466666666667151731e+00,-2.799999999999272404e+00,-3.399999999999636202e+00,3.599999999998544808e+00,-1.999999999989086064e-01,-2.466666666667151731e+00,5.333333333328482695e-01,-2.000000000000000000e+00,2.933333333332484472e+00,1.200000000000727596e+00,3.333333333357586525e-01,-1.800000000001091394e+00,1.666666666666060337e+00,3.200000000000727596e+00,-7.333333333335758653e-01,-2.000000000007275958e-01,6.333333333333939663e+00,-2.000000000007275958e-01,5.333333333328482695e-01,1.466666666667151731e+00,6.666666666678793263e-01,-1.733333333335394855e+00,1.266666666666424135e+00,1.066666666667515528e+00,-2.666666666646051453e-01,-3.000000000001818989e+00,2.399999999999636202e+00,2.466666666667151731e+00,-6.133333333333212067e+00,3.333333333339396631e-01,-1.266666666666424135e+00,-3.800000000001091394e+00,-1.266666666666424135e+00,5.866666666666787933e+00,2.000000000007275958e-01,8.666666666649689432e-01,5.333333333346672589e-01,1.800000000001091394e+00,-4.666666666689707199e-01,-1.266666666666424135e+00,4.866666666666787933e+00,1.800000000001091394e+00,-1.333333333332120674e+00,1.799999999997453415e+00,9.333333333343034610e-01,-2.466666666667151731e+00,1.133333333333212067e+00,2.533333333332848269e+00,-7.933333333334303461e+00,-1.533333333332848269e+00,-2.666666666666060337e+00,-1.733333333331756876e+00,-4.866666666666787933e+00,-3.800000000001091394e+00,-1.733333333333575865e+00,-5.733333333331756876e+00,-8.000000000001818989e+00,-2.199999999998908606e+00,3.666666666667879326e+00,-2.000000000001818989e+00,-4.199999999998908606e+00,-4.399999999999636202e+00,-1.400000000001455192e+00,-1.133333333331393078e+00,-2.466666666668970720e+00,-7.000000000000000000e+00,-1.999999999989086064e-01,1.066666666667515528e+00,1.533333333331029280e+00,-3.799999999995634425e+00,-2.266666666668243124e+00,-1.133333333335031057e+00,-3.399999999999636202e+00,-4.800000000001091394e+00,-4.333333333332120674e+00,2.533333333331029280e+00
3.000000000000000000e+00,-7.933333333334303461e+00,-2.200000000000727596e+00,1.533333333334667259e+00,1.599999999998544808e+00,1.533333333334667259e+00,3.333333333357586525e-01,9.333333333343034610e-01,3.466666666665332741e+00,-6.666666666678793263e-01,1.266666666666424135e+00,-2.333333333333939663e+00,5.000000000001818989e+00,7.866666666666787933e+00,1.066666666666606034e+01,1.540000000000145519e+01,2.366666666666606034e+01,1.846666666666533274e+01,1.946666666666715173e+01,2.106666666666751553e+01,2.173333333333175688e+01,2.426666666666824312e+01,2.746666666666533274e+01,2.346666666666533274e+01,2.446666666666715173e+01,2.980000000000109139e+01,2.480000000000291038e+01,2.359999999999672582e+01,1.619999999999708962e+01,1.620000000000254659e+01,9.933333333336122450e+00,9.666666666664241347e+00,1.086666666666678793e+01,5.266666666666424135e+00,4.333333333333939663e+00,2.400000000001455192e+00,-1.133333333335031057e+00,-2.133333333333212067e+00,3.200000000000727596e+00,2.666666666664241347e-01,-3.466666666667151731e+00,3.333333333333939663e+00,-8.000000000029103830e-01,2.333333333333939663e+00,-2.866666666666787933e+00,-3.533333333332848269e+00,-5.933333333334303461e+00,-5.533333333331029280e+00,-1.733333333333575865e+00,-6.266666666668243124e+00,-6.200000000000727596e+00,-3.333333333321206737e-01,-4.133333333335031057e+00,-5.533333333331029280e+00,-6.333333333333939663e+00,-8.066666666665696539e+00,-6.800000000002910383e+00,-6.733333333329937886e+00,-6.266666666668243124e+00,-8.399999999999636202e+00,-8.000000000000000000e+00,-5.000000000000000000e+00,-8.733333333333575865e+00,-4.799999999999272404e+00,-5.533333333332848269e+00,-1.800000000001091394e+00,-6.933333333334303461e+00,-2.399999999997817213e+00,-5.933333333336122450e+00,-9.333333333306654822e-01,-7.999999999992724042e-01,-2.866666666668606922e+00,-6.266666666666424135e+00,-2.066666666665696539e+00,-1.066666666669334518e+00,-5.133333333333212067e+00,-5.533333333331029280e+00,-1.200000000002546585e+00,-2.133333333333212067e+00,-1.666666666666060337e+00,-4.799999999997453415e+00,-1.866666666668606922e+00,-3.066666666667515528e+00,-3.333333333321206737e-01,-3.666666666666060337e+00,-3.933333333332484472e+00,-4.533333333332848269e+00,8.666666666667879326e-01,-5.000000000000000000e+00,-2.200000000002546585e+00,-5.999999999985448085e-01,7.333333333317568759e-01,-1.666666666666060337e+00,-3.733333333331756876e+00,2.533333333332848269e+00,-1.466666666667151731e+00,-3.333333333332120674e+00,-3.999999999996362021e-01,-2.266666666668243124e+00,3.066666666665696539e+00,-9.999999999981810106e-01,-1.266666666666424135e+00,-2.066666666667515528e+00,2.133333333335031057e+00,-1.000000000001818989e+00,5.333333333333939663e+00,1.200000000000727596e+00,1.466666666665332741e+00,-2.333333333332120674e+00,-1.933333333332484472e+00,1.999999999989086064e-01,2.866666666666787933e+00,-2.266666666666424135e+00,-3.333333333339396631e-01,-5.533333333332848269e+00,5.333333333328482695e-01,2.733333333333575865e+00,-2.133333333333212067e+00,-3.533333333334667259e+00,-6.000000000003637979e-01,-2.933333333332484472e+00,-6.600000000000363798e+00,-1.400000000001455192e+00,-4.600000000000363798e+00,-2.599999999996725819e+00,1.133333333331393078e+00,-1.800000000001091394e+00,-1.399999999999636202e+00,-2.133333333333212067e+00,2.333333333333939663e+00,-3.666666666666060337e+00,-4.733333333331756876e+00,-3.533333333332848269e+00,-2.800000000002910383e+00,-6.733333333331756876e+00,-3.066666666667515528e+00,-1.999999999989086064e-01,-2.933333333334303461e+00,2.000000000000000000e+00,-2.466666666667151731e+00,-8.333333333332120674e+00,-6.200000000000727596e+00,-3.666666666666060337e+00,-4.599999999998544808e+00,-3.333333333332120674e+00,-4.400000000003274181e+00,-1.266666666666424135e+00,1.266666666666424135e+00,1.399999999999636202e+00,2.866666666666787933e+00,-2.466666666667151731e+00,-8.000000000010913936e-01,-3.133333333333212067e+00,-2.866666666666787933e+00,-5.866666666664968943e+00,2.799999999999272404e+00,1.333333333350310568e-01,-1.266666666668243124e+00,3.933333333332484472e+00,-6.466666666665332741e+00,-5.333333333328482695e-01,-1.333333333332120674e-01,5.333333333346672589e-01,-3.666666666666060337e+00,5.333333333310292801e-01,-1.933333333334303461e+00,-6.666666666569653898e-02,-3.666666666666060337e+00,-5.333333333332120674e+00,1.799999999999272404e+00,-4.000000000000000000e+00,-3.266666666666424135e+00,-9.333333333343034610e-01,-8.666666666666060337e+00,1.666666666666060337e+00,1.333333333332120674e-01,-6.266666666666424135e+00,-6.733333333333575865e+00,-1.800000000001091394e+00,-8.066666666667515528e+00,-1.933333333332484472e+00,-2.066666666667515528e+00,9.333333333343034610e-01,1.800000000001091394e+00,-5.266666666666424135e+00,-5.399999999999636202e+00,1.333333333332120674e-01,3.066666666665696539e+00,1.066666666665696539e+00,-5.333333333332120674e+00,-4.533333333331029280e+00,3.399999999999636202e+00,1.066666666663877550e+00,-1.599999999998544808e+00,2.866666666666787933e+00,5.999999999985448085e-01,-4.733333333333575865e+00,-2.866666666666787933e+00,-6.666666666751552839e-02,4.266666666666424135e+00,1.466666666668970720e+00,-7.333333333317568759e-01,-5.400000000001455192e+00,-5.333333333346672589e-01,1.600000000000363798e+00,1.933333333332484472e+00,-8.666666666649689432e-01,-4.266666666666424135e+00,-4.066666666665696539e+00,-3.266666666666424135e+00,-2.066666666665696539e+00,2.266666666666424135e+00,-2.133333333333212067e+00,7.333333333299378864e-01,-1.200000000000727596e+00,-1.266666666666424135e+00,-1.266666666664605145e+00,-3.600000000000363798e+00,-2.066666666667515528e+00,-2.266666666666424135e+00,-1.599999999998544808e+00,-6.466666666665332741e+00,-3.000000000001818989e+00,-3.333333333339396631e-01,1.199999999998908606e+00,-1.933333333334303461e+00,-4.999999999998181011e+00,2.000000000007275958e-01,-4.866666666666787933e+00,-2.733333333335394855e+00,0.000000000000000000e+00,-2.799999999999272404e+00,-1.799999999999272404e+00,1.999999999989086064e-01,-7.333333333317568759e-01,-1.333333333333939663e+00,3.200000000000727596e+00,4.200000000000727596e+00,-1.999999999989086064e-01,-3.266666666668243124e+00,-1.266666666666424135e+00,-6.666666666751552839e-02,1.333333333332120674e-01,4.866666666664968943e+00,2.666666666667879326e+00,6.666666666660603369e-01,3.333333333339396631e-01,-2.533333333332848269e+00,-1.466666666665332741e+00,6.666666666660603369e-01,-2.266666666664605145e+00,-1.800000000001091394e+00,-2.533333333336486248e+00,5.333333333346672589e-01,-7.333333333335758653e-01,-3.333333333339396631e-01,5.333333333328482695e-01,-9.999999999981810106e-01,-8.399999999999636202e+00,-4.266666666666424135e+00,-6.000000000003637979e-01,-1.333333333333939663e+00,2.866666666666787933e+00,-2.066666666665696539e+00,-3.800000000001091394e+00,-4.266666666666424135e+00,-5.333333333310292801e-01,2.199999999998908606e+00,-2.466666666668970720e+00,3.333333333339396631e-01,-2.466666666665332741e+00,-3.066666666667515528e+00,-2.666666666646051453e-01,1.333333333332120674e+00,-5.466666666667151731e+00,-1.333333333335758653e+00,-3.333333333332120674e+00,-2.199999999998908606e+00,1.066666666665696539e+00,-2.666666666664241347e-01,5.066666666665696539e+00,-5.066666666665696539e+00,4.666666666671517305e-01,2.733333333333575865e+00,-3.333333333339396631e-01,-3.800000000001091394e+00,1.333333333333939663e+00,-3.733333333331756876e+00,6.666666666642413475e-01,2.400000000001455192e+00,-3.399999999997817213e+00,4.799999999997453415e+00,1.933333333334303461e+00,-3.933333333334303461e+00,3.666666666666060337e+00,-9.333333333343034610e-01,3.866666666668606922e+00,-7.600000000000363798e+00,-6.066666666665696539e+00,-1.799999999999272404e+00,4.599999999998544808e+00,-1.333333333332120674e+00,-6.000000000003637979e-01,-3.466666666667151731e+00,-6.333333333333939663e+00,-1.466666666667151731e+00,-3.000000000000000000e+00,-1.266666666666424135e+00,-3.333333333330301684e+00,-4.133333333336850046e+00,-4.266666666664605145e+00,-2.200000000000727596e+00,2.866666666666787933e+00,8.666666666667879326e-01
-2.866666666666787933e+00,-1.733333333333575865e+00,-3.333333333339396631e-01,1.666666666669698316e+00,6.000000000003637979e-01,2.199999999998908606e+00,3.999999999978172127e-01,-4.266666666664605145e+00,-2.799999999999272404e+00,1.466666666665332741e+00,-6.133333333333212067e+00,3.266666666668243124e+00,-3.533333333332848269e+00,-5.200000000000727596e+00,2.133333333333212067e+00,5.466666666665332741e+00,8.666666666649689432e-01,4.600000000000363798e+00,1.533333333334667259e+00,3.133333333333212067e+00,6.399999999999636202e+00,8.666666666667879326e-01,1.133333333333212067e+00,8.466666666668970720e+00,-2.666666666666060337e+00,7.199999999998908606e+00,6.000000000000000000e+00,7.133333333333212067e+00,9.866666666666787933e+00,0.000000000000000000e+00,-1.066666666667515528e+00,1.333333333350310568e-01,1.000000000000000000e+00,-3.600000000002182787e+00,-8.666666666667879326e-01,-2.600000000000363798e+00,-1.866666666668606922e+00,4.333333333335758653e+00,-5.933333333334303461e+00,1.466666666667151731e+00,-2.133333333333212067e+00,-5.466666666665332741e+00,-5.600000000000363798e+00,-6.666666666569653898e-02,-2.333333333333939663e+00,-3.999999999996362021e-01,-1.333333333335758653e+00,-3.866666666663149954e+00,2.399999999995998223e+00,-1.866666666663149954e+00,-1.933333333336122450e+00,5.066666666667515528e+00,-5.333333333328482695e-01,2.333333333332120674e+00,-7.333333333317568759e-01,-5.400000000001455192e+00,-5.266666666664605145e+00,3.999999999978172127e-01,-7.200000000000727596e+00,4.066666666667515528e+00,1.133333333335031057e+00,1.399999999999636202e+00,2.133333333333212067e+00,1.133333333333212067e+00,1.733333333333575865e+00,-1.000000000001818989e+00,9.333333333306654822e-01,1.200000000000727596e+00,3.400000000001455192e+00,7.333333333353948547e-01,4.600000000000363798e+00,6.666666666569653898e-02,-5.333333333328482695e-01,3.266666666668243124e+00,-5.066666666669334518e+00,-5.066666666665696539e+00,-2.599999999998544808e+00,-2.266666666666424135e+00,-2.533333333334667259e+00,-5.066666666667515528e+00,0.000000000000000000e+00,-1.933333333332484472e+00,-2.000000000000000000e+00,-3.199999999998908606e+00,2.000000000000000000e+00,2.866666666666787933e+00,2.599999999998544808e+00,7.333333333335758653e+00,6.466666666665332741e+00,1.039999999999963620e+01,1.279999999999927240e+01,1.153333333333466726e+01,1.193333333333248447e+01,1.266666666666606034e+01,1.446666666666715173e+01,1.159999999999854481e+01,5.866666666668606922e+00,1.053333333333284827e+01,5.533333333332848269e+00,6.800000000001091394e+00,6.600000000000363798e+00,9.866666666666787933e+00,1.533333333332848269e+00,2.000000000000000000e+00,4.466666666665332741e+00,-1.666666666667879326e+00,1.866666666666787933e+00,-4.199999999998908606e+00,-2.666666666666060337e+00,-2.200000000000727596e+00,-4.466666666665332741e+00,-6.666666666751552839e-02,-6.866666666666787933e+00,-3.333333333357586525e-01,1.200000000000727596e+00,-6.333333333330301684e+00,-3.533333333332848269e+00,-5.799999999999272404e+00,-5.333333333346672589e-01,-6.000000000001818989e+00,-2.800000000001091394e+00,-5.799999999999272404e+00,6.666666666569653898e-02,-3.600000000000363798e+00,-4.999999999998181011e+00,-1.800000000001091394e+00,0.000000000000000000e+00,4.666666666671517305e-01,1.399999999999636202e+00,-5.600000000000363798e+00,3.733333333335394855e+00,-3.000000000000000000e+00,-4.666666666653327411e-01,-5.333333333333939663e+00,1.133333333335031057e+00,-2.066666666669334518e+00,-2.066666666665696539e+00,-5.266666666666424135e+00,-4.066666666667515528e+00,-6.666666666751552839e-02,-1.866666666666787933e+00,-4.666666666666060337e+00,-3.333333333335758653e+00,-5.533333333332848269e+00,-6.266666666664605145e+00,-4.399999999999636202e+00,-2.066666666667515528e+00,-1.533333333331029280e+00,-4.200000000000727596e+00,-6.666666666667879326e+00,-1.066666666667515528e+00,-2.266666666666424135e+00,3.066666666665696539e+00,3.333333333339396631e-01,-3.733333333331756876e+00,-1.866666666666787933e+00,-4.200000000000727596e+00,-4.133333333333212067e+00,-3.866666666668606922e+00,-3.333333333321206737e-01,-1.066666666667515528e+00,-5.999999999985448085e-01,-2.400000000001455192e+00,1.999999999989086064e-01,-1.799999999999272404e+00,-2.866666666666787933e+00,-7.933333333332484472e+00,-7.599999999998544808e+00,-1.333333333332120674e+00,-1.199999999998908606e+00,-4.000000000001818989e+00,0.000000000000000000e+00,1.266666666666424135e+00,-1.600000000000363798e+00,-7.333333333353948547e-01,-5.466666666667151731e+00,-5.533333333332848269e+00,-3.533333333332848269e+00,1.066666666667515528e+00,-3.066666666667515528e+00,-4.000000000000000000e+00,5.399999999999636202e+00,-4.666666666671517305e-01,-3.399999999999636202e+00,-1.866666666666787933e+00,2.200000000000727596e+00,-5.133333333335031057e+00,7.333333333335758653e-01,-2.266666666664605145e+00,-2.200000000002546585e+00,8.666666666686069220e-01,2.266666666668243124e+00,2.000000000000000000e+00,-2.133333333335031057e+00,4.666666666671517305e-01,-1.133333333333212067e+00,-1.533333333331029280e+00,-2.400000000001455192e+00,8.000000000010913936e-01,-1.799999999999272404e+00,-4.533333333334667259e+00,1.866666666666787933e+00,-3.666666666666060337e+00,4.933333333334303461e+00,1.066666666665696539e+00,7.333333333335758653e-01,9.333333333324844716e-01,-4.799999999999272404e+00,-2.333333333333939663e+00,-1.733333333331756876e+00,-1.400000000003274181e+00,-3.133333333333212067e+00,4.666666666671517305e-01,-3.999999999978172127e-01,-3.466666666667151731e+00,-3.133333333331393078e+00,-1.133333333336850046e+00,-6.000000000003637979e-01,3.333333333339396631e-01,2.066666666665696539e+00,-4.466666666665332741e+00,-3.000000000001818989e+00,2.133333333335031057e+00,-1.333333333332120674e+00,-4.533333333332848269e+00,-1.333333333332120674e-01,-3.800000000001091394e+00,-2.800000000001091394e+00,-4.933333333334303461e+00,4.799999999999272404e+00,-1.333333333332120674e+00,-3.000000000000000000e+00,-6.666666666751552839e-02,-4.933333333332484472e+00,-5.666666666667879326e+00,9.333333333361224504e-01,-3.800000000001091394e+00,-2.800000000001091394e+00,-3.066666666665696539e+00,2.866666666666787933e+00,-2.600000000000363798e+00,1.600000000000363798e+00,1.333333333333939663e+00,-3.399999999999636202e+00,-5.199999999998908606e+00,7.999999999992724042e-01,2.666666666646051453e-01,-6.066666666665696539e+00,-5.800000000001091394e+00,-2.266666666668243124e+00,7.999999999992724042e-01,-1.999999999989086064e-01,4.666666666689707199e-01,2.666666666666060337e+00,7.999999999992724042e-01,2.933333333334303461e+00,-5.333333333333939663e+00,-7.999999999992724042e-01,1.733333333333575865e+00,-3.466666666667151731e+00,1.000000000000000000e+00,-5.266666666668243124e+00,-2.399999999999636202e+00,1.466666666668970720e+00,-1.533333333332848269e+00,-3.133333333333212067e+00,4.666666666671517305e-01,-5.866666666670425911e+00,-5.466666666665332741e+00,-8.666666666649689432e-01,-2.400000000001455192e+00,3.333333333321206737e-01,-6.333333333333939663e+00,-9.333333333324844716e-01,1.466666666667151731e+00,-4.999999999998181011e+00,1.399999999995998223e+00,2.133333333336850046e+00,1.066666666667515528e+00,2.666666666666060337e+00,-5.733333333335394855e+00,3.066666666667515528e+00,2.666666666664241347e-01,-1.600000000000363798e+00,-3.266666666666424135e+00,-1.599999999996725819e+00,2.333333333332120674e+00,7.333333333335758653e-01,-2.266666666666424135e+00,-5.333333333346672589e-01,1.466666666665332741e+00,6.000000000003637979e-01,-7.333333333335758653e-01,-2.800000000001091394e+00,-8.666666666667879326e-01,1.666666666669698316e+00,-8.000000000001818989e+00,-2.866666666666787933e+00,-4.666666666653327411e-01,-1.666666666666060337e+00,7.999999999992724042e-01,-1.933333333334303461e+00,2.000000000007275958e-01,1.799999999999272404e+00,-1.999999999989086064e-01,-7.000000000000000000e+00,-2.666666666666060337e+00,-2.399999999999636202e+00,1.666666666667879326e+00,-3.000000000000000000e+00,-3.600000000002182787e+00,-1.600000000000363798e+00,3.333333333339396631e-01,-2.400000000001455192e+00
-5.066666666667515528e+00,-3.133333333331393078e+00,4.000000000014551915e-01,1.266666666666424135e+00,-2.933333333334303461e+00,1.666666666666060337e+00,2.733333333333575865e+00,-1.399999999999636202e+00,-5.333333333346672589e-01,-4.599999999998544808e+00,-4.133333333333212067e+00,-4.000000000014551915e-01,1.933333333334303461e+00,1.733333333333575865e+00,5.399999999997817213e+00,1.246666666666715173e+01,1.160000000000218279e+01,8.333333333332120674e+00,7.133333333333212067e+00,1.513333333333321207e+01,1.153333333333102928e+01,1.473333333333539485e+01,1.639999999999963620e+01,1.460000000000036380e+01,1.233333333333212067e+01,1.726666666666642413e+01,1.739999999999963620e+01,1.260000000000218279e+01,9.533333333332848269e+00,5.266666666666424135e+00,1.000000000001818989e+00,4.466666666663513752e+00,1.333333333333939663e+00,5.666666666666060337e+00,3.133333333333212067e+00,8.000000000029103830e-01,1.133333333333212067e+00,-2.666666666664241347e-01,5.333333333332120674e+00,5.866666666666787933e+00,5.999999999985448085e-01,-7.999999999992724042e-01,4.733333333331756876e+00,3.000000000001818989e+00,4.599999999998544808e+00,2.200000000000727596e+00,6.666666666678793263e-01,7.999999999992724042e-01,-1.533333333331029280e+00,-4.933333333334303461e+00,3.399999999999636202e+00,-3.399999999999636202e+00,-2.666666666666060337e+00,-2.133333333333212067e+00,1.399999999997817213e+00,-2.200000000000727596e+00,-1.066666666665696539e+00,-4.466666666665332741e+00,-5.133333333333212067e+00,-3.333333333332120674e+00,-2.599999999998544808e+00,-5.133333333335031057e+00,6.666666666751552839e-02,-4.866666666668606922e+00,-4.000000000014551915e-01,-4.599999999998544808e+00,-3.000000000001818989e+00,-1.066666666665696539e+00,-5.866666666666787933e+00,-4.533333333332848269e+00,8.666666666649689432e-01,-1.800000000001091394e+00,-5.066666666665696539e+00,-5.266666666666424135e+00,-3.199999999998908606e+00,6.000000000003637979e-01,1.799999999999272404e+00,1.066666666665696539e+00,6.000000000003637979e-01,4.466666666667151731e+00,-2.266666666666424135e+00,-5.333333333328482695e-01,2.266666666666424135e+00,2.466666666667151731e+00,-3.133333333333212067e+00,-2.133333333333212067e+00,-3.200000000000727596e+00,2.000000000007275958e-01,4.266666666666424135e+00,2.666666666664241347e-01,-3.200000000000727596e+00,-2.133333333333212067e+00,-2.066666666665696539e+00,-3.200000000000727596e+00,-4.666666666666060337e+00,6.666666666751552839e-02,9.333333333324844716e-01,-3.000000000000000000e+00,-8.000000000010913936e-01,-1.333333333332120674e-01,-1.733333333331756876e+00,6.666666666642413475e-01,-1.799999999999272404e+00,1.266666666666424135e+00,1.800000000001091394e+00,1.733333333335394855e+00,-1.600000000002182787e+00,-6.666666666569653898e-02,-6.666666666751552839e-02,-3.466666666667151731e+00,2.066666666665696539e+00,9.333333333361224504e-01,1.133333333331393078e+00,-3.000000000000000000e+00,2.266666666666424135e+00,1.133333333333212067e+00,2.000000000000000000e+00,5.999999999985448085e-01,1.399999999999636202e+00,-4.199999999998908606e+00,-3.733333333333575865e+00,1.466666666668970720e+00,-8.666666666667879326e+00,-2.266666666664605145e+00,-8.666666666667879326e-01,-4.533333333332848269e+00,-8.666666666667879326e-01,-3.866666666670425911e+00,-1.999999999970896170e-01,-6.666666666666060337e+00,-1.000000000001818989e+00,-7.733333333333575865e+00,3.066666666667515528e+00,-7.399999999999636202e+00,-2.600000000000363798e+00,4.666666666671517305e-01,-2.333333333333939663e+00,5.133333333333212067e+00,2.266666666668243124e+00,7.333333333335758653e-01,-3.600000000002182787e+00,-9.466666666665332741e+00,-1.000000000001818989e+00,-2.333333333333939663e+00,-1.599999999998544808e+00,-5.133333333335031057e+00,-2.666666666664241347e+00,-7.533333333334667259e+00,-3.000000000000000000e+00,-2.666666666666060337e+00,-2.000000000000000000e+00,-4.066666666667515528e+00,-7.333333333332120674e+00,-3.533333333334667259e+00,-5.799999999999272404e+00,8.000000000010913936e-01,1.733333333331756876e+00,-2.333333333332120674e+00,-1.666666666666060337e+00,1.933333333332484472e+00,-3.333333333339396631e-01,5.933333333334303461e+00,6.666666666751552839e-02,6.666666666751552839e-02,-6.000000000003637979e-01,-2.666666666669698316e+00,-4.333333333332120674e+00,1.333333333332120674e+00,-2.466666666665332741e+00,3.200000000000727596e+00,-1.200000000002546585e+00,-6.666666666642413475e-01,-1.600000000000363798e+00,-3.333333333332120674e+00,-3.533333333334667259e+00,-1.466666666668970720e+00,-8.533333333331029280e+00,-3.200000000002546585e+00,4.000000000014551915e-01,-4.000000000000000000e+00,-3.999999999996362021e-01,-6.666666666569653898e-02,-3.266666666668243124e+00,-1.666666666666060337e+00,-5.066666666665696539e+00,-3.733333333333575865e+00,-2.266666666666424135e+00,-3.333333333333939663e+00,-3.999999999996362021e-01,-2.266666666666424135e+00,-3.799999999999272404e+00,-2.466666666667151731e+00,-6.000000000003637979e-01,-4.399999999997817213e+00,-1.933333333334303461e+00,-2.866666666668606922e+00,-9.333333333324844716e-01,3.733333333333575865e+00,-9.333333333343034610e-01,-2.933333333334303461e+00,4.666666666671517305e-01,6.666666666933451779e-02,-4.866666666668606922e+00,-2.000000000000000000e+00,5.333333333328482695e-01,-1.999999999998181011e+00,1.733333333331756876e+00,-3.533333333332848269e+00,-1.400000000001455192e+00,2.733333333335394855e+00,2.000000000007275958e-01,-3.333333333339396631e-01,-5.266666666666424135e+00,3.333333333339396631e-01,-2.666666666664241347e-01,6.666666666387754958e-02,-2.266666666666424135e+00,5.533333333334667259e+00,-3.866666666666787933e+00,-3.399999999999636202e+00,7.333333333317568759e-01,-7.999999999992724042e-01,5.199999999998908606e+00,-1.199999999998908606e+00,-8.666666666667879326e-01,2.133333333335031057e+00,1.066666666665696539e+00,2.466666666665332741e+00,-4.066666666667515528e+00,-2.666666666646051453e-01,-5.399999999999636202e+00,-1.600000000002182787e+00,-6.399999999999636202e+00,-2.533333333332848269e+00,3.999999999996362021e-01,-1.333333333350310568e-01,6.666666666678793263e-01,-3.200000000000727596e+00,-4.666666666653327411e-01,-4.133333333331393078e+00,-2.733333333331756876e+00,-2.733333333335394855e+00,-6.733333333335394855e+00,1.533333333332848269e+00,5.333333333346672589e-01,-2.200000000000727596e+00,-4.999999999998181011e+00,-2.266666666668243124e+00,5.200000000000727596e+00,-7.333333333335758653e-01,-3.800000000001091394e+00,-3.066666666665696539e+00,-5.199999999998908606e+00,-1.866666666666787933e+00,-2.000000000000000000e+00,-4.399999999997817213e+00,-1.866666666668606922e+00,2.399999999999636202e+00,-1.266666666666424135e+00,-4.666666666667879326e+00,3.466666666665332741e+00,2.933333333332484472e+00,5.466666666667151731e+00,-1.533333333332848269e+00,-4.266666666664605145e+00,5.333333333310292801e-01,-1.999999999989086064e-01,-2.266666666664605145e+00,1.666666666664241347e+00,1.333333333368500462e-01,-6.666666666678793263e-01,9.999999999981810106e-01,-9.999999999981810106e-01,-4.666666666689707199e-01,6.066666666665696539e+00,-2.333333333332120674e+00,-6.666666666660603369e-01,-3.133333333333212067e+00,-2.933333333334303461e+00,6.666666666678793263e-01,-2.266666666666424135e+00,-1.066666666665696539e+00,3.599999999998544808e+00,4.666666666653327411e-01,-4.000000000014551915e-01,1.818989403545856476e-12,-3.333333333335758653e+00,-6.666666666387754958e-02,-2.133333333333212067e+00,-6.733333333333575865e+00,-5.333333333310292801e-01,-2.466666666668970720e+00,-2.600000000000363798e+00,1.200000000000727596e+00,4.666666666671517305e-01,-2.600000000000363798e+00,-1.333333333332120674e-01,-2.266666666664605145e+00,-5.133333333335031057e+00,-1.333333333350310568e-01,-4.466666666663513752e+00,-1.133333333336850046e+00,-1.666666666664241347e+00,-2.399999999999636202e+00,-1.800000000001091394e+00,-5.333333333328482695e-01,-9.333333333324844716e-01,2.666666666664241347e-01,-3.066666666667515528e+00,-3.466666666667151731e+00,1.333333333333939663e+00,-6.666666666751552839e-02,-6.666666666569653898e-02,-1.999999999989086064e-01
-3.800000000001091394e+00,6.666666666751552839e-02,1.399999999995998223e+00,-1.000000000000000000e+00,1.666666666666060337e+00,-1.866666666664968943e+00,5.066666666669334518e+00,2.399999999999636202e+00,1.333333333332120674e-01,-1.266666666666424135e+00,-2.933333333334303461e+00,-2.866666666666787933e+00,-3.333333333339396631e-01,4.666666666666060337e+00,4.666666666666060337e+00,1.313333333333503106e+01,8.666666666667879326e+00,1.146666666666715173e+01,1.513333333333139308e+01,7.333333333333939663e+00,1.486666666666860692e+01,1.179999999999745341e+01,1.273333333333357587e+01,1.353333333333284827e+01,1.619999999999890861e+01,1.699999999999818101e+01,1.673333333333539485e+01,1.013333333333503106e+01,8.199999999998908606e+00,2.266666666668243124e+00,3.866666666664968943e+00,4.133333333333212067e+00,5.533333333334667259e+00,-3.666666666667879326e+00,4.666666666671517305e-01,6.000000000003637979e-01,-1.266666666666424135e+00,-8.666666666649689432e-01,-3.666666666667879326e+00,1.333333333313930780e-01,-4.599999999998544808e+00,-4.799999999997453415e+00,-6.666666666678793263e-01,9.333333333324844716e-01,2.066666666667515528e+00,-3.866666666666787933e+00,-4.733333333333575865e+00,-3.933333333334303461e+00,5.333333333328482695e-01,-3.000000000000000000e+00,-2.000000000000000000e+00,6.666666666678793263e-01,-2.133333333333212067e+00,-4.933333333334303461e+00,-6.466666666667151731e+00,-7.999999999992724042e-01,1.199999999998908606e+00,-2.733333333335394855e+00,-9.133333333331393078e+00,-2.533333333331029280e+00,-6.200000000002546585e+00,-1.199999999998908606e+00,-3.266666666666424135e+00,-8.399999999999636202e+00,-5.333333333328482695e-01,-5.800000000001091394e+00,-6.799999999999272404e+00,-4.533333333334667259e+00,1.333333333333939663e+00,-5.000000000000000000e+00,-5.333333333332120674e+00,-5.666666666667879326e+00,-6.533333333332848269e+00,1.999999999998181011e+00,-6.266666666666424135e+00,-9.333333333343034610e-01,-4.733333333329937886e+00,-3.600000000000363798e+00,4.666666666671517305e-01,1.333333333333939663e+00,-2.866666666666787933e+00,2.733333333331756876e+00,-3.466666666667151731e+00,-2.399999999999636202e+00,2.866666666668606922e+00,6.666666666664241347e+00,8.666666666686069220e-01,6.866666666664968943e+00,1.599999999998544808e+00,1.400000000001455192e+00,7.999999999992724042e-01,3.266666666670062114e+00,9.999999999981810106e-01,3.999999999996362021e-01,2.000000000000000000e+00,8.266666666666424135e+00,3.466666666665332741e+00,4.866666666666787933e+00,2.000000000000000000e+00,2.200000000000727596e+00,1.600000000000363798e+00,0.000000000000000000e+00,-4.666666666653327411e-01,-2.000000000007275958e-01,1.799999999999272404e+00,1.866666666666787933e+00,1.399999999999636202e+00,4.266666666668243124e+00,2.266666666666424135e+00,-5.200000000002546585e+00,-2.000000000000000000e+00,-7.000000000000000000e+00,-2.133333333333212067e+00,-3.333333333357586525e-01,-3.799999999997453415e+00,-6.733333333333575865e+00,3.733333333335394855e+00,-5.333333333333939663e+00,-2.799999999999272404e+00,2.733333333333575865e+00,2.266666666666424135e+00,-1.533333333332848269e+00,-3.666666666667879326e+00,6.666666666933451779e-02,-3.333333333339396631e-01,-2.000000000001818989e+00,1.599999999998544808e+00,8.666666666667879326e-01,-3.333333333332120674e+00,3.666666666666060337e+00,3.466666666667151731e+00,-6.466666666667151731e+00,2.666666666667879326e+00,-2.133333333333212067e+00,-1.600000000000363798e+00,-3.066666666665696539e+00,-5.600000000000363798e+00,-3.000000000000000000e+00,-3.733333333333575865e+00,1.599999999998544808e+00,-2.799999999999272404e+00,-1.399999999999636202e+00,8.666666666667879326e-01,-1.066666666665696539e+00,-4.333333333333939663e+00,-2.266666666666424135e+00,6.000000000003637979e-01,-1.066666666665696539e+00,1.133333333329574089e+00,-4.666666666666060337e+00,-5.733333333331756876e+00,6.000000000003637979e-01,2.333333333333939663e+00,-5.000000000001818989e+00,-5.533333333332848269e+00,2.000000000000000000e+00,1.000000000000000000e+00,-3.000000000000000000e+00,-2.933333333332484472e+00,-3.333333333333939663e+00,-2.333333333333939663e+00,-1.533333333331029280e+00,0.000000000000000000e+00,-1.266666666668243124e+00,-1.133333333331393078e+00,-2.533333333336486248e+00,-3.799999999999272404e+00,-1.666666666666060337e+00,-1.133333333335031057e+00,-1.466666666667151731e+00,-4.600000000000363798e+00,-5.333333333333939663e+00,-1.333333333332120674e-01,-1.799999999997453415e+00,-8.000000000010913936e-01,-4.066666666667515528e+00,-3.199999999998908606e+00,-4.266666666666424135e+00,-4.866666666666787933e+00,-4.666666666666060337e+00,4.333333333332120674e+00,-2.399999999999636202e+00,-5.533333333332848269e+00,2.333333333333939663e+00,-1.533333333334667259e+00,-3.533333333334667259e+00,-2.799999999999272404e+00,-4.866666666664968943e+00,-2.266666666668243124e+00,-1.333333333332120674e-01,2.666666666664241347e-01,-3.266666666668243124e+00,-4.066666666665696539e+00,-1.733333333331756876e+00,2.799999999999272404e+00,-4.799999999999272404e+00,2.533333333332848269e+00,-3.333333333333939663e+00,-3.999999999996362021e-01,2.466666666667151731e+00,2.000000000025465852e-01,1.799999999999272404e+00,-1.466666666667151731e+00,-1.133333333333212067e+00,-1.266666666668243124e+00,-3.400000000001455192e+00,-1.466666666667151731e+00,-7.999999999974534148e-01,1.000000000000000000e+00,-5.533333333334667259e+00,-1.800000000001091394e+00,-2.066666666665696539e+00,2.800000000001091394e+00,-3.399999999997817213e+00,-3.866666666666787933e+00,6.666666666660603369e-01,-1.799999999999272404e+00,4.666666666653327411e-01,9.333333333343034610e-01,-2.466666666665332741e+00,-7.333333333353948547e-01,8.666666666667879326e-01,-3.000000000001818989e+00,2.666666666664241347e-01,9.333333333361224504e-01,-1.666666666669698316e+00,-3.466666666665332741e+00,2.600000000000363798e+00,-3.933333333334303461e+00,-2.799999999999272404e+00,-1.933333333336122450e+00,-3.066666666665696539e+00,-4.133333333333212067e+00,-4.333333333332120674e+00,-4.066666666665696539e+00,9.333333333343034610e-01,-6.000000000021827873e-01,1.333333333332120674e+00,-5.866666666666787933e+00,-2.533333333332848269e+00,-9.333333333306654822e-01,3.333333333339396631e-01,-6.733333333331756876e+00,3.133333333333212067e+00,-2.733333333333575865e+00,-4.000000000014551915e-01,-7.333333333372138441e-01,-3.999999999996362021e-01,-1.133333333333212067e+00,-2.666666666646051453e-01,-5.866666666666787933e+00,-3.399999999999636202e+00,-3.200000000000727596e+00,2.066666666667515528e+00,-1.866666666664968943e+00,-4.333333333333939663e+00,-8.000000000010913936e-01,-4.000000000000000000e+00,-3.666666666666060337e+00,1.333333333332120674e-01,-3.600000000000363798e+00,-3.400000000001455192e+00,-2.666666666664241347e-01,2.666666666664241347e-01,-1.933333333332484472e+00,1.133333333333212067e+00,4.266666666668243124e+00,-2.000000000000000000e+00,-6.666666666678793263e-01,1.200000000000727596e+00,-1.333333333333939663e+00,-3.666666666667879326e+00,3.200000000000727596e+00,-6.000000000021827873e-01,-4.666666666653327411e-01,-3.199999999998908606e+00,-4.000000000014551915e-01,1.733333333333575865e+00,8.666666666667879326e-01,-1.066666666665696539e+00,-3.733333333333575865e+00,-3.133333333335031057e+00,1.533333333334667259e+00,-3.266666666668243124e+00,-2.399999999999636202e+00,3.866666666666787933e+00,1.866666666666787933e+00,-1.266666666664605145e+00,5.333333333328482695e-01,1.600000000000363798e+00,1.600000000000363798e+00,-3.066666666665696539e+00,-2.399999999999636202e+00,-6.666666666751552839e-02,-2.400000000001455192e+00,4.466666666667151731e+00,-4.266666666666424135e+00,-9.333333333324844716e-01,-4.000000000001818989e+00,-2.533333333332848269e+00,-3.933333333332484472e+00,-1.333333333333939663e+00,-2.066666666665696539e+00,-6.000000000003637979e-01,-4.400000000001455192e+00,2.266666666668243124e+00,2.466666666665332741e+00,-5.333333333333939663e+00,-3.933333333332484472e+00,1.933333333332484472e+00,-4.333333333332120674e+00,2.666666666666060337e+00,-2.600000000000363798e+00,3.066666666667515528e+00
6.666666666569653898e-02,-2.199999999998908606e+00,1.999999999989086064e-01,-2.466666666667151731e+00,-4.799999999999272404e+00,-2.399999999999636202e+00,6.666666666751552839e-02,-3.333333333333939663e+00,-1.800000000001091394e+00,4.000000000001818989e+00,5.266666666666424135e+00,1.333333333332120674e+00,-2.066666666667515528e+00,1.333333333333939663e+00,2.733333333333575865e+00,-1.133333333333212067e+00,3.933333333334303461e+00,7.333333333317568759e-01,1.933333333334303461e+00,3.533333333334667259e+00,3.533333333332848269e+00,2.133333333331393078e+00,5.600000000000363798e+00,2.133333333335031057e+00,6.666666666569653898e-02,6.666666666751552839e-02,4.066666666665696539e+00,3.733333333335394855e+00,1.066666666665696539e+00,1.399999999999636202e+00,6.266666666664605145e+00,-4.666666666653327411e-01,3.333333333333939663e+00,6.666666666660603369e-01,1.533333333332848269e+00,2.933333333334303461e+00,1.466666666665332741e+00,-7.999999999992724042e-01,-1.133333333333212067e+00,-1.733333333333575865e+00,1.333333333333939663e+00,-3.533333333334667259e+00,2.066666666667515528e+00,2.000000000007275958e-01,-2.266666666668243124e+00,5.333333333328482695e-01,-1.733333333333575865e+00,-2.666666666666060337e+00,2.466666666667151731e+00,-7.333333333335758653e-01,-2.733333333331756876e+00,6.666666666751552839e-02,6.666666666642413475e-01,3.333333333321206737e-01,2.066666666669334518e+00,-1.800000000001091394e+00,-2.666666666664241347e-01,-1.666666666667879326e+00,1.200000000000727596e+00,2.200000000000727596e+00,-4.133333333335031057e+00,8.666666666667879326e-01,4.066666666667515528e+00,5.333333333346672589e-01,-2.066666666667515528e+00,-4.066666666667515528e+00,-3.533333333332848269e+00,1.466666666665332741e+00,-1.133333333331393078e+00,1.133333333333212067e+00,0.000000000000000000e+00,-3.133333333333212067e+00,-1.733333333333575865e+00,-2.600000000000363798e+00,-1.066666666665696539e+00,-1.400000000001455192e+00,-2.866666666664968943e+00,-1.200000000000727596e+00,-1.533333333332848269e+00,1.333333333332120674e+00,1.933333333332484472e+00,-8.666666666667879326e-01,-3.799999999997453415e+00,4.666666666653327411e-01,-3.399999999999636202e+00,6.000000000003637979e-01,4.000000000000000000e+00,5.999999999985448085e-01,1.000000000000000000e+00,1.066666666667515528e+00,-1.533333333332848269e+00,2.266666666666424135e+00,-2.400000000001455192e+00,-8.666666666667879326e-01,6.000000000003637979e-01,2.466666666667151731e+00,6.666666666660603369e-01,6.000000000003637979e-01,-1.333333333332120674e+00,2.000000000007275958e-01,-2.666666666682431241e-01,-2.533333333332848269e+00,4.133333333333212067e+00,-3.000000000000000000e+00,-4.133333333333212067e+00,2.333333333333939663e+00,-4.133333333333212067e+00,-1.933333333334303461e+00,-7.999999999992724042e-01,-1.000000000001818989e+00,5.333333333346672589e-01,1.666666666667879326e+00,-3.333333333333939663e+00,-2.666666666667879326e+00,-1.799999999999272404e+00,-1.133333333333212067e+00,-8.666666666667879326e-01,-5.333333333333939663e+00,-5.333333333328482695e-01,1.133333333333212067e+00,-1.200000000000727596e+00,2.600000000000363798e+00,-1.600000000000363798e+00,-2.666666666664241347e-01,-1.066666666665696539e+00,-5.600000000000363798e+00,-2.733333333333575865e+00,2.066666666667515528e+00,3.600000000000363798e+00,1.733333333333575865e+00,-1.466666666668970720e+00,-6.666666666569653898e-02,2.200000000000727596e+00,4.199999999998908606e+00,-5.199999999998908606e+00,1.200000000000727596e+00,1.866666666664968943e+00,5.333333333346672589e-01,-2.666666666664241347e-01,-2.866666666666787933e+00,2.933333333334303461e+00,2.066666666665696539e+00,0.000000000000000000e+00,3.733333333331756876e+00,1.133333333335031057e+00,5.333333333328482695e-01,-1.666666666667879326e+00,-1.133333333333212067e+00,-4.733333333333575865e+00,3.466666666667151731e+00,-1.799999999999272404e+00,-4.533333333332848269e+00,1.600000000000363798e+00,-2.800000000001091394e+00,-3.999999999996362021e-01,-3.866666666666787933e+00,-4.666666666671517305e-01,-8.666666666667879326e-01,-6.866666666666787933e+00,-9.333333333306654822e-01,-1.600000000002182787e+00,8.666666666667879326e-01,-2.733333333333575865e+00,1.133333333333212067e+00,7.999999999992724042e-01,-4.133333333333212067e+00,-7.999999999992724042e-01,-5.399999999999636202e+00,1.799999999999272404e+00,2.933333333334303461e+00,3.333333333339396631e-01,-2.866666666666787933e+00,6.666666666569653898e-02,-1.333333333333939663e+00,-2.799999999997453415e+00,1.999999999989086064e-01,-3.999999999996362021e-01,-1.600000000000363798e+00,-1.200000000000727596e+00,-3.866666666664968943e+00,2.466666666665332741e+00,1.733333333331756876e+00,1.600000000000363798e+00,-1.733333333331756876e+00,-8.000000000010913936e-01,-4.666666666653327411e-01,-1.600000000000363798e+00,-2.733333333333575865e+00,-6.666666666751552839e-02,-2.600000000000363798e+00,-3.533333333332848269e+00,-2.199999999998908606e+00,-1.733333333333575865e+00,-1.000000000001818989e+00,1.399999999999636202e+00,1.200000000000727596e+00,-2.333333333332120674e+00,1.999999999989086064e-01,-7.999999999992724042e-01,-3.133333333333212067e+00,8.666666666649689432e-01,2.666666666667879326e+00,-1.399999999999636202e+00,7.333333333335758653e-01,7.333333333317568759e-01,1.466666666667151731e+00,0.000000000000000000e+00,0.000000000000000000e+00,-3.999999999996362021e-01,-1.399999999999636202e+00,-2.000000000000000000e+00,3.333333333339396631e-01,-1.666666666666060337e+00,0.000000000000000000e+00,-4.666666666689707199e-01,-3.533333333332848269e+00,-5.399999999999636202e+00,1.466666666667151731e+00,-8.000000000010913936e-01,9.333333333343034610e-01,-2.799999999999272404e+00,5.999999999985448085e-01,2.533333333334667259e+00,-5.333333333346672589e-01,-1.199999999998908606e+00,-2.266666666666424135e+00,-1.333333333350310568e-01,-7.999999999992724042e-01,-1.799999999999272404e+00,1.266666666664605145e+00,2.399999999999636202e+00,3.400000000001455192e+00,-2.733333333333575865e+00,-3.866666666666787933e+00,-4.533333333332848269e+00,4.799999999999272404e+00,-2.199999999998908606e+00,-2.600000000000363798e+00,-2.333333333332120674e+00,0.000000000000000000e+00,-9.333333333343034610e-01,-1.533333333332848269e+00,2.399999999997817213e+00,-6.666666666660603369e-01,1.400000000001455192e+00,-1.266666666668243124e+00,-2.333333333332120674e+00,-6.000000000003637979e-01,4.266666666668243124e+00,2.600000000000363798e+00,-1.666666666667879326e+00,-1.999999999989086064e-01,-9.333333333343034610e-01,6.666666666660603369e-01,-3.333333333321206737e-01,2.933333333330665482e+00,-2.000000000000000000e+00,-2.933333333334303461e+00,-2.666666666646051453e-01,-7.533333333332848269e+00,-6.666666666678793263e-01,-1.666666666666060337e+00,2.466666666667151731e+00,-4.266666666666424135e+00,-1.666666666667879326e+00,-5.999999999985448085e-01,-1.533333333334667259e+00,1.600000000002182787e+00,-3.666666666667879326e+00,1.818989403545856476e-12,-2.333333333333939663e+00,1.399999999999636202e+00,7.333333333335758653e-01,2.066666666667515528e+00,4.333333333332120674e+00,-2.933333333334303461e+00,3.266666666666424135e+00,-9.333333333324844716e-01,-1.066666666667515528e+00,-2.000000000007275958e-01,-1.333333333332120674e-01,3.000000000000000000e+00,-6.666666666569653898e-02,6.000000000003637979e-01,-6.666666666751552839e-02,-3.333333333321206737e-01,-1.266666666668243124e+00,-4.733333333331756876e+00,-5.400000000001455192e+00,-9.999999999981810106e-01,2.466666666665332741e+00,-2.733333333331756876e+00,6.666666666569653898e-02,7.333333333335758653e-01,-4.666666666671517305e-01,-3.000000000000000000e+00,-6.333333333332120674e+00,-2.666666666667879326e+00,1.266666666666424135e+00,-6.666666666660603369e-01,-6.666666666678793263e-01,-2.000000000000000000e+00,2.266666666666424135e+00,2.466666666667151731e+00,4.666666666671517305e-01,-6.666666666660603369e-01,-1.933333333334303461e+00,-1.666666666665150842e+00,-1.000000000000909495e+00,4.666666666671517305e-01,1.666666666667879326e+00,1.200000000000727596e+00,9.999999999981810106e-01,-5.333333333328482695e-01
4.666666666666060337e+00,-7.999999999992724042e-01,3.333333333339396631e-01,-2.666666666664241347e-01,-1.733333333333575865e+00,3.200000000000727596e+00,-3.199999999998908606e+00,-6.000000000021827873e-01,-1.266666666666424135e+00,-2.733333333333575865e+00,-5.800000000001091394e+00,2.333333333333939663e+00,1.066666666669334518e+00,3.399999999999636202e+00,7.000000000000000000e+00,5.533333333332848269e+00,9.000000000000000000e+00,1.280000000000109139e+01,1.033333333333212067e+01,1.020000000000072760e+01,1.213333333333321207e+01,1.306666666666569654e+01,9.666666666667879326e+00,1.433333333333393966e+01,1.353333333333284827e+01,1.839999999999781721e+01,1.240000000000145519e+01,1.773333333333175688e+01,1.780000000000291038e+01,1.939999999999963620e+01,1.833333333333212067e+01,1.773333333333357587e+01,1.806666666666569654e+01,1.226666666666642413e+01,1.686666666666678793e+01,1.726666666666642413e+01,1.166666666666606034e+01,1.039999999999963620e+01,1.733333333333393966e+01,1.626666666666824312e+01,1.140000000000145519e+01,1.053333333333284827e+01,5.066666666665696539e+00,3.999999999998181011e+00,1.333333333350310568e-01,-1.266666666668243124e+00,-6.666666666678793263e-01,-5.999999999998181011e+00,6.666666666660603369e-01,-4.666666666671517305e-01,-1.179999999999927240e+01,4.000000000032741809e-01,2.799999999997453415e+00,-1.126666666666824312e+01,-8.200000000000727596e+00,-9.600000000000363798e+00,-9.666666666666060337e+00,-4.199999999997089617e+00,-6.799999999999272404e+00,-1.200000000000727596e+00,-8.933333333332484472e+00,-6.533333333332848269e+00,-5.866666666666787933e+00,-5.066666666667515528e+00,-7.066666666667515528e+00,2.600000000002182787e+00,-5.800000000002910383e+00,-7.066666666665696539e+00,4.666666666653327411e-01,-4.933333333334303461e+00,3.533333333332848269e+00,-2.133333333331393078e+00,-9.399999999999636202e+00,-8.000000000010913936e-01,-9.799999999999272404e+00,-2.933333333332484472e+00,-4.666666666671517305e-01,-4.266666666666424135e+00,-6.666666666667879326e+00,-3.133333333331393078e+00,-5.733333333333575865e+00,-4.733333333331756876e+00,-3.933333333336122450e+00,-2.399999999999636202e+00,-1.666666666666060337e+00,-5.000000000001818989e+00,7.333333333353948547e-01,3.133333333335031057e+00,-3.999999999996362021e-01,-1.533333333334667259e+00,3.066666666665696539e+00,-5.866666666668606922e+00,1.200000000000727596e+00,-3.800000000001091394e+00,-3.066666666667515528e+00,1.400000000003274181e+00,2.266666666664605145e+00,-2.666666666646051453e-01,-8.666666666667879326e+00,1.266666666666424135e+00,2.666666666682431241e-01,-1.733333333333575865e+00,-2.466666666667151731e+00,-1.799999999999272404e+00,2.000000000007275958e-01,-8.000000000010913936e-01,6.666666666678793263e-01,-2.266666666668243124e+00,2.799999999999272404e+00,-3.999999999998181011e+00,-8.399999999999636202e+00,-4.200000000000727596e+00,5.333333333328482695e-01,5.466666666665332741e+00,-6.133333333333212067e+00,-4.666666666666060337e+00,-3.933333333334303461e+00,-2.599999999998544808e+00,-1.333333333333939663e+00,-2.733333333333575865e+00,-4.266666666668243124e+00,-7.333333333317568759e-01,-1.466666666667151731e+00,-4.666666666653327411e-01,1.200000000000727596e+00,3.399999999999636202e+00,-1.866666666666787933e+00,-8.399999999999636202e+00,-2.333333333333939663e+00,-4.666666666671517305e-01,-1.666666666666060337e+00,-3.066666666665696539e+00,-2.399999999999636202e+00,-2.933333333332484472e+00,4.666666666671517305e-01,-4.066666666667515528e+00,-4.800000000001091394e+00,-1.866666666664968943e+00,9.333333333306654822e-01,-2.866666666664968943e+00,-6.866666666666787933e+00,-2.133333333333212067e+00,2.200000000000727596e+00,-6.266666666666424135e+00,2.199999999997089617e+00,-1.133333333331393078e+00,-1.400000000001455192e+00,-2.333333333333939663e+00,-2.266666666668243124e+00,-3.466666666665332741e+00,-8.666666666686069220e-01,-9.333333333324844716e-01,-7.199999999998908606e+00,-4.066666666665696539e+00,-8.466666666667151731e+00,-1.600000000000363798e+00,-2.133333333333212067e+00,-9.666666666666060337e+00,-2.133333333331393078e+00,-7.400000000003274181e+00,-2.600000000000363798e+00,-3.199999999998908606e+00,-5.133333333333212067e+00,-5.266666666668243124e+00,-5.733333333331756876e+00,-6.000000000003637979e-01,-3.200000000000727596e+00,8.666666666667879326e-01,-3.933333333332484472e+00,2.933333333332484472e+00,-4.533333333332848269e+00,-3.999999999998181011e+00,2.999999999998181011e+00,-3.266666666668243124e+00,-1.399999999997817213e+00,-3.133333333335031057e+00,-1.733333333331756876e+00,5.333333333328482695e-01,-2.533333333332848269e+00,1.266666666666424135e+00,-3.600000000002182787e+00,-4.666666666666060337e+00,-4.066666666663877550e+00,-2.800000000001091394e+00,1.333333333332120674e-01,1.466666666667151731e+00,-1.000000000000000000e+00,-2.533333333332848269e+00,-1.800000000001091394e+00,-3.733333333335394855e+00,-2.666666666646051453e-01,-1.799999999999272404e+00,-3.000000000000000000e+00,1.333333333333939663e+00,-4.333333333332120674e+00,-5.866666666670425911e+00,-1.866666666666787933e+00,-2.399999999999636202e+00,8.000000000010913936e-01,-4.000000000000000000e+00,2.666666666664241347e-01,3.999999999996362021e-01,-1.066666666665696539e+00,1.466666666668970720e+00,1.733333333331756876e+00,-5.666666666666060337e+00,3.999999999978172127e-01,6.666666666751552839e-02,-1.933333333332484472e+00,-3.200000000000727596e+00,3.199999999998908606e+00,-8.666666666667879326e-01,7.333333333335758653e-01,-2.666666666667879326e+00,-2.199999999998908606e+00,-2.000000000000000000e+00,1.266666666666424135e+00,-2.999999999998181011e+00,-3.066666666665696539e+00,-1.133333333335031057e+00,3.000000000000000000e+00,-1.866666666666787933e+00,-2.600000000000363798e+00,-2.400000000001455192e+00,6.666666666751552839e-02,-4.800000000001091394e+00,-6.666666666624223581e-01,3.999999999996362021e-01,-2.533333333332848269e+00,-7.333333333353948547e-01,-3.066666666667515528e+00,-7.933333333332484472e+00,1.733333333333575865e+00,-1.866666666666787933e+00,-3.666666666666060337e+00,-4.600000000000363798e+00,-2.666666666666060337e+00,-7.999999999992724042e-01,-3.333333333339396631e-01,2.000000000000000000e+00,-1.466666666667151731e+00,-2.200000000000727596e+00,-6.666666666660603369e-01,-3.133333333335031057e+00,6.000000000003637979e-01,-1.399999999999636202e+00,2.266666666670062114e+00,-1.733333333335394855e+00,-2.066666666665696539e+00,-1.200000000000727596e+00,3.999999999998181011e+00,-1.199999999998908606e+00,-1.733333333333575865e+00,-1.666666666666060337e+00,-4.333333333333939663e+00,2.266666666668243124e+00,-1.800000000001091394e+00,-1.466666666667151731e+00,-1.266666666666424135e+00,1.066666666665696539e+00,-3.333333333339396631e-01,-2.066666666667515528e+00,-3.599999999998544808e+00,2.933333333332484472e+00,5.333333333346672589e-01,-3.399999999999636202e+00,2.733333333333575865e+00,-6.066666666667515528e+00,-4.399999999999636202e+00,-1.333333333332120674e+00,-5.200000000000727596e+00,1.999999999998181011e+00,-3.666666666666060337e+00,-1.733333333331756876e+00,-3.266666666666424135e+00,1.399999999999636202e+00,-4.533333333332848269e+00,1.199999999998908606e+00,6.666666666678793263e-01,-3.799999999999272404e+00,-3.799999999999272404e+00,-3.133333333335031057e+00,2.000000000000000000e+00,-2.666666666664241347e-01,-1.466666666667151731e+00,-4.400000000001455192e+00,-1.733333333331756876e+00,-1.333333333332120674e-01,4.666666666653327411e-01,-3.399999999997817213e+00,-5.066666666667515528e+00,2.000000000000000000e+00,-2.400000000003274181e+00,-4.533333333332848269e+00,-1.466666666667151731e+00,-1.000000000000000000e+00,-2.933333333334303461e+00,1.400000000003274181e+00,2.866666666666787933e+00,7.333333333335758653e-01,-1.066666666665696539e+00,-3.933333333332484472e+00,-1.333333333332120674e-01,-3.066666666667515528e+00,3.133333333333212067e+00,-5.333333333346672589e-01,-1.866666666666787933e+00,-1.199999999998908606e+00,-2.800000000001091394e+00,-1.333333333332120674e-01,-1.333333333332120674e-01,-1.400000000001455192e+00,1.000000000001818989e+00,-2.066666666669334518e+00
-5.333333333364862483e-01,2.533333333334667259e+00,-3.000000000001818989e+00,-2.266666666666424135e+00,-1.399999999997817213e+00,2.466666666665332741e+00,3.066666666667515528e+00,-1.599999999998544808e+00,-2.000000000000000000e+00,-7.333333333353948547e-01,3.133333333335031057e+00,-1.533333333332848269e+00,-4.400000000001455192e+00,-6.866666666664968943e+00,4.933333333330665482e+00,7.333333333317568759e-01,2.466666666667151731e+00,8.666666666669698316e+00,4.466666666667151731e+00,6.000000000001818989e+00,5.199999999997089617e+00,6.333333333332120674e+00,7.666666666666060337e+00,7.333333333332120674e+00,5.266666666666424135e+00,1.733333333335394855e+00,9.933333333332484472e+00,1.573333333333539485e+01,1.586666666666496894e+01,1.320000000000254659e+01,1.173333333333175688e+01,1.326666666666642413e+01,9.199999999998908606e+00,1.519999999999890861e+01,1.293333333333248447e+01,1.213333333333503106e+01,5.266666666668243124e+00,3.133333333333212067e+00,1.046666666666715173e+01,7.733333333333575865e+00,7.466666666665332741e+00,6.533333333334667259e+00,-1.200000000000727596e+00,-9.333333333343034610e-01,-1.666666666667879326e+00,1.533333333334667259e+00,-6.666666666660603369e-01,-4.666666666671517305e-01,-5.800000000001091394e+00,-6.933333333332484472e+00,-6.866666666666787933e+00,-2.799999999999272404e+00,-3.000000000001818989e+00,-2.599999999998544808e+00,-3.533333333332848269e+00,-3.400000000001455192e+00,-3.466666666665332741e+00,2.666666666700621136e-01,-1.866666666666787933e+00,1.399999999997817213e+00,-5.266666666666424135e+00,-6.200000000002546585e+00,-3.466666666665332741e+00,-2.799999999999272404e+00,6.666666666751552839e-02,-2.466666666665332741e+00,1.199999999995270628e+00,5.066666666667515528e+00,-1.799999999997453415e+00,-3.333333333333939663e+00,-3.400000000001455192e+00,-1.466666666665332741e+00,-7.333333333335758653e-01,-3.666666666666060337e+00,-3.599999999998544808e+00,-3.333333333339396631e-01,-2.866666666666787933e+00,-2.933333333332484472e+00,-5.866666666668606922e+00,-5.999999999985448085e-01,2.466666666665332741e+00,-6.666666666751552839e-02,3.599999999998544808e+00,4.666666666671517305e-01,5.066666666667515528e+00,5.733333333331756876e+00,2.933333333336122450e+00,3.333333333333939663e+00,1.019999999999890861e+01,4.599999999998544808e+00,4.333333333333939663e+00,1.120000000000072760e+01,1.239999999999781721e+01,1.140000000000145519e+01,1.273333333333175688e+01,1.060000000000400178e+01,1.200000000000000000e+01,1.300000000000000000e+01,1.646666666666533274e+01,1.119999999999890861e+01,1.386666666666678793e+01,1.586666666666678793e+01,1.200000000000000000e+01,9.666666666667879326e+00,1.306666666666751553e+01,1.426666666666460515e+01,8.000000000000000000e+00,1.293333333333248447e+01,1.600000000000000000e+01,8.266666666668243124e+00,1.033333333333575865e+01,5.133333333329574089e+00,1.600000000002182787e+00,3.666666666666060337e+00,3.666666666666060337e+00,9.333333333343034610e-01,4.600000000000363798e+00,3.666666666666060337e+00,5.199999999998908606e+00,4.000000000000000000e+00,4.066666666665696539e+00,4.466666666667151731e+00,-4.666666666671517305e-01,4.066666666665696539e+00,6.000000000003637979e-01,6.666666666569653898e-02,2.866666666666787933e+00,5.733333333333575865e+00,-8.666666666649689432e-01,3.800000000001091394e+00,8.733333333331756876e+00,6.333333333333939663e+00,6.933333333334303461e+00,6.399999999997817213e+00,2.333333333333939663e+00,4.000000000000000000e+00,6.866666666668606922e+00,2.999999999998181011e+00,2.200000000000727596e+00,4.466666666668970720e+00,6.666666666666060337e+00,4.266666666666424135e+00,-1.066666666667515528e+00,1.266666666668243124e+00,6.399999999997817213e+00,5.133333333335031057e+00,-1.466666666668970720e+00,4.000000000000000000e+00,3.533333333336486248e+00,3.399999999999636202e+00,-2.000000000000000000e+00,-2.533333333332848269e+00,-8.666666666704259114e-01,-3.933333333332484472e+00,-2.333333333335758653e+00,-6.666666666751552839e-02,-1.266666666662786156e+00,3.066666666665696539e+00,1.666666666666060337e+00,-3.200000000000727596e+00,-2.733333333331756876e+00,4.733333333331756876e+00,-4.199999999997089617e+00,-3.866666666666787933e+00,-1.133333333333212067e+00,3.533333333332848269e+00,0.000000000000000000e+00,2.733333333331756876e+00,2.666666666666060337e+00,1.066666666667515528e+00,-2.066666666663877550e+00,3.800000000001091394e+00,-2.266666666670062114e+00,5.333333333346672589e-01,2.266666666666424135e+00,-3.466666666667151731e+00,-9.533333333332848269e+00,-3.000000000000000000e+00,-1.800000000001091394e+00,-6.000000000000000000e+00,-1.600000000000363798e+00,-1.533333333332848269e+00,-1.666666666666060337e+00,2.666666666664241347e-01,-1.733333333333575865e+00,2.600000000000363798e+00,-3.399999999999636202e+00,5.266666666664605145e+00,5.333333333346672589e-01,8.666666666667879326e-01,-9.333333333324844716e-01,4.333333333330301684e+00,1.333333333332120674e-01,2.600000000000363798e+00,6.533333333334667259e+00,-2.066666666667515528e+00,2.466666666668970720e+00,3.333333333321206737e-01,-9.333333333343034610e-01,7.333333333317568759e-01,-3.666666666664241347e+00,1.799999999999272404e+00,-9.399999999997817213e+00,-4.466666666665332741e+00,-1.466666666668970720e+00,1.466666666667151731e+00,-3.933333333332484472e+00,-5.266666666666424135e+00,-9.333333333333939663e+00,-2.600000000002182787e+00,6.666666666678793263e-01,-1.333333333333939663e+00,-2.799999999999272404e+00,-3.733333333333575865e+00,-3.133333333333212067e+00,2.266666666666424135e+00,-4.199999999997089617e+00,-1.533333333336486248e+00,-1.866666666666787933e+00,-6.933333333332484472e+00,-2.200000000000727596e+00,-1.866666666666787933e+00,-1.466666666667151731e+00,5.333333333346672589e-01,-4.666666666667879326e+00,-7.333333333335758653e-01,-4.599999999998544808e+00,-1.066666666667515528e+00,-3.666666666667879326e+00,-2.600000000000363798e+00,-8.000000000000000000e+00,-5.933333333330665482e+00,-2.600000000000363798e+00,-1.866666666666787933e+00,-2.333333333332120674e+00,-4.733333333333575865e+00,-4.466666666667151731e+00,-1.333333333332120674e-01,-1.533333333334667259e+00,-2.733333333335394855e+00,-6.333333333332120674e+00,1.066666666667515528e+00,-1.999999999970896170e-01,1.866666666664968943e+00,7.333333333335758653e-01,-7.333333333335758653e-01,4.466666666667151731e+00,1.600000000000363798e+00,9.333333333343034610e-01,4.999999999998181011e+00,-1.400000000001455192e+00,3.600000000002182787e+00,3.999999999996362021e-01,-8.666666666649689432e-01,1.799999999997453415e+00,1.666666666667879326e+00,-3.600000000002182787e+00,-6.199999999998908606e+00,-5.600000000002182787e+00,-4.866666666664968943e+00,-1.666666666667879326e+00,-6.666666666569653898e-02,-2.000000000000000000e+00,-4.599999999998544808e+00,-7.000000000000000000e+00,-2.333333333332120674e+00,-2.733333333335394855e+00,-3.266666666666424135e+00,-1.266666666668243124e+00,-4.733333333333575865e+00,-5.133333333331393078e+00,-8.666666666686069220e-01,-1.066666666663877550e+00,-2.666666666664241347e-01,7.333333333335758653e-01,-1.266666666666424135e+00,-6.333333333333939663e+00,-3.266666666666424135e+00,1.399999999999636202e+00,0.000000000000000000e+00,-1.533333333332848269e+00,-6.133333333333212067e+00,-3.000000000000000000e+00,-7.600000000000363798e+00,-4.066666666667515528e+00,-3.533333333332848269e+00,-7.733333333335394855e+00,-2.266666666666424135e+00,-1.600000000000363798e+00,-5.466666666665332741e+00,-1.533333333332848269e+00,-3.266666666668243124e+00,-2.199999999998908606e+00,-7.133333333333212067e+00,-7.666666666666060337e+00,-2.733333333333575865e+00,2.399999999999636202e+00,4.666666666653327411e-01,5.333333333346672589e-01,4.599999999998544808e+00,-3.199999999998908606e+00,2.333333333333939663e+00,-2.600000000000363798e+00,-2.399999999999636202e+00,-2.533333333332848269e+00,-2.200000000000727596e+00,-2.666666666682431241e-01,-9.999999999981810106e-01,-1.399999999999636202e+00,-2.000000000000000000e+00,-3.400000000001455192e+00,-5.533333333332848269e+00,-6.400000000001455192e+00,1.800000000001091394e+00
5.999999999998181011e+00,2.000000000025465852e-01,5.399999999999636202e+00,1.933333333332484472e+00,-1.600000000000363798e+00,-2.733333333333575865e+00,4.866666666666787933e+00,4.466666666665332741e+00,3.466666666667151731e+00,-1.733333333333575865e+00,-8.466666666665332741e+00,-4.533333333331029280e+00,-1.533333333336486248e+00,1.066666666667515528e+00,7.333333333335758653e+00,-2.666666666682431241e-01,-1.333333333350310568e-01,7.333333333335758653e+00,3.399999999999636202e+00,9.466666666667151731e+00,8.000000000000000000e+00,1.599999999998544808e+00,6.600000000000363798e+00,6.333333333335758653e+00,8.000000000000000000e+00,1.366666666666606034e+01,1.386666666666496894e+01,1.039999999999963620e+01,1.173333333333539485e+01,4.399999999999636202e+00,9.733333333333575865e+00,7.599999999998544808e+00,2.466666666667151731e+00,7.733333333331756876e+00,3.600000000000363798e+00,8.600000000000363798e+00,5.666666666666060337e+00,1.800000000001091394e+00,6.533333333334667259e+00,4.799999999999272404e+00,2.333333333332120674e+00,2.066666666665696539e+00,3.933333333332484472e+00,-1.133333333331393078e+00,7.999999999992724042e-01,3.866666666666787933e+00,7.599999999998544808e+00,1.333333333350310568e-01,-3.333333333303016843e-01,-2.866666666668606922e+00,-2.266666666666424135e+00,2.200000000000727596e+00,1.333333333313930780e-01,1.866666666666787933e+00,9.333333333324844716e-01,-2.666666666666060337e+00,1.800000000001091394e+00,-4.600000000000363798e+00,-1.666666666667879326e+00,1.733333333331756876e+00,-5.533333333331029280e+00,-9.933333333332484472e+00,1.066666666667515528e+00,1.333333333332120674e-01,-1.600000000000363798e+00,-2.266666666666424135e+00,-4.000000000001818989e+00,-8.666666666667879326e-01,-2.133333333333212067e+00,-4.666666666666060337e+00,5.333333333328482695e-01,-2.999999999998181011e+00,2.666666666646051453e-01,7.333333333335758653e-01,-6.733333333335394855e+00,-2.333333333330301684e+00,4.133333333333212067e+00,-4.200000000000727596e+00,-2.533333333332848269e+00,-1.066666666669334518e+00,-3.999999999996362021e-01,3.800000000002910383e+00,3.399999999997817213e+00,1.266666666668243124e+00,1.600000000000363798e+00,3.000000000000000000e+00,1.866666666666787933e+00,2.333333333333939663e+00,-7.333333333353948547e-01,3.800000000001091394e+00,2.199999999998908606e+00,2.066666666667515528e+00,5.999999999998181011e+00,2.133333333333212067e+00,3.400000000001455192e+00,1.666666666666060337e+00,-3.133333333331393078e+00,-4.333333333333939663e+00,-5.533333333334667259e+00,-3.199999999997089617e+00,-4.000000000000000000e+00,-3.866666666666787933e+00,1.666666666667879326e+00,-4.866666666670425911e+00,7.333333333335758653e-01,3.400000000001455192e+00,-4.666666666666060337e+00,-7.266666666668243124e+00,-3.733333333333575865e+00,-1.799999999999272404e+00,-3.200000000000727596e+00,-1.866666666666787933e+00,-1.466666666667151731e+00,2.200000000000727596e+00,7.333333333317568759e-01,1.733333333333575865e+00,-1.333333333313930780e-01,-4.866666666664968943e+00,9.599999999998544808e+00,6.000000000003637979e-01,-1.133333333333212067e+00,1.866666666666787933e+00,1.399999999997817213e+00,-1.799999999999272404e+00,1.266666666664605145e+00,-2.333333333330301684e+00,3.933333333332484472e+00,7.999999999992724042e-01,-3.000000000000000000e+00,-3.066666666667515528e+00,-2.199999999998908606e+00,-6.666666666569653898e-02,7.999999999992724042e-01,-7.000000000000000000e+00,-8.933333333332484472e+00,-3.733333333333575865e+00,-3.666666666667879326e+00,2.000000000007275958e-01,-1.533333333332848269e+00,-3.066666666667515528e+00,-1.199999999998908606e+00,-5.133333333333212067e+00,-4.866666666668606922e+00,2.200000000000727596e+00,2.066666666665696539e+00,-1.333333333333939663e+00,-9.333333333306654822e-01,-2.666666666664241347e-01,-2.199999999998908606e+00,2.066666666665696539e+00,-3.400000000001455192e+00,2.400000000001455192e+00,-3.399999999999636202e+00,1.533333333332848269e+00,1.199999999998908606e+00,-9.333333333324844716e-01,2.666666666666060337e+00,1.733333333331756876e+00,-6.333333333333939663e+00,-5.066666666665696539e+00,-1.533333333334667259e+00,-5.799999999997453415e+00,-2.266666666666424135e+00,-4.266666666668243124e+00,2.666666666700621136e-01,7.333333333335758653e-01,-5.333333333333939663e+00,-6.266666666668243124e+00,-1.066666666666606034e+01,-3.666666666666060337e+00,-1.266666666668243124e+00,-1.013333333333321207e+01,-1.866666666668606922e+00,-5.333333333328482695e-01,6.000000000021827873e-01,2.666666666664241347e-01,4.000000000014551915e-01,-4.533333333338305238e+00,-1.133333333333212067e+00,-7.066666666665696539e+00,-7.399999999997817213e+00,-7.333333333317568759e-01,1.866666666664968943e+00,3.133333333335031057e+00,-2.400000000001455192e+00,-1.933333333334303461e+00,2.866666666666787933e+00,-5.933333333332484472e+00,2.000000000007275958e-01,-4.200000000000727596e+00,-4.799999999999272404e+00,-6.666666666678793263e-01,1.466666666667151731e+00,-1.466666666667151731e+00,2.666666666666060337e+00,4.333333333333939663e+00,-4.533333333334667259e+00,-1.333333333332120674e-01,-1.399999999995998223e+00,-1.818989403545856476e-12,-2.000000000000000000e+00,-1.133333333333212067e+00,2.200000000000727596e+00,-3.200000000002546585e+00,2.000000000007275958e-01,-7.999999999974534148e-01,-4.666666666689707199e-01,-5.333333333333939663e+00,4.666666666653327411e-01,-2.799999999999272404e+00,-5.866666666664968943e+00,-2.000000000007275958e-01,-1.866666666666787933e+00,-1.933333333334303461e+00,-6.933333333332484472e+00,-3.933333333336122450e+00,-3.733333333331756876e+00,-2.466666666665332741e+00,-2.933333333330665482e+00,-4.800000000001091394e+00,-1.333333333350310568e-01,-6.466666666667151731e+00,-1.866666666664968943e+00,-3.599999999998544808e+00,-6.666666666751552839e-02,1.933333333332484472e+00,-1.866666666668606922e+00,-3.199999999998908606e+00,2.866666666664968943e+00,1.333333333332120674e+00,9.333333333361224504e-01,-2.133333333333212067e+00,4.000000000014551915e-01,-2.400000000001455192e+00,4.666666666667879326e+00,-3.066666666667515528e+00,1.866666666666787933e+00,4.000000000014551915e-01,-3.666666666667879326e+00,-1.133333333335031057e+00,-1.800000000001091394e+00,2.266666666668243124e+00,5.333333333328482695e-01,-4.666666666666060337e+00,1.600000000002182787e+00,1.333333333333939663e+00,1.200000000000727596e+00,-4.666666666666060337e+00,1.333333333313930780e-01,-4.933333333334303461e+00,-3.200000000000727596e+00,-1.933333333334303461e+00,3.999999999996362021e-01,3.333333333339396631e-01,6.666666666751552839e-02,-4.066666666665696539e+00,-2.466666666667151731e+00,-7.199999999998908606e+00,-9.333333333343034610e-01,-5.066666666667515528e+00,-5.066666666667515528e+00,-2.266666666664605145e+00,-7.999999999992724042e-01,-2.199999999998908606e+00,-2.200000000000727596e+00,8.000000000010913936e-01,-2.800000000001091394e+00,-3.600000000000363798e+00,5.999999999985448085e-01,-4.666666666671517305e-01,-1.200000000000727596e+00,-3.999999999996362021e-01,6.533333333334667259e+00,1.599999999998544808e+00,-1.333333333332120674e-01,2.000000000000000000e+00,-3.666666666667879326e+00,4.733333333333575865e+00,-7.333333333335758653e-01,-1.733333333331756876e+00,1.199999999998908606e+00,-3.333333333339396631e-01,2.066666666667515528e+00,-1.666666666666060337e+00,-1.599999999998544808e+00,2.466666666665332741e+00,-7.733333333333575865e+00,-4.666666666653327411e-01,1.599999999998544808e+00,1.466666666667151731e+00,-8.399999999999636202e+00,4.800000000002910383e+00,-2.600000000002182787e+00,5.999999999985448085e-01,2.866666666668606922e+00,-6.266666666668243124e+00,1.399999999999636202e+00,-3.133333333331393078e+00,-3.600000000000363798e+00,-5.599999999998544808e+00,-1.933333333334303461e+00,5.399999999999636202e+00,-5.600000000000363798e+00,-4.000000000001818989e+00,-4.066666666667515528e+00,1.066666666667515528e+00,-1.066666666667515528e+00,-2.333333333332120674e+00,-9.333333333324844716e-01,-1.466666666665332741e+00,2.799999999999272404e+00,-1.333333333332120674e-01,-4.333333333333939663e+00,2.666666666666060337e+00
2.466666666667151731e+00,-9.333333333343034610e-01,-4.933333333334303461e+00,2.133333333331393078e+00,-2.333333333333939663e+00,-5.333333333310292801e-01,2.733333333333575865e+00,-3.800000000002910383e+00,6.666666666660603369e-01,1.933333333336122450e+00,-3.333333333339396631e-01,8.666666666667879326e-01,-2.133333333331393078e+00,5.466666666665332741e+00,8.666666666667879326e+00,9.199999999997089617e+00,1.333333333333393966e+01,1.426666666666824312e+01,1.179999999999927240e+01,1.306666666666751553e+01,8.799999999999272404e+00,1.059999999999854481e+01,2.033333333333393966e+01,1.166666666666787933e+01,9.333333333332120674e+00,1.380000000000109139e+01,1.339999999999963620e+01,1.126666666666824312e+01,5.866666666664968943e+00,7.733333333333575865e+00,3.133333333331393078e+00,-2.666666666664241347e-01,-2.199999999998908606e+00,2.266666666668243124e+00,4.000000000014551915e-01,-1.666666666667879326e+00,5.999999999985448085e-01,-7.266666666666424135e+00,-1.533333333334667259e+00,-5.999999999985448085e-01,-2.533333333332848269e+00,-3.066666666667515528e+00,2.866666666666787933e+00,3.333333333339396631e-01,-3.200000000000727596e+00,-6.133333333335031057e+00,1.666666666666060337e+00,-1.533333333331029280e+00,-6.666666666667879326e+00,-1.199999999998908606e+00,2.000000000000000000e+00,-4.866666666666787933e+00,-5.666666666666060337e+00,-1.933333333332484472e+00,-1.000000000001818989e+00,-2.266666666666424135e+00,-1.466666666667151731e+00,-8.666666666667879326e-01,-7.733333333331756876e+00,-2.533333333332848269e+00,3.666666666666060337e+00,-4.733333333331756876e+00,6.666666666387754958e-02,1.066666666667515528e+00,-4.399999999999636202e+00,-2.133333333331393078e+00,-2.133333333335031057e+00,2.666666666664241347e-01,6.666666666660603369e-01,-3.199999999998908606e+00,-6.666666666678793263e-01,-5.399999999999636202e+00,-1.800000000001091394e+00,2.733333333333575865e+00,-4.666666666671517305e-01,-3.599999999998544808e+00,-3.933333333334303461e+00,3.333333333339396631e-01,-4.399999999999636202e+00,6.666666666569653898e-02,-2.666666666682431241e-01,7.000000000000000000e+00,5.333333333333939663e+00,6.733333333335394855e+00,8.333333333332120674e+00,5.266666666668243124e+00,8.266666666666424135e+00,5.666666666667879326e+00,8.799999999999272404e+00,5.800000000001091394e+00,5.399999999997817213e+00,7.533333333332848269e+00,7.399999999997817213e+00,6.400000000003274181e+00,9.466666666665332741e+00,7.000000000000000000e+00,6.000000000003637979e-01,2.800000000002910383e+00,2.799999999997453415e+00,5.466666666668970720e+00,6.666666666666060337e+00,5.133333333333212067e+00,-3.333333333339396631e-01,8.133333333333212067e+00,2.733333333333575865e+00,3.799999999999272404e+00,4.266666666666424135e+00,1.000000000000000000e+00,2.000000000000000000e+00,9.333333333343034610e-01,3.933333333332484472e+00,1.399999999999636202e+00,4.533333333332848269e+00,-3.999999999978172127e-01,-2.533333333332848269e+00,-3.000000000001818989e+00,-1.666666666666060337e+00,-1.000000000000000000e+00,-3.000000000001818989e+00,-1.133333333333212067e+00,1.266666666668243124e+00,1.333333333332120674e-01,-1.066666666665696539e+00,7.333333333317568759e-01,-2.133333333333212067e+00,-7.999999999992724042e-01,-1.800000000001091394e+00,-1.666666666666060337e+00,-3.466666666667151731e+00,-5.066666666667515528e+00,-5.466666666665332741e+00,-6.866666666666787933e+00,-2.866666666666787933e+00,-3.200000000000727596e+00,-1.199999999998908606e+00,-2.400000000001455192e+00,-1.999999999998181011e+00,-2.666666666667879326e+00,3.000000000001818989e+00,1.000000000000000000e+00,-1.066666666667515528e+00,3.199999999997089617e+00,3.000000000001818989e+00,1.666666666666060337e+00,4.133333333333212067e+00,3.733333333333575865e+00,6.133333333333212067e+00,8.666666666667879326e-01,-9.999999999981810106e-01,-6.000000000021827873e-01,-2.266666666666424135e+00,-2.733333333331756876e+00,1.333333333350310568e-01,-2.866666666666787933e+00,3.333333333303016843e-01,-3.866666666666787933e+00,-2.333333333330301684e+00,-5.200000000002546585e+00,-2.666666666666060337e+00,-6.266666666666424135e+00,-1.266666666666424135e+00,-3.733333333333575865e+00,-1.133333333333212067e+00,-4.600000000000363798e+00,-4.533333333332848269e+00,-1.000000000000000000e+00,-1.800000000001091394e+00,-6.399999999999636202e+00,-5.266666666664605145e+00,-4.199999999998908606e+00,-1.333333333337577642e+00,-3.466666666667151731e+00,-2.666666666646051453e-01,-4.133333333335031057e+00,-6.666666666387754958e-02,-5.266666666666424135e+00,-4.133333333335031057e+00,-4.333333333332120674e+00,1.399999999997817213e+00,9.333333333343034610e-01,-1.866666666666787933e+00,2.266666666664605145e+00,-3.666666666664241347e+00,3.666666666666060337e+00,-2.733333333331756876e+00,-4.733333333333575865e+00,-1.933333333332484472e+00,-7.600000000000363798e+00,-2.066666666667515528e+00,-4.600000000000363798e+00,1.999999999989086064e-01,2.600000000000363798e+00,2.733333333333575865e+00,-2.333333333332120674e+00,-5.333333333335758653e+00,-2.799999999997453415e+00,-9.533333333334667259e+00,1.333333333335758653e+00,-9.933333333337941440e+00,-3.533333333331029280e+00,1.333333333332120674e+00,-2.466666666665332741e+00,2.866666666666787933e+00,-2.000000000000000000e+00,-1.866666666666787933e+00,-3.533333333332848269e+00,-1.333333333333939663e+00,-5.066666666665696539e+00,-3.933333333332484472e+00,2.933333333332484472e+00,-6.666666666660603369e-01,1.333333333333939663e+00,8.666666666649689432e-01,6.266666666668243124e+00,3.333333333321206737e-01,-3.600000000002182787e+00,-6.666666666569653898e-02,-4.733333333331756876e+00,1.933333333332484472e+00,1.133333333333212067e+00,-3.999999999996362021e-01,-8.666666666666060337e+00,-1.066666666667515528e+00,-3.000000000000000000e+00,-3.933333333334303461e+00,-2.399999999997817213e+00,9.333333333324844716e-01,-5.266666666668243124e+00,-3.266666666664605145e+00,-5.733333333335394855e+00,-1.999999999998181011e+00,-5.866666666666787933e+00,-1.266666666666424135e+00,-6.866666666666787933e+00,-4.133333333333212067e+00,-1.400000000001455192e+00,2.133333333335031057e+00,-3.533333333332848269e+00,-6.000000000003637979e-01,-1.600000000000363798e+00,-7.333333333335758653e-01,-2.666666666664241347e+00,-1.666666666669698316e+00,-5.666666666666060337e+00,3.266666666666424135e+00,-5.333333333346672589e-01,8.666666666667879326e-01,-1.533333333332848269e+00,1.333333333333939663e+00,1.999999999989086064e-01,-6.666666666667879326e+00,6.666666666933451779e-02,-8.000000000010913936e-01,5.333333333328482695e-01,-1.266666666664605145e+00,-2.000000000000000000e+00,-2.666666666666060337e+00,-1.818989403545856476e-12,-4.399999999999636202e+00,-3.600000000000363798e+00,-2.533333333332848269e+00,-2.866666666668606922e+00,-4.666666666664241347e+00,-1.600000000000363798e+00,-2.933333333334303461e+00,5.333333333346672589e-01,-5.733333333333575865e+00,5.333333333346672589e-01,-3.866666666668606922e+00,-2.199999999998908606e+00,-2.600000000000363798e+00,-1.733333333331756876e+00,-6.666666666660603369e-01,2.133333333331393078e+00,-2.600000000000363798e+00,1.466666666668970720e+00,-2.066666666667515528e+00,1.933333333332484472e+00,8.666666666667879326e-01,-1.533333333332848269e+00,-2.000000000025465852e-01,1.666666666667879326e+00,-2.866666666666787933e+00,2.666666666664241347e-01,-1.133333333333212067e+00,-3.133333333333212067e+00,-3.666666666667879326e+00,1.999999999989086064e-01,-9.333333333324844716e-01,-4.666666666653327411e-01,-6.733333333331756876e+00,-1.066666666669334518e+00,-4.733333333333575865e+00,-1.866666666664968943e+00,-1.333333333333939663e+00,-1.666666666666060337e+00,-1.266666666668243124e+00,-1.866666666666787933e+00,-3.866666666664968943e+00,-4.399999999999636202e+00,1.000000000000000000e+00,-1.399999999999636202e+00,-1.666666666666060337e+00,-3.000000000001818989e+00,-1.818989403545856476e-12,2.666666666700621136e-01,-4.000000000032741809e-01,-6.666666666642413475e-01,-2.600000000002182787e+00,1.733333333335394855e+00,-2.399999999999636202e+00,2.333333333333939663e+00,-2.733333333333575865e+00,1.599999999998544808e+00
-7.333333333317568759e-01,-2.399999999999636202e+00,3.333333333321206737e-01,-1.600000000000363798e+00,5.999999999985448085e-01,5.333333333346672589e-01,2.333333333330301684e+00,-4.533333333331029280e+00,4.866666666666787933e+00,-2.800000000001091394e+00,-4.599999999996725819e+00,1.600000000000363798e+00,5.533333333332848269e+00,2.733333333333575865e+00,1.079999999999927240e+01,1.626666666666460515e+01,1.720000000000072760e+01,1.693333333333248447e+01,1.759999999999854481e+01,2.033333333333393966e+01,2.100000000000181899e+01,1.939999999999781721e+01,2.293333333333248447e+01,1.240000000000327418e+01,1.826666666666642413e+01,2.006666666666569654e+01,2.100000000000000000e+01,1.760000000000036380e+01,1.413333333333503106e+01,5.733333333331756876e+00,3.666666666667879326e+00,-1.333333333350310568e-01,-3.133333333333212067e+00,-5.266666666666424135e+00,-4.200000000000727596e+00,-3.733333333331756876e+00,-9.933333333334303461e+00,-9.133333333335031057e+00,3.999999999996362021e-01,-4.733333333331756876e+00,-6.266666666666424135e+00,-7.799999999999272404e+00,-6.866666666664968943e+00,-3.133333333335031057e+00,-7.733333333333575865e+00,-8.533333333332848269e+00,-3.600000000002182787e+00,-1.866666666664968943e+00,-3.666666666667879326e+00,-1.800000000001091394e+00,-4.933333333332484472e+00,-4.666666666653327411e-01,1.466666666665332741e+00,-4.333333333332120674e+00,-5.066666666667515528e+00,-3.333333333333939663e+00,-4.133333333333212067e+00,-6.933333333330665482e+00,-5.733333333333575865e+00,-1.066666666665696539e+00,-3.800000000001091394e+00,-5.533333333334667259e+00,-3.666666666667879326e+00,-4.799999999999272404e+00,-6.466666666665332741e+00,3.333333333321206737e-01,-2.799999999999272404e+00,-4.466666666667151731e+00,-3.399999999999636202e+00,-2.800000000001091394e+00,1.200000000000727596e+00,-2.800000000001091394e+00,-3.999999999978172127e-01,-3.533333333336486248e+00,-8.666666666649689432e-01,2.133333333333212067e+00,-2.199999999997089617e+00,-3.333333333375776419e-01,2.266666666670062114e+00,1.000000000000000000e+00,-3.533333333332848269e+00,6.666666666660603369e-01,-1.400000000001455192e+00,1.933333333336122450e+00,7.999999999974534148e-01,-5.800000000002910383e+00,2.800000000001091394e+00,5.933333333336122450e+00,4.133333333333212067e+00,-2.933333333334303461e+00,-4.866666666666787933e+00,3.466666666667151731e+00,-1.199999999998908606e+00,1.933333333332484472e+00,-5.999999999985448085e-01,6.666666666660603369e-01,1.666666666664241347e+00,-4.666666666653327411e-01,-6.666666666660603369e-01,-2.066666666665696539e+00,3.399999999999636202e+00,1.866666666668606922e+00,-6.200000000002546585e+00,1.333333333332120674e-01,9.999999999981810106e-01,3.133333333336850046e+00,-2.933333333336122450e+00,2.000000000003637979e+00,-2.600000000002182787e+00,6.266666666666424135e+00,1.666666666666060337e+00,-6.666666666569653898e-02,2.066666666663877550e+00,9.333333333361224504e-01,6.533333333331029280e+00,1.000000000000181899e+01,1.093333333333248447e+01,1.713333333333321207e+01,1.473333333333357587e+01,2.026666666666460515e+01,1.753333333333284827e+01,2.026666666666824312e+01,1.253333333333466726e+01,1.706666666666569654e+01,1.506666666666751553e+01,9.600000000000363798e+00,1.653333333333466726e+01,1.280000000000109139e+01,1.079999999999927240e+01,1.073333333332993789e+01,5.066666666667515528e+00,-9.333333333324844716e-01,9.333333333343034610e-01,-2.933333333332484472e+00,-5.933333333332484472e+00,-5.733333333335394855e+00,-5.733333333335394855e+00,6.666666666569653898e-02,-3.333333333330301684e+00,-5.666666666667879326e+00,-2.666666666664241347e-01,-4.866666666666787933e+00,-1.799999999999272404e+00,-2.399999999999636202e+00,-6.066666666669334518e+00,-3.133333333333212067e+00,-6.866666666663149954e+00,-6.066666666667515528e+00,-4.733333333333575865e+00,-6.066666666669334518e+00,-8.666666666667879326e-01,-6.199999999998908606e+00,-6.666666666667879326e+00,-2.599999999998544808e+00,-5.266666666666424135e+00,-9.666666666664241347e+00,-5.600000000002182787e+00,-6.933333333332484472e+00,-1.866666666668606922e+00,-2.933333333332484472e+00,-2.200000000000727596e+00,-3.266666666664605145e+00,7.999999999992724042e-01,-6.066666666665696539e+00,1.333333333313930780e-01,-6.733333333333575865e+00,-3.266666666668243124e+00,-1.599999999998544808e+00,-1.206666666666751553e+01,-6.266666666666424135e+00,3.333333333339396631e-01,-3.933333333332484472e+00,-5.133333333329574089e+00,-8.200000000000727596e+00,-1.866666666666787933e+00,-8.733333333335394855e+00,-5.866666666666787933e+00,-9.200000000000727596e+00,-4.066666666665696539e+00,-5.733333333333575865e+00,-5.199999999998908606e+00,-3.533333333334667259e+00,-4.733333333333575865e+00,3.199999999998908606e+00,-2.266666666666424135e+00,-2.933333333332484472e+00,-8.666666666649689432e-01,-9.333333333361224504e-01,-3.466666666665332741e+00,-4.466666666667151731e+00,-2.066666666667515528e+00,4.666666666653327411e-01,-7.999999999974534148e-01,-1.933333333332484472e+00,-7.666666666666060337e+00,-2.266666666668243124e+00,-5.333333333332120674e+00,-4.866666666666787933e+00,-3.133333333336850046e+00,-3.399999999999636202e+00,-3.333333333330301684e+00,-4.800000000001091394e+00,-1.533333333334667259e+00,-1.733333333333575865e+00,-2.399999999999636202e+00,-4.666666666671517305e-01,-4.533333333332848269e+00,-5.466666666667151731e+00,-5.333333333333939663e+00,2.666666666682431241e-01,-2.199999999998908606e+00,1.333333333313930780e-01,-2.266666666666424135e+00,-3.600000000000363798e+00,-3.466666666665332741e+00,-2.066666666663877550e+00,-2.799999999999272404e+00,-1.333333333350310568e-01,-2.000000000000000000e+00,-3.133333333335031057e+00,-5.199999999998908606e+00,-4.399999999999636202e+00,-7.333333333335758653e-01,-8.666666666686069220e-01,-2.799999999999272404e+00,1.266666666668243124e+00,-4.200000000000727596e+00,1.933333333332484472e+00,-1.599999999998544808e+00,-6.200000000002546585e+00,1.933333333334303461e+00,-3.933333333334303461e+00,-6.799999999997453415e+00,-4.466666666667151731e+00,-5.933333333332484472e+00,2.666666666664241347e-01,6.666666666569653898e-02,-4.799999999999272404e+00,-1.133333333335031057e+00,1.818989403545856476e-12,-8.133333333335031057e+00,2.666666666682431241e-01,-7.399999999999636202e+00,-4.533333333332848269e+00,-9.333333333343034610e-01,-5.266666666666424135e+00,-2.666666666664241347e-01,-2.400000000003274181e+00,2.000000000000000000e+00,2.133333333335031057e+00,-3.466666666667151731e+00,-3.066666666665696539e+00,2.800000000001091394e+00,1.333333333332120674e-01,-3.600000000000363798e+00,-7.333333333335758653e-01,-3.466666666668970720e+00,-9.999999999981810106e-01,-4.533333333332848269e+00,-2.666666666664241347e-01,-3.133333333333212067e+00,1.266666666664605145e+00,2.000000000000000000e+00,-4.733333333335394855e+00,-3.999999999996362021e+00,-4.000000000000000000e+00,5.533333333332848269e+00,-6.066666666665696539e+00,-4.666666666671517305e-01,2.466666666667151731e+00,-6.666666666569653898e-02,-2.666666666682431241e-01,4.666666666653327411e-01,3.999999999996362021e-01,-1.066666666667515528e+00,-5.999999999985448085e-01,-1.133333333333212067e+00,-4.400000000001455192e+00,-1.999999999989086064e-01,-1.333333333333939663e+00,1.666666666669698316e+00,-9.466666666668970720e+00,-7.999999999992724042e-01,-6.000000000001818989e+00,-7.266666666664605145e+00,-3.333333333333939663e+00,-2.000000000000000000e+00,-8.000000000010913936e-01,-5.999999999985448085e-01,-2.666666666667879326e+00,-6.666666666751552839e-02,-6.066666666663877550e+00,-8.000000000010913936e-01,2.000000000007275958e-01,-1.066666666669334518e+00,-4.733333333329937886e+00,2.400000000001455192e+00,-5.333333333346672589e-01,4.066666666667515528e+00,2.466666666665332741e+00,7.333333333317568759e-01,-5.133333333333212067e+00,-2.800000000001091394e+00,2.399999999999636202e+00,3.000000000003637979e+00,-5.400000000001455192e+00,-2.533333333334667259e+00,-5.266666666664605145e+00,-1.199999999998908606e+00,-2.599999999998544808e+00,-3.800000000002910383e+00,-3.066666666667515528e+00,-4.000000000000000000e+00,-3.533333333334667259e+00
-2.733333333333575865e+00,-1.000000000000000000e+00,6.066666666667515528e+00,-1.000000000000000000e+00,-1.000000000000000000e+00,-6.666666666660603369e-01,-2.933333333334303461e+00,-6.666666666666060337e+00,-8.666666666667879326e-01,-1.400000000001455192e+00,2.666666666682431241e-01,2.000000000007275958e-01,-1.800000000001091394e+00,8.000000000010913936e-01,4.266666666666424135e+00,6.333333333332120674e+00,4.399999999999636202e+00,9.333333333335758653e+00,5.866666666666787933e+00,5.399999999999636202e+00,8.199999999998908606e+00,1.100000000000000000e+01,1.660000000000036380e+01,1.420000000000072760e+01,8.666666666666060337e+00,1.093333333333248447e+01,9.333333333330301684e+00,9.000000000003637979e+00,5.466666666667151731e+00,6.799999999999272404e+00,5.066666666667515528e+00,4.199999999998908606e+00,-1.933333333332484472e+00,3.933333333332484472e+00,2.866666666664968943e+00,8.666666666686069220e-01,-6.666666666569653898e-02,0.000000000000000000e+00,-3.933333333334303461e+00,-1.066666666667515528e+00,-2.333333333333939663e+00,-1.466666666665332741e+00,-4.133333333333212067e+00,2.399999999999636202e+00,1.000000000001818989e+00,-5.333333333335758653e+00,-9.999999999981810106e-01,8.666666666649689432e-01,-5.999999999998181011e+00,1.199999999998908606e+00,3.333333333339396631e-01,1.333333333330301684e+00,-4.199999999998908606e+00,8.000000000029103830e-01,5.333333333328482695e-01,-4.800000000001091394e+00,4.199999999998908606e+00,2.066666666667515528e+00,-2.533333333331029280e+00,-5.600000000002182787e+00,-1.466666666668970720e+00,-3.866666666664968943e+00,-2.799999999999272404e+00,6.666666666751552839e-02,-1.866666666666787933e+00,-3.066666666667515528e+00,-7.066666666667515528e+00,-2.133333333333212067e+00,-5.266666666666424135e+00,-6.666666666666060337e+00,1.199999999998908606e+00,-6.133333333333212067e+00,-4.733333333333575865e+00,-1.399999999997817213e+00,-2.466666666667151731e+00,-2.133333333335031057e+00,2.333333333333939663e+00,2.533333333334667259e+00,3.533333333332848269e+00,6.000000000003637979e-01,5.333333333328482695e-01,1.266666666666424135e+00,1.333333333332120674e-01,1.466666666667151731e+00,2.266666666666424135e+00,-1.333333333332120674e-01,-6.666666666569653898e-02,-1.266666666668243124e+00,2.666666666664241347e-01,1.133333333333212067e+00,-2.200000000000727596e+00,6.000000000021827873e-01,-3.999999999998181011e+00,-5.133333333336850046e+00,-2.466666666665332741e+00,-1.799999999999272404e+00,1.000000000000000000e+00,1.133333333333212067e+00,9.333333333324844716e-01,4.600000000002182787e+00,9.999999999981810106e-01,-6.666666666751552839e-02,4.733333333333575865e+00,2.733333333333575865e+00,1.933333333332484472e+00,7.000000000000000000e+00,4.000000000032741809e-01,2.599999999998544808e+00,1.326666666666642413e+01,1.019999999999890861e+01,1.126666666666824312e+01,6.866666666666787933e+00,7.266666666664605145e+00,1.040000000000145519e+01,5.600000000002182787e+00,1.106666666666387755e+01,7.800000000001091394e+00,5.066666666665696539e+00,8.733333333331756876e+00,6.466666666667151731e+00,7.066666666667515528e+00,1.053333333333284827e+01,4.733333333333575865e+00,-5.866666666666787933e+00,-5.533333333332848269e+00,-3.800000000002910383e+00,9.333333333343034610e-01,6.666666666751552839e-02,-6.533333333331029280e+00,2.666666666682431241e-01,-5.733333333333575865e+00,7.999999999974534148e-01,-3.333333333321206737e-01,-3.066666666667515528e+00,-2.666666666646051453e-01,-1.866666666668606922e+00,-4.000000000000000000e+00,-2.599999999998544808e+00,3.733333333331756876e+00,1.000000000000000000e+00,-3.133333333335031057e+00,-8.666666666649689432e-01,-2.399999999999636202e+00,-8.666666666667879326e-01,-5.866666666664968943e+00,-2.000000000007275958e-01,-5.533333333334667259e+00,-1.999999999998181011e+00,-4.800000000002910383e+00,-3.799999999999272404e+00,-6.133333333335031057e+00,-2.799999999999272404e+00,-2.466666666663513752e+00,-8.200000000002546585e+00,-4.000000000001818989e+00,-2.933333333332484472e+00,-7.000000000000000000e+00,-5.600000000000363798e+00,-4.866666666664968943e+00,-4.533333333332848269e+00,-4.066666666667515528e+00,-9.333333333324844716e-01,-1.266666666666424135e+00,-9.333333333324844716e-01,-4.466666666667151731e+00,3.333333333321206737e-01,-6.400000000001455192e+00,4.666666666689707199e-01,6.666666666660603369e-01,-2.266666666666424135e+00,-1.933333333334303461e+00,-1.599999999998544808e+00,1.999999999989086064e-01,3.199999999998908606e+00,-1.066666666665696539e+00,-6.666666666660603369e-01,-3.066666666665696539e+00,-2.466666666667151731e+00,-4.933333333334303461e+00,-5.466666666667151731e+00,-3.933333333332484472e+00,8.666666666649689432e-01,-1.933333333332484472e+00,-4.400000000001455192e+00,-4.466666666665332741e+00,-2.866666666668606922e+00,-2.466666666663513752e+00,-4.133333333333212067e+00,-5.399999999999636202e+00,-3.200000000000727596e+00,-2.866666666666787933e+00,-6.466666666667151731e+00,-3.599999999998544808e+00,1.866666666666787933e+00,1.066666666665696539e+00,-1.666666666667879326e+00,-2.266666666668243124e+00,-3.000000000000000000e+00,6.666666666696983157e-01,2.066666666665696539e+00,-1.199999999998908606e+00,-1.399999999999636202e+00,-1.933333333332484472e+00,-1.199999999998908606e+00,-9.333333333379414398e-01,7.333333333353948547e-01,1.333333333332120674e-01,-4.933333333332484472e+00,-6.666666666569653898e-02,2.133333333333212067e+00,-2.866666666668606922e+00,-1.199999999998908606e+00,2.199999999998908606e+00,1.199999999998908606e+00,-4.733333333333575865e+00,0.000000000000000000e+00,-1.933333333330665482e+00,3.333333333330301684e+00,1.133333333335031057e+00,-2.866666666666787933e+00,-2.200000000000727596e+00,1.600000000000363798e+00,2.000000000001818989e+00,-4.000000000000000000e+00,-2.333333333333939663e+00,1.266666666666424135e+00,-3.733333333333575865e+00,-8.133333333333212067e+00,-6.733333333333575865e+00,-1.133333333333212067e+00,-2.800000000001091394e+00,3.666666666666060337e+00,-3.666666666666060337e+00,-5.666666666666060337e+00,-1.666666666666060337e+00,-4.266666666668243124e+00,-1.733333333331756876e+00,6.666666666569653898e-02,-7.000000000000000000e+00,-5.333333333332120674e+00,6.000000000003637979e-01,-3.466666666667151731e+00,1.133333333333212067e+00,-3.400000000001455192e+00,1.000000000000000000e+00,-6.666666666569653898e-02,-4.866666666666787933e+00,-2.799999999999272404e+00,-1.466666666667151731e+00,3.133333333333212067e+00,2.266666666664605145e+00,3.066666666669334518e+00,-2.666666666667879326e+00,2.933333333336122450e+00,1.799999999999272404e+00,-2.600000000000363798e+00,-2.666666666664241347e-01,-5.000000000000000000e+00,2.466666666665332741e+00,-4.200000000000727596e+00,2.799999999999272404e+00,-9.333333333324844716e-01,7.333333333353948547e-01,-3.333333333321206737e-01,-2.133333333335031057e+00,-2.266666666668243124e+00,-7.599999999998544808e+00,-6.733333333333575865e+00,-1.466666666667151731e+00,-8.666666666667879326e-01,-3.333333333333939663e+00,-2.000000000007275958e-01,4.133333333333212067e+00,1.818989403545856476e-12,3.933333333334303461e+00,-2.666666666667879326e+00,-4.799999999999272404e+00,-3.333333333332120674e+00,0.000000000000000000e+00,2.066666666663877550e+00,-5.333333333328482695e-01,1.200000000000727596e+00,4.999999999998181011e+00,1.400000000001455192e+00,-2.666666666664241347e-01,-1.666666666667879326e+00,5.333333333364862483e-01,-7.999999999992724042e-01,3.866666666664968943e+00,-2.733333333335394855e+00,-1.799999999999272404e+00,4.933333333332484472e+00,5.333333333346672589e-01,6.000000000003637979e-01,-4.800000000001091394e+00,2.666666666664241347e-01,-2.666666666682431241e-01,1.000000000001818989e+00,-1.600000000000363798e+00,7.333333333335758653e-01,-3.133333333335031057e+00,7.333333333335758653e-01,6.666666666678793263e-01,-6.000000000000000000e+00,-3.399999999997817213e+00,-1.666666666667879326e+00,-3.399999999999636202e+00,-1.199999999998908606e+00,-6.733333333333575865e+00,-3.333333333333939663e+00,-2.066666666667515528e+00,-2.666666666646051453e-01,-2.600000000002182787e+00,8.666666666667879326e-01
